   1.0000000000000000E-004   1000000.0000000000     
   1.0000000000000000E-004   1000000.0000000000     
   1.0000000000000000E-004   1000000.0000000000     
   1.0000000000000000E-004   1000000.0000000000     
   1.0000000000000000E-004   1000000.0000000000     
   1.0000000000000000E-004   1000000.0000000000     
   1.0000000000000000E-004   1000000.0000000000     
   1.0000000000000000E-004   1000000.0000000000     
   1.0000000000000000E-004   1000000.0000000000     
   1.0000000000000000E-004   1000000.0000000000     
   1.0000000000000000E-004   1000000.0000000000     
   1.0000000000000000E-004   1000000.0000000000     
   1.0000000000000000E-004   1000000.0000000000     
   1.0000000000000000E-004   1000000.0000000000     
   1.0000000000000000E-004   1000000.0000000000     
   1.5852708123785743E-003  -56.247446431682505     
   1.9059017440588898E-003  -58.631955811926446     
   2.2913822860060702E-003  -56.595004593112201     
   2.7548286772857730E-003  -47.835862928580113     
   3.3120099983071894E-003  -21.509610709622137     
   3.3120099983071894E-003  -21.509610709622137     
   3.3120099983071894E-003  -21.509610709622137     
   3.3120099983071894E-003  -21.509610709622137     
   3.3120099983071894E-003  -21.509610709622137     
   3.3120099983071894E-003  -21.509610709622137     
   3.3120099983071894E-003  -21.509610709622137     
   3.3120099983071894E-003  -21.509610709622137     
   3.3120099983071894E-003  -21.509610709622137     
   3.3120099983071894E-003  -21.509610709622137     
   3.3120099983071894E-003  -21.509610709622137     
   3.3120099983071894E-003  -21.509610709622137     
   3.3120099983071894E-003  -21.509610709622137     
   3.3120099983071894E-003  -21.509610709622137     
   3.3120099983071894E-003  -21.509610709622137     
   3.3120099983071894E-003  -21.509610709622137     
   3.3120099983071894E-003  -21.509610709622137     
   3.3120099983071894E-003  -21.509610709622137     
   3.3120099983071894E-003  -21.509610709622137     
   3.3120099983071894E-003  -21.509610709622137     
   3.3120099983071894E-003  -21.509610709622137     
   3.3120099983071894E-003  -21.509610709622137     
   3.3120099983071894E-003  -21.509610709622137     
   3.3120099983071894E-003  -21.509610709622137     
   3.3120099983071894E-003  -21.509610709622137     
   3.3120099983071894E-003  -21.509610709622137     
   3.3120099983071894E-003  -21.509610709622137     
   3.3120099983071894E-003  -21.509610709622137     
   3.3120099983071894E-003  -21.509610709622137     
   3.3120099983071894E-003  -21.509610709622137     
   3.3120099983071894E-003  -21.509610709622137     
   3.3120099983071894E-003  -21.509610709622137     
