   6.8077428705258236E-002   2.1538461538461538E-003   596.70983532816115     
   7.1220723408232281E-002   2.1538461538461538E-003   574.29533967035456     
   7.4429404772449650E-002   2.1538461538461538E-003   554.75769743960586     
   7.7702983490304176E-002   2.1538461538461538E-003   538.35034562438875     
   8.1040960357672956E-002   2.1538461538461538E-003   525.33490157733320     
   8.4442826350042507E-002   2.1538461538461538E-003   515.98134714877392     
   8.7908062700132419E-002   2.1538461538461538E-003   510.56821922094065     
   9.1436140977004560E-002   2.1538461538461538E-003   509.38280682077345     
   9.5026523166646296E-002   2.1538461538461538E-003   512.72135499645822     
   9.8678661754014921E-002   2.1538461538461538E-003   520.88927564969003     
  0.10239199980653067        2.1538461538461538E-003   534.20136552302108     
  0.10616597105900641        2.1538461538461538E-003   552.98203154922896     
  0.10999999999999999        2.1538461538461538E-003   577.56552377734397     
  
   6.8077428705258236E-002   2.2076923076923076E-003   584.06533358504794     
   7.1220723408232281E-002   2.2076923076923076E-003   561.54412227958119     
   7.4429404772449650E-002   2.2076923076923076E-003   541.94836165417121     
   7.7702983490304176E-002   2.2076923076923076E-003   525.53572983155129     
   8.1040960357672956E-002   2.2076923076923076E-003   512.57227171991269     
   8.4442826350042507E-002   2.2076923076923076E-003   503.33259037733274     
   8.7908062700132419E-002   2.2076923076923076E-003   498.10004507782099     
   9.1436140977004560E-002   2.2076923076923076E-003   497.16695626868096     
   9.5026523166646296E-002   2.2076923076923076E-003   500.83481761603423     
   9.8678661754014921E-002   2.2076923076923076E-003   509.41451534317451     
  0.10239199980653067        2.2076923076923076E-003   523.22655507412890     
  0.10616597105900641        2.2076923076923076E-003   542.60129640301579     
  0.10999999999999999        2.2076923076923076E-003   567.87919541816836     
  
   6.8077428705258236E-002   2.2615384615384615E-003   573.93635901503910     
   7.1220723408232281E-002   2.2615384615384615E-003   551.36126577350717     
   7.4429404772449650E-002   2.2615384615384615E-003   531.75480574508288     
   7.7702983490304176E-002   2.2615384615384615E-003   515.37837918687671     
   8.1040960357672956E-002   2.2615384615384615E-003   502.50192010082225     
   8.4442826350042507E-002   2.2615384615384615E-003   493.40409422749218     
   8.7908062700132419E-002   2.2615384615384615E-003   488.37250401946034     
   9.1436140977004560E-002   2.2615384615384615E-003   487.70390079439818     
   9.5026523166646296E-002   2.2615384615384615E-003   491.70440427620673     
   9.8678661754014921E-002   2.2615384615384615E-003   500.68972974023416     
  0.10239199980653067        2.2615384615384615E-003   514.98542298734651     
  0.10616597105900641        2.2615384615384615E-003   534.92710338009033     
  0.10999999999999999        2.2615384615384615E-003   560.86071518331607     
  
   6.8077428705258236E-002   2.3153846153846154E-003   566.43312805104415     
   7.1220723408232281E-002   2.3153846153846154E-003   543.86777514029711     
   7.4429404772449650E-002   2.3153846153846154E-003   524.30960366332715     
   7.7702983490304176E-002   2.3153846153846154E-003   508.02325480518795     
   8.1040960357672956E-002   2.3153846153846154E-003   495.28205200939783     
   8.4442826350042507E-002   2.3153846153846154E-003   486.36820501141256     
   8.7908062700132419E-002   2.3153846153846154E-003   481.57302110661652     
   9.1436140977004560E-002   2.3153846153846154E-003   481.19712386297869     
   9.5026523166646296E-002   2.3153846153846154E-003   485.55067949686406     
   9.8678661754014921E-002   2.3153846153846154E-003   494.95363113911367     
  0.10239199980653067        2.3153846153846154E-003   509.73594122721124     
  0.10616597105900641        2.3153846153846154E-003   530.23784226886573     
  0.10999999999999999        2.3153846153846154E-003   556.81009623154580     
  
   6.8077428705258236E-002   2.3692307692307693E-003   561.64202387629382     
   7.1220723408232281E-002   2.3692307692307693E-003   539.15938544437699     
   7.4429404772449650E-002   2.3692307692307693E-003   519.71856176794404     
   7.7702983490304176E-002   2.3692307692307693E-003   503.58698981687911     
   8.1040960357672956E-002   2.3692307692307693E-003   491.04091988862922     
   8.4442826350042507E-002   2.3692307692307693E-003   482.36562510565477     
   8.7908062700132419E-002   2.3692307692307693E-003   477.85561837998659     
   9.1436140977004560E-002   2.3692307692307693E-003   477.81487706413014     
   9.5026523166646296E-002   2.3692307692307693E-003   482.55707551637062     
   9.8678661754014921E-002   2.3692307692307693E-003   492.40582581754370     
  0.10239199980653067        2.3692307692307693E-003   507.69492688564685     
  0.10616597105900641        2.3692307692307693E-003   528.76862224440504     
  0.10999999999999999        2.3692307692307693E-003   555.98186671193321     
  
   6.8077428705258236E-002   2.4230769230769228E-003   559.62362270950405     
   7.1220723408232281E-002   2.4230769230769228E-003   537.30435071475995     
   7.4429404772449650E-002   2.4230769230769228E-003   518.05825099586275     
   7.7702983490304176E-002   2.4230769230769228E-003   502.15514449063591     
   8.1040960357672956E-002   2.4230769230769228E-003   489.87378004436380     
   8.4442826350042507E-002   2.4230769230769228E-003   481.50204881124415     
   8.7908062700132419E-002   2.4230769230769228E-003   477.33720633361906     
   9.1436140977004560E-002   2.4230769230769228E-003   477.68610252664172     
   9.5026523166646296E-002   2.4230769230769228E-003   482.86541980527909     
   9.8678661754014921E-002   2.4230769230769228E-003   493.20191959978922     
  0.10239199980653067        2.4230769230769228E-003   509.03269751575522     
  0.10616597105900641        2.4230769230769228E-003   530.70544740476782     
  0.10999999999999999        2.4230769230769228E-003   558.57873462241059     
  
   6.8077428705258236E-002   2.4769230769230771E-003   560.41170031226920     
   7.1220723408232281E-002   2.4769230769230771E-003   538.34230688098398     
   7.4429404772449650E-002   2.4769230769230771E-003   519.37471377423367     
   7.7702983490304176E-002   2.4769230769230771E-003   503.78074402431275     
   8.1040960357672956E-002   2.4769230769230771E-003   491.84124755347591     
   8.4442826350042507E-002   2.4769230769230771E-003   483.84631993615437     
   8.7908062700132419E-002   2.4769230769230771E-003   480.09552902848793     
   9.1436140977004560E-002   2.4769230769230771E-003   480.89814970047200     
   9.5026523166646296E-002   2.4769230769230771E-003   486.57340691571869     
   9.8678661754014921E-002   2.4769230769230771E-003   497.45072741330142     
  0.10239199980653067        2.4769230769230771E-003   513.87000025653060     
  0.10616597105900641        2.4769230769230771E-003   536.18184652401919     
  0.10999999999999999        2.4769230769230771E-003   564.74789842921859     
  
   6.8077428705258236E-002   2.5307692307692305E-003   564.01317701919061     
   7.1220723408232281E-002   2.5307692307692305E-003   542.28416252947648     
   7.4429404772449650E-002   2.5307692307692305E-003   523.68329446750192     
   7.7702983490304176E-002   2.5307692307692305E-003   508.48404232314192     
   8.1040960357672956E-002   2.5307692307692305E-003   496.96898668180614     
   8.4442826350042507E-002   2.5307692307692305E-003   489.43004182215537     
   8.7908062700132419E-002   2.5307692307692305E-003   486.16868635005380     
   9.1436140977004560E-002   2.5307692307692305E-003   487.49620211142678     
   9.5026523166646296E-002   2.5307692307692305E-003   493.73392163586652     
   9.8678661754014921E-002   2.5307692307692305E-003   505.21348437339014     
  0.10239199980653067        2.5307692307692305E-003   522.27710199714636     
  0.10616597105900641        2.5307692307692305E-003   545.27783305565504     
  0.10999999999999999        2.5307692307692305E-003   574.57986726969989     
  
   6.8077428705258236E-002   2.5846153846153844E-003   570.40891966764616     
   7.1220723408232281E-002   2.5846153846153844E-003   549.11292753702571     
   7.4429404772449650E-002   2.5846153846153844E-003   530.96949438512911     
   7.7702983490304176E-002   2.5846153846153844E-003   516.25340299938125     
   8.1040960357672956E-002   2.5846153846153844E-003   505.24861744047394     
   8.4442826350042507E-002   2.5846153846153844E-003   498.24850896900011     
   8.7908062700132419E-002   2.5846153846153844E-003   495.55609015794579     
   9.1436140977004560E-002   2.5846153846153844E-003   497.48425743961741     
   9.5026523166646296E-002   2.5846153846153844E-003   504.35604234568035     
   9.8678661754014921E-002   2.5846153846153844E-003   516.50487170950885     
  0.10239199980653067        2.5846153846153844E-003   534.27483711089565     
  0.10616597105900641        2.5846153846153844E-003   558.02097385431864     
  0.10999999999999999        2.5846153846153844E-003   588.10954978379254     
  
   6.8077428705258236E-002   2.6384615384615383E-003   579.55528763440361     
   7.1220723408232281E-002   2.6384615384615383E-003   558.78535563538685     
   7.4429404772449650E-002   2.6384615384615383E-003   541.19071536692149     
   7.7702983490304176E-002   2.6384615384615383E-003   527.04714863533741     
   8.1040960357672956E-002   2.6384615384615383E-003   516.63967535172287     
   8.4442826350042507E-002   2.6384615384615383E-003   510.26278230116355     
   8.7908062700132419E-002   2.6384615384615383E-003   508.22066022831712     
   9.1436140977004560E-002   2.6384615384615383E-003   510.82744949351383     
   9.5026523166646296E-002   2.6384615384615383E-003   518.40749456409549     
   9.8678661754014921E-002   2.6384615384615383E-003   531.29560761626988     
  0.10239199980653067        2.6384615384615383E-003   549.83734153415276     
  0.10616597105900641        2.6384615384615383E-003   574.38927260393666     
  0.10999999999999999        2.6384615384615383E-003   605.31929321339464     
  
   6.8077428705258236E-002   2.6923076923076922E-003   591.38628824733917     
   7.1220723408232281E-002   2.6923076923076922E-003   571.23425314719441     
   7.4429404772449650E-002   2.6923076923076922E-003   554.27873018026480     
   7.7702983490304176E-002   2.6923076923076922E-003   540.79620150514916     
   8.1040960357672956E-002   2.6923076923076922E-003   531.07243149198382     
   8.4442826350042507E-002   2.6923076923076922E-003   525.40269786865497     
   8.7908062700132419E-002   2.6923076923076922E-003   524.09203129572245     
   9.1436140977004560E-002   2.6923076923076922E-003   527.45546362926734     
   9.5026523166646296E-002   2.6923076923076922E-003   535.81828514167682     
   9.8678661754014921E-002   2.6923076923076922E-003   549.51631098120697     
  0.10239199980653067        2.6923076923076922E-003   568.89615716276933     
  0.10616597105900641        2.6923076923076922E-003   594.31552639398137     
  0.10999999999999999        2.6923076923076922E-003   626.14350405315975     
  
   6.8077428705258236E-002   2.7461538461538461E-003   605.81619403959621     
   7.1220723408232281E-002   2.7461538461538461E-003   586.37129236225326     
   7.4429404772449650E-002   2.7461538461538461E-003   570.14270319346463     
   7.7702983490304176E-002   2.7461538461538461E-003   557.40732315844707     
   8.1040960357672956E-002   2.7461538461538461E-003   548.45136304486846     
   8.4442826350042507E-002   2.7461538461538461E-003   543.57058088198926     
   8.7908062700132419E-002   2.7461538461538461E-003   543.07052354351049     
   9.1436140977004560E-002   2.7461538461538461E-003   547.26677713795948     
   9.5026523166646296E-002   2.7461538461538461E-003   556.48522646109336     
   9.8678661754014921E-002   2.7461538461538461E-003   571.06232379633889     
  0.10239199980653067        2.7461538461538461E-003   591.34536736055975     
  0.10616597105900641        2.7461538461538461E-003   617.69278970483629     
  0.10999999999999999        2.7461538461538461E-003   650.47445639249213     
  
   6.8077428705258236E-002   2.8000000000000000E-003   622.74247010203487     
   7.1220723408232281E-002   2.8000000000000000E-003   604.09016364893978     
   7.4429404772449650E-002   2.8000000000000000E-003   588.67258027961918     
   7.7702983490304176E-002   2.8000000000000000E-003   576.76675565545429     
   8.1040960357672956E-002   2.8000000000000000E-003   568.65905991922966     
   8.4442826350042507E-002   2.8000000000000000E-003   564.64543228508751     
   8.7908062700132419E-002   2.8000000000000000E-003   565.03162423071467     
   9.1436140977004560E-002   2.8000000000000000E-003   570.13345155958734     
   9.5026523166646296E-002   2.8000000000000000E-003   580.27705561176072     
   9.8678661754014921E-002   2.8000000000000000E-003   595.79917391350659     
  0.10239199980653067        2.8000000000000000E-003   617.04742056759596     
  0.10616597105900641        2.8000000000000000E-003   644.38057669881096     
  0.10999999999999999        2.8000000000000000E-003   678.16889128160335     
  
