   2.6839185526066789E-002   26.507062915910467       0.65000000000000002     
  0.14833259786925534        1.4399879007864484       0.65000000000000002     
  0.26982601021244390       0.54612321032466582       0.65000000000000002     
  0.99878648427157479        2.7224894131881427       0.65000000000000002     
   1.0473838492088503        1.5798971566848223       0.65000000000000002     
  0.87729307192838624       0.39066848154870115       0.65000000000000002     
   1.7763443232679816        2.2094888082274764       0.65000000000000002     
   1.6062535459875176        1.3233968542044749       0.65000000000000002     
   2.4567074323898370        3.3443083282920014       0.65000000000000002     
   2.2137206077034599        2.2561252268602630       0.65000000000000002     
   3.0236766899913836        3.0333988707400721       0.65000000000000002     
   14.180821723507529        14.614776164549312       0.65000000000000002     
   14.849035491395069        15.372617967332118       0.65000000000000002     
   14.727542079051878        14.614776164549312       0.65000000000000002     
   15.395755846939418        16.130459770114939       0.65000000000000002     
   15.577995965454198        15.392049808429121       0.65000000000000002     
   16.063969614826952        72.910299455535380       0.65000000000000002     
   16.063969614826952        72.288480540431536       0.65000000000000002     
   16.063969614826952        16.946597096188754       0.65000000000000002     
   16.063969614826952        16.052732405726971       0.65000000000000002     
   16.873925697114874        72.443935269207486       0.65000000000000002     
   16.853676795057677        17.354665759225654       0.65000000000000002     
   16.630938872428498        16.596823956442833       0.65000000000000002     
   17.278903738258837        18.267962290784439       0.65000000000000002     
   17.582637269116809        72.852003932244401       0.65000000000000002     
   17.521890562945213        71.977571082879606       0.65000000000000002     
   17.521890562945213        17.646143375680580       0.65000000000000002     
   18.056461577255245        75.335393224440409       0.65000000000000002     
   18.007864212317969        74.387119378907030       0.65000000000000002     
   18.007864212317969        73.687573099415204       0.65000000000000002     
   18.056461577255245        71.138115547489406       0.65000000000000002     
   18.056461577255245        21.283784029038117       0.65000000000000002     
   18.056461577255245        18.578871748336354       0.65000000000000002     
   18.311597743175938        72.852003932244401       0.65000000000000002     
   18.250851037004345        72.055298447267589       0.65000000000000002     
   18.250851037004345        70.384160112925983       0.65000000000000002     
   18.250851037004345        22.698422060899375       0.65000000000000002     
   18.311597743175938        20.269441923774949       0.65000000000000002     
   18.250851037004345        19.433872756604160       0.65000000000000002     
   18.736824686377098        75.941666666666663       0.65000000000000002     
   18.736824686377098        75.242120387174822       0.65000000000000002     
   18.736824686377098        74.542574107682995       0.65000000000000002     
   18.736824686377098        73.843027828191168       0.65000000000000002     
   18.736824686377098        71.044842710223833       0.65000000000000002     
   18.736824686377098        22.076603145795517       0.65000000000000002     
   18.736824686377098        21.377056866303690       0.65000000000000002     
   18.676077980205505        18.491428463399885       0.65000000000000002     
   19.040558217235070        73.201777071990307       0.65000000000000002     
   18.979811511063478        72.366207904819504       0.65000000000000002     
   18.979811511063478        71.666661625327677       0.65000000000000002     
   19.040558217235070        70.403591954022971       0.65000000000000002     
   18.979811511063478        69.568022786852168       0.65000000000000002     
   18.979811511063478        68.868476507360356       0.65000000000000002     
   18.931214146126198        68.013475499092550       0.65000000000000002     
   18.979811511063478        24.175241984271025       0.65000000000000002     
   18.979811511063478        23.475695704779184       0.65000000000000002     
   18.979811511063478        22.776149425287358       0.65000000000000002     
   18.979811511063478        20.677510586811863       0.65000000000000002     
   19.040558217235070        19.861373260738048       0.65000000000000002     
   19.514382525373506        76.314758015728970       0.65000000000000002     
   19.465785160436230        75.397575115950787       0.65000000000000002     
   19.465785160436230        74.698028836458946       0.65000000000000002     
   19.465785160436230        73.998482556967119       0.65000000000000002     
   19.465785160436230        22.076603145795517       0.65000000000000002     
   19.465785160436230        21.377056866303690       0.65000000000000002     
   19.465785160436230        18.695462794918328       0.65000000000000002     
   19.708771985122606        73.143481548699327       0.65000000000000002     
   19.708771985122606        72.443935269207486       0.65000000000000002     
   19.708771985122606        71.744388989715659       0.65000000000000002     
   19.708771985122606        71.044842710223833       0.65000000000000002     
   19.708771985122606        70.345296430731992       0.65000000000000002     
   19.708771985122606        69.645750151240165       0.65000000000000002     
   19.708771985122606        68.946203871748338       0.65000000000000002     
   19.708771985122606        68.013475499092550       0.65000000000000002     
   19.769518691294202        24.116946460980031       0.65000000000000002     
   19.708771985122606        23.320240976003220       0.65000000000000002     
   19.708771985122606        22.620694696511393       0.65000000000000002     
   19.769518691294202        20.677510586811863       0.65000000000000002     
   19.769518691294202        19.220122504537201       0.65000000000000002     
   20.194745634495362        76.641212946158490       0.65000000000000002     
   20.194745634495362        75.941666666666663       0.65000000000000002     
   20.194745634495362        75.242120387174822       0.65000000000000002     
   20.194745634495362        74.542574107682995       0.65000000000000002     
   20.194745634495362        73.843027828191168       0.65000000000000002     
   20.243342999432638        21.703511796733210       0.65000000000000002     
   20.437732459181738        73.143481548699327       0.65000000000000002     
   20.437732459181738        72.443935269207486       0.65000000000000002     
   20.437732459181738        71.744388989715659       0.65000000000000002     
   20.437732459181738        71.044842710223833       0.65000000000000002     
   20.437732459181738        70.345296430731992       0.65000000000000002     
   20.437732459181738        69.645750151240165       0.65000000000000002     
   20.437732459181738        68.946203871748338       0.65000000000000002     
   20.437732459181738        68.013475499092550       0.65000000000000002     
   20.498479165353331        24.116946460980031       0.65000000000000002     
   20.437732459181738        23.320240976003220       0.65000000000000002     
   20.437732459181738        22.620694696511393       0.65000000000000002     
   20.498479165353331        19.919668784029042       0.65000000000000002     
   20.437732459181738        19.122963299052230       0.65000000000000002     
   20.437732459181738        18.578871748336354       0.65000000000000002     
   20.984452814726087        76.582917422867510       0.65000000000000002     
   20.923706108554491        75.786211937890698       0.65000000000000002     
   20.923706108554491        75.086665658398857       0.65000000000000002     
   20.923706108554491        74.387119378907030       0.65000000000000002     
   20.923706108554491        73.687573099415204       0.65000000000000002     
   20.923706108554491        21.765693688243601       0.65000000000000002     
   20.923706108554491        20.910692679975796       0.65000000000000002     
   21.227439639412463        72.968594978826360       0.65000000000000002     
   21.166692933240871        72.133025811655557       0.65000000000000002     
   21.166692933240871        71.433479532163730       0.65000000000000002     
   21.166692933240871        70.733933252671903       0.65000000000000002     
   21.166692933240871        70.034386973180062       0.65000000000000002     
   21.166692933240871        69.334840693688236       0.65000000000000002     
   21.166692933240871        68.635294414196409       0.65000000000000002     
   21.105946227069275        67.955179975801570       0.65000000000000002     
   21.166692933240871        24.408424077434972       0.65000000000000002     
   21.166692933240871        23.708877797943131       0.65000000000000002     
   21.166692933240871        23.009331518451305       0.65000000000000002     
   21.166692933240871        22.309785238959464       0.65000000000000002     
   21.166692933240871        20.211146400483969       0.65000000000000002     
   21.166692933240871        19.511600120992142       0.65000000000000002     
   21.118095568303595        18.625508166969141       0.65000000000000002     
   21.713413288785219        76.816099516031443       0.65000000000000002     
   21.652666582613623        76.019394031054645       0.65000000000000002     
   21.652666582613623        75.319847751562804       0.65000000000000002     
   21.652666582613623        74.620301472070977       0.65000000000000002     
   21.652666582613623        73.920755192579151       0.65000000000000002     
   21.652666582613623        21.610238959467637       0.65000000000000002     
   21.652666582613623        20.910692679975796       0.65000000000000002     
   21.956400113471595        73.201777071990307       0.65000000000000002     
   21.895653407299999        72.366207904819504       0.65000000000000002     
   21.895653407299999        71.666661625327677       0.65000000000000002     
   21.895653407299999        70.967115345835850       0.65000000000000002     
   21.895653407299999        70.267569066344009       0.65000000000000002     
   21.895653407299999        69.568022786852168       0.65000000000000002     
   21.895653407299999        68.868476507360356       0.65000000000000002     
   21.895653407299999        68.168930227868515       0.65000000000000002     
   21.652666582613623        67.896884452510591       0.65000000000000002     
   21.895653407299999        24.408424077434972       0.65000000000000002     
   21.895653407299999        23.708877797943131       0.65000000000000002     
   21.834906701128407        22.921888233514821       0.65000000000000002     
   21.895653407299999        20.211146400483969       0.65000000000000002     
   21.895653407299999        19.511600120992142       0.65000000000000002     
   21.895653407299999        18.812053841500301       0.65000000000000002     
   22.138640231986379        22.309785238959464       0.65000000000000002     
   22.381627056672755        77.107577132486384       0.65000000000000002     
   22.381627056672755        76.408030852994543       0.65000000000000002     
   22.381627056672755        75.708484573502716       0.65000000000000002     
   22.381627056672755        75.008938294010875       0.65000000000000002     
   22.381627056672755        74.309392014519048       0.65000000000000002     
   22.381627056672755        21.610238959467637       0.65000000000000002     
   22.381627056672755        20.910692679975796       0.65000000000000002     
   22.624613881359132        73.609845735027221       0.65000000000000002     
   22.624613881359132        72.910299455535380       0.65000000000000002     
   22.624613881359132        72.210753176043553       0.65000000000000002     
   22.624613881359132        71.511206896551727       0.65000000000000002     
   22.624613881359132        70.811660617059886       0.65000000000000002     
   22.624613881359132        70.112114337568045       0.65000000000000002     
   22.624613881359132        69.412568058076218       0.65000000000000002     
   22.624613881359132        68.713021778584391       0.65000000000000002     
   22.503120469015943        68.013475499092550       0.65000000000000002     
   22.624613881359132        24.408424077434972       0.65000000000000002     
   22.624613881359132        23.747741480137122       0.65000000000000002     
   22.624613881359132        23.048195200645296       0.65000000000000002     
   22.624613881359132        20.211146400483969       0.65000000000000002     
   22.624613881359132        19.511600120992142       0.65000000000000002     
   22.624613881359132        18.889781205888283       0.65000000000000002     
   22.928347412217104        22.368080762250457       0.65000000000000002     
   23.110587530731884        77.107577132486384       0.65000000000000002     
   23.110587530731884        76.408030852994543       0.65000000000000002     
   23.110587530731884        75.708484573502716       0.65000000000000002     
   23.110587530731884        75.008938294010875       0.65000000000000002     
   23.110587530731884        74.309392014519048       0.65000000000000002     
   23.110587530731884        21.532511595079654       0.65000000000000002     
   23.110587530731884        20.832965315587828       0.65000000000000002     
   23.353574355418264        73.609845735027221       0.65000000000000002     
   23.353574355418264        72.910299455535380       0.65000000000000002     
   23.353574355418264        72.210753176043553       0.65000000000000002     
   23.353574355418264        71.511206896551727       0.65000000000000002     
   23.402171720355540        70.625114942528725       0.65000000000000002     
   23.110587530731884        69.878932244404098       0.65000000000000002     
   23.110587530731884        68.829612825166350       0.65000000000000002     
   23.353574355418264        24.408424077434972       0.65000000000000002     
   23.353574355418264        23.747741480137122       0.65000000000000002     
   23.402171720355540        19.884691470054449       0.65000000000000002     
   23.353574355418264        19.122963299052230       0.65000000000000002     
   23.596561180104640        23.009331518451305       0.65000000000000002     
   23.596561180104640        22.309785238959464       0.65000000000000002     
   23.888145369728292        77.107577132486384       0.65000000000000002     
   23.839548004791016        76.174848759830610       0.65000000000000002     
   23.839548004791016        75.475302480338769       0.65000000000000002     
   23.839548004791016        74.775756200846942       0.65000000000000002     
   23.839548004791016        74.076209921355101       0.65000000000000002     
   23.900294710962612        21.668534482758616       0.65000000000000002     
   23.839548004791016        20.832965315587828       0.65000000000000002     
   24.131132194414668        73.143481548699327       0.65000000000000002     
   24.082534829477392        72.210753176043553       0.65000000000000002     
   24.082534829477392        71.511206896551727       0.65000000000000002     
   23.961041417134204        70.869956140350865       0.65000000000000002     
   23.839548004791016        70.461887477313965       0.65000000000000002     
   24.082534829477392        25.613198225448684       0.65000000000000002     
   24.131132194414668        24.548333333333332       0.65000000000000002     
   24.082534829477392        23.553423069167167       0.65000000000000002     
   24.082534829477392        20.288873764871951       0.65000000000000002     
   23.920543613019809        19.278418027828195       0.65000000000000002     
   24.204028241820584        22.776149425287358       0.65000000000000002     
   24.568508478850148        77.807123411978210       0.65000000000000002     
   24.568508478850148        77.107577132486384       0.65000000000000002     
   24.568508478850148        76.408030852994543       0.65000000000000002     
   24.568508478850148        75.708484573502716       0.65000000000000002     
   24.568508478850148        75.008938294010875       0.65000000000000002     
   24.447015066506960        74.309392014519048       0.65000000000000002     
   24.325521654163772        22.076603145795517       0.65000000000000002     
   24.325521654163772        21.377056866303690       0.65000000000000002     
   24.811495303536525        25.418879814478714       0.65000000000000002     
   24.811495303536525        24.554162885662436       0.65000000000000002     
   25.175975540566089        77.107577132486384       0.65000000000000002     
   25.175975540566089        76.408030852994543       0.65000000000000002     
   25.135477736451694        75.553029844726751       0.65000000000000002     
   25.297468952909281        25.107970356926799       0.65000000000000002     
   25.297468952909281        24.408424077434972       0.65000000000000002     
   26.026429426968409       0.39066848154870115       0.65000000000000002     
   51.418552606694817        102.52442528735631       0.65000000000000002     
   52.269006493097137        53.323003629764059       0.65000000000000002     
   52.511993317783514        55.888006654567448       0.65000000000000002     
   52.511993317783514        55.188460375075614       0.65000000000000002     
   52.511993317783514        54.488914095583780       0.65000000000000002     
   52.572740023955106        52.390275257108286       0.65000000000000002     
   52.815726848641482        57.228803690260129       0.65000000000000002     
   52.754980142469890        56.432098205283317       0.65000000000000002     
   52.997966967156266        53.731072292800967       0.65000000000000002     
   53.240953791842642        55.479937991530548       0.65000000000000002     
   53.301700498014242        54.547209618874767       0.65000000000000002     
   53.192356426905370        52.623457350272226       0.65000000000000002     
   53.532537981466291        57.893372655777370       0.65000000000000002     
   53.483940616529019        56.976189755999187       0.65000000000000002     
   53.483940616529019        56.276643476507353       0.65000000000000002     
   53.726927441215402        53.323003629764059       0.65000000000000002     
   54.030660972073370        55.305051421657588       0.65000000000000002     
   53.807923049444192        54.566641459971763       0.65000000000000002     
   53.969914265901778        52.740048396854199       0.65000000000000002     
   54.212901090588154        58.219827586206890       0.65000000000000002     
   54.212901090588154        57.520281306715056       0.65000000000000002     
   54.212901090588154        56.820735027223229       0.65000000000000002     
   54.212901090588154        56.121188747731395       0.65000000000000002     
   54.212901090588154        54.022549909255893       0.65000000000000002     
   54.455887915274531        53.323003629764059       0.65000000000000002     
   54.455887915274531        55.421642468239561       0.65000000000000002     
   54.698874739960907        54.722096188747727       0.65000000000000002     
   54.698874739960907        52.740048396854199       0.65000000000000002     
   54.941861564647283        58.219827586206890       0.65000000000000002     
   54.941861564647283        57.520281306715056       0.65000000000000002     
   54.941861564647283        56.820735027223229       0.65000000000000002     
   54.941861564647283        56.121188747731395       0.65000000000000002     
   54.941861564647283        54.022549909255893       0.65000000000000002     
   55.233445754270932        53.136457955232906       0.65000000000000002     
   55.427835214020035        55.421642468239561       0.65000000000000002     
   55.427835214020035        54.722096188747727       0.65000000000000002     
   55.670822038706412        58.219827586206890       0.65000000000000002     
   55.670822038706412        57.520281306715056       0.65000000000000002     
   55.622224673769139        56.634189352692069       0.65000000000000002     
   55.670822038706412        54.022549909255893       0.65000000000000002     
   55.913808863392795        53.206412583182086       0.65000000000000002     
   56.156795688079171        56.004597701149422       0.65000000000000002     
   56.156795688079171        55.266187739463597       0.65000000000000002     
   56.156795688079171        54.566641459971763       0.65000000000000002     
   56.035302275735980        2.7224894131881427       0.65000000000000002     
   56.399782512765547        58.219827586206890       0.65000000000000002     
   56.399782512765547        57.287099213551116       0.65000000000000002     
   56.703516043623516        53.731072292800967       0.65000000000000002     
   56.521275925108732        53.089821536600120       0.65000000000000002     
   56.885756162138300        55.829711131276461       0.65000000000000002     
   56.885756162138300        55.033005646299657       0.65000000000000002     
   56.885756162138300        54.488914095583780       0.65000000000000002     
   57.080145621887404        58.103236539624916       0.65000000000000002     
   57.128742986824676        56.743007662835240       0.65000000000000002     
   57.420327176448325        53.789367816091946       0.65000000000000002     
   57.128742986824676        53.206412583182086       0.65000000000000002     
   57.614716636197429        57.520281306715056       0.65000000000000002     
   57.614716636197429        56.121188747731395       0.65000000000000002     
   57.614716636197429        55.421642468239561       0.65000000000000002     
   57.614716636197429        54.722096188747727       0.65000000000000002     
   57.857703460883812        56.820735027223229       0.65000000000000002     
   57.857703460883812        53.789367816091946       0.65000000000000002     
   58.100690285570188        56.121188747731395       0.65000000000000002     
   58.100690285570188        55.188460375075614       0.65000000000000002     
   65.633281850847865        72.304026013309127       0.65000000000000002     
   65.876268675534249        71.588934260939709       0.65000000000000002     
   66.167852865157897        74.169482758620688       0.65000000000000002     
   66.119255500220618        73.221208913087310       0.65000000000000002     
   66.167852865157897        70.788342407743500       0.65000000000000002     
   66.422989031078586        72.502230792498480       0.65000000000000002     
   66.605229149593370        71.666661625327677       0.65000000000000002     
   66.896813339217019        75.615211736237143       0.65000000000000002     
   66.848215974279753        74.698028836458946       0.65000000000000002     
   66.848215974279753        73.998482556967119       0.65000000000000002     
   66.848215974279753        73.298936277475292       0.65000000000000002     
   66.896813339217019        70.718387779794313       0.65000000000000002     
   66.848215974279753        69.801204880016115       0.65000000000000002     
   66.848215974279753        69.101658600524289       0.65000000000000002     
   66.848215974279753        68.402112321032462       0.65000000000000002     
   66.848215974279753        67.780293405928603       0.65000000000000002     
   66.848215974279753        67.041883444242785       0.65000000000000002     
   67.091202798966123        72.443935269207486       0.65000000000000002     
   67.334189623652506        71.744388989715659       0.65000000000000002     
   67.577176448338889        76.641212946158490       0.65000000000000002     
   67.577176448338889        75.941666666666663       0.65000000000000002     
   67.577176448338889        75.242120387174822       0.65000000000000002     
   67.577176448338889        74.542574107682995       0.65000000000000002     
   67.577176448338889        73.843027828191168       0.65000000000000002     
   67.577176448338889        73.143481548699327       0.65000000000000002     
   67.577176448338889        71.044842710223833       0.65000000000000002     
   67.577176448338889        70.345296430731992       0.65000000000000002     
   67.577176448338889        69.645750151240165       0.65000000000000002     
   67.577176448338889        68.713021778584391       0.65000000000000002     
   67.577176448338889        67.139042649727770       0.65000000000000002     
   67.577176448338889        22.776149425287358       0.65000000000000002     
   67.577176448338889        22.076603145795517       0.65000000000000002     
   67.577176448338889        21.377056866303690       0.65000000000000002     
   67.577176448338889        20.677510586811863       0.65000000000000002     
   67.577176448338889        19.977964307320022       0.65000000000000002     
   67.577176448338889        19.278418027828195       0.65000000000000002     
   67.820163273025258        72.443935269207486       0.65000000000000002     
   68.063150097711642        71.744388989715659       0.65000000000000002     
   68.306136922398011        76.641212946158490       0.65000000000000002     
   68.306136922398011        75.941666666666663       0.65000000000000002     
   68.306136922398011        75.242120387174822       0.65000000000000002     
   68.306136922398011        74.542574107682995       0.65000000000000002     
   68.306136922398011        73.843027828191168       0.65000000000000002     
   68.306136922398011        73.143481548699327       0.65000000000000002     
   68.306136922398011        71.044842710223833       0.65000000000000002     
   68.306136922398011        70.345296430731992       0.65000000000000002     
   68.306136922398011        69.645750151240165       0.65000000000000002     
   68.306136922398011        69.062794918330297       0.65000000000000002     
   68.306136922398011        68.246657592256497       0.65000000000000002     
   68.306136922398011        67.313929219600709       0.65000000000000002     
   68.306136922398011        23.242513611615252       0.65000000000000002     
   68.306136922398011        22.542967332123411       0.65000000000000002     
   68.306136922398011        21.843421052631584       0.65000000000000002     
   68.306136922398011        21.143874773139743       0.65000000000000002     
   68.306136922398011        20.444328493647916       0.65000000000000002     
   68.306136922398011        19.744782214156075       0.65000000000000002     
   68.306136922398011        19.161826981246222       0.65000000000000002     
   68.549123747084394        72.443935269207486       0.65000000000000002     
   68.792110571770763        71.744388989715659       0.65000000000000002     
   69.035097396457147        76.641212946158490       0.65000000000000002     
   69.035097396457147        75.941666666666663       0.65000000000000002     
   69.035097396457147        75.242120387174822       0.65000000000000002     
   69.035097396457147        74.542574107682995       0.65000000000000002     
   69.035097396457147        73.843027828191168       0.65000000000000002     
   69.035097396457147        73.143481548699327       0.65000000000000002     
   69.035097396457147        71.044842710223833       0.65000000000000002     
   69.035097396457147        70.345296430731992       0.65000000000000002     
   69.035097396457147        69.723477515628147       0.65000000000000002     
   69.035097396457147        68.868476507360356       0.65000000000000002     
   69.035097396457147        68.168930227868515       0.65000000000000002     
   69.035097396457147        67.313929219600709       0.65000000000000002     
   69.035097396457147        23.164786247227269       0.65000000000000002     
   69.035097396457147        22.465239967735428       0.65000000000000002     
   69.035097396457147        21.765693688243601       0.65000000000000002     
   69.035097396457147        21.066147408751775       0.65000000000000002     
   69.035097396457147        20.366601129259934       0.65000000000000002     
   69.035097396457147        19.667054849768107       0.65000000000000002     
   69.035097396457147        19.122963299052230       0.65000000000000002     
   69.278084221143530        72.443935269207486       0.65000000000000002     
   69.521071045829899        71.744388989715659       0.65000000000000002     
   69.824804576687868        76.582917422867510       0.65000000000000002     
   69.764057870516282        75.786211937890698       0.65000000000000002     
   69.764057870516282        75.086665658398857       0.65000000000000002     
   69.764057870516282        74.387119378907030       0.65000000000000002     
   69.764057870516282        73.687573099415204       0.65000000000000002     
   69.764057870516282        72.988026819923363       0.65000000000000002     
   69.824804576687868        70.986547186932839       0.65000000000000002     
   69.642564458173084        70.461887477313965       0.65000000000000002     
   69.824804576687868        69.470863581367212       0.65000000000000002     
   69.764057870516282        68.635294414196409       0.65000000000000002     
   69.764057870516282        67.935748134704568       0.65000000000000002     
   69.764057870516282        67.236201855212727       0.65000000000000002     
   69.824804576687868        23.184218088324258       0.65000000000000002     
   69.764057870516282        22.387512603347446       0.65000000000000002     
   69.764057870516282        21.687966323855605       0.65000000000000002     
   69.764057870516282        20.988420044363778       0.65000000000000002     
   69.764057870516282        20.288873764871951       0.65000000000000002     
   69.764057870516282        19.589327485380110       0.65000000000000002     
   69.764057870516282        18.928644888082275       0.65000000000000002     
   70.067791401374251        72.385639745916507       0.65000000000000002     
   70.250031519889035        66.575519257914891       0.65000000000000002     
   70.250031519889035        24.175241984271025       0.65000000000000002     
   70.493018344575404        77.107577132486384       0.65000000000000002     
   70.493018344575404        76.408030852994543       0.65000000000000002     
   70.493018344575404        75.708484573502716       0.65000000000000002     
   70.493018344575404        75.008938294010875       0.65000000000000002     
   70.493018344575404        74.309392014519048       0.65000000000000002     
   70.493018344575404        73.609845735027221       0.65000000000000002     
   70.432271638403819        71.394615849969739       0.65000000000000002     
   70.493018344575404        70.112114337568045       0.65000000000000002     
   70.493018344575404        69.412568058076218       0.65000000000000002     
   70.493018344575404        68.713021778584391       0.65000000000000002     
   70.493018344575404        68.013475499092550       0.65000000000000002     
   70.493018344575404        67.313929219600709       0.65000000000000002     
   70.493018344575404        23.475695704779184       0.65000000000000002     
   70.493018344575404        22.776149425287358       0.65000000000000002     
   70.493018344575404        22.076603145795517       0.65000000000000002     
   70.493018344575404        21.377056866303690       0.65000000000000002     
   70.493018344575404        20.677510586811863       0.65000000000000002     
   70.493018344575404        19.977964307320022       0.65000000000000002     
   70.493018344575404        19.278418027828195       0.65000000000000002     
   70.493018344575404        18.578871748336354       0.65000000000000002     
   70.736005169261787        72.910299455535380       0.65000000000000002     
   70.736005169261787        72.210753176043553       0.65000000000000002     
   71.027589358885436        70.718387779794313       0.65000000000000002     
   70.978991993948156        66.497791893526909       0.65000000000000002     
   71.027589358885436        24.081969147005452       0.65000000000000002     
   71.221978818634540        77.107577132486384       0.65000000000000002     
   71.221978818634540        76.408030852994543       0.65000000000000002     
   71.221978818634540        75.708484573502716       0.65000000000000002     
   71.221978818634540        75.008938294010875       0.65000000000000002     
   71.221978818634540        74.309392014519048       0.65000000000000002     
   71.221978818634540        73.609845735027221       0.65000000000000002     
   71.282725524806139        69.704045674531159       0.65000000000000002     
   71.221978818634540        68.868476507360356       0.65000000000000002     
   71.221978818634540        68.168930227868515       0.65000000000000002     
   71.221978818634540        67.469383948376674       0.65000000000000002     
   71.221978818634540        23.009331518451305       0.65000000000000002     
   71.221978818634540        22.309785238959464       0.65000000000000002     
   71.221978818634540        21.610238959467637       0.65000000000000002     
   71.221978818634540        20.910692679975796       0.65000000000000002     
   71.221978818634540        20.211146400483969       0.65000000000000002     
   71.221978818634540        19.511600120992142       0.65000000000000002     
   71.161232112462940        18.695462794918328       0.65000000000000002     
   71.464965643320923        72.910299455535380       0.65000000000000002     
   71.464965643320923        72.055298447267589       0.65000000000000002     
   71.464965643320923        18.151371244202466       0.65000000000000002     
   71.768699174178892        71.336320326678759       0.65000000000000002     
   71.707952468007292        70.500751159507956       0.65000000000000002     
   71.756549832944572        66.521110102843309       0.65000000000000002     
   71.707952468007292        65.759381931841091       0.65000000000000002     
   71.707952468007292        24.408424077434972       0.65000000000000002     
   71.707952468007292        23.708877797943131       0.65000000000000002     
   71.768699174178892        16.451085148215370       0.65000000000000002     
   71.950939292693675        77.107577132486384       0.65000000000000002     
   71.950939292693675        76.408030852994543       0.65000000000000002     
   71.950939292693675        75.708484573502716       0.65000000000000002     
   71.950939292693675        75.008938294010875       0.65000000000000002     
   71.950939292693675        74.309392014519048       0.65000000000000002     
   71.950939292693675        73.609845735027221       0.65000000000000002     
   72.011685998865261        69.704045674531159       0.65000000000000002     
   71.950939292693675        68.868476507360356       0.65000000000000002     
   71.950939292693675        68.168930227868515       0.65000000000000002     
   71.950939292693675        67.469383948376674       0.65000000000000002     
   71.950939292693675        23.009331518451305       0.65000000000000002     
   71.950939292693675        22.309785238959464       0.65000000000000002     
   71.950939292693675        21.610238959467637       0.65000000000000002     
   71.950939292693675        20.910692679975796       0.65000000000000002     
   71.950939292693675        20.211146400483969       0.65000000000000002     
   71.950939292693675        19.511600120992142       0.65000000000000002     
   71.950939292693675        18.812053841500301       0.65000000000000002     
   72.193926117380045        72.910299455535380       0.65000000000000002     
   72.193926117380045        17.879325468844527       0.65000000000000002     
   72.436912942066428        72.210753176043553       0.65000000000000002     
   72.436912942066428        71.511206896551727       0.65000000000000002     
   72.436912942066428        70.811660617059886       0.65000000000000002     
   72.485510307003693        66.427837265577722       0.65000000000000002     
   72.193926117380045        65.914836660617055       0.65000000000000002     
   72.436912942066428        24.408424077434972       0.65000000000000002     
   72.436912942066428        23.708877797943131       0.65000000000000002     
   72.436912942066428        16.635687638636824       0.65000000000000002     
   72.315419529723229        16.130459770114939       0.65000000000000002     
   72.679899766752797        77.107577132486384       0.65000000000000002     
   72.679899766752797        76.408030852994543       0.65000000000000002     
   72.679899766752797        75.708484573502716       0.65000000000000002     
   72.679899766752797        75.008938294010875       0.65000000000000002     
   72.679899766752797        74.309392014519048       0.65000000000000002     
   72.679899766752797        73.609845735027221       0.65000000000000002     
   72.679899766752797        70.112114337568045       0.65000000000000002     
   72.679899766752797        69.412568058076218       0.65000000000000002     
   72.679899766752797        68.713021778584391       0.65000000000000002     
   72.679899766752797        68.013475499092550       0.65000000000000002     
   72.679899766752797        67.313929219600709       0.65000000000000002     
   72.679899766752797        23.009331518451305       0.65000000000000002     
   72.679899766752797        22.309785238959464       0.65000000000000002     
   72.679899766752797        21.610238959467637       0.65000000000000002     
   72.679899766752797        20.910692679975796       0.65000000000000002     
   72.679899766752797        20.211146400483969       0.65000000000000002     
   72.679899766752797        19.511600120992142       0.65000000000000002     
   72.679899766752797        18.812053841500301       0.65000000000000002     
   72.922886591439180        72.910299455535380       0.65000000000000002     
   72.922886591439180        18.151371244202466       0.65000000000000002     
   73.165873416125550        72.210753176043553       0.65000000000000002     
   73.165873416125550        71.511206896551727       0.65000000000000002     
   73.165873416125550        70.811660617059886       0.65000000000000002     
   73.105126709953964        66.497791893526909       0.65000000000000002     
   73.165873416125550        24.408424077434972       0.65000000000000002     
   73.165873416125550        23.708877797943131       0.65000000000000002     
   72.922886591439180        16.480232909860860       0.65000000000000002     
   73.408860240811933        77.107577132486384       0.65000000000000002     
   73.408860240811933        76.408030852994543       0.65000000000000002     
   73.408860240811933        75.708484573502716       0.65000000000000002     
   73.408860240811933        75.008938294010875       0.65000000000000002     
   73.408860240811933        74.309392014519048       0.65000000000000002     
   73.408860240811933        70.112114337568045       0.65000000000000002     
   73.408860240811933        69.412568058076218       0.65000000000000002     
   73.408860240811933        68.713021778584391       0.65000000000000002     
   73.408860240811933        68.013475499092550       0.65000000000000002     
   73.408860240811933        67.313929219600709       0.65000000000000002     
   73.469606946983532        22.951035995160311       0.65000000000000002     
   73.408860240811933        22.154330510183499       0.65000000000000002     
   73.408860240811933        21.454784230691672       0.65000000000000002     
   73.408860240811933        20.755237951199831       0.65000000000000002     
   73.408860240811933        20.055691671708004       0.65000000000000002     
   73.408860240811933        19.356145392216163       0.65000000000000002     
   73.408860240811933        18.608019509981858       0.65000000000000002     
   73.651847065498316        72.910299455535380       0.65000000000000002     
   73.955580596356285        73.668141258318201       0.65000000000000002     
   73.955580596356285        72.269048699334533       0.65000000000000002     
   73.894833890184685        71.433479532163730       0.65000000000000002     
   73.894833890184685        70.733933252671903       0.65000000000000002     
   73.955580596356285        66.701826225045366       0.65000000000000002     
   73.943431255121965        24.548333333333332       0.65000000000000002     
   73.894833890184685        23.631150433555163       0.65000000000000002     
   74.186418079808334        77.247486388384743       0.65000000000000002     
   74.137820714871069        76.330303488606560       0.65000000000000002     
   74.137820714871069        75.669620891308725       0.65000000000000002     
   73.975829498413475        74.931210929622893       0.65000000000000002     
   74.137820714871069        70.034386973180062       0.65000000000000002     
   74.137820714871069        69.334840693688236       0.65000000000000002     
   74.137820714871069        68.635294414196409       0.65000000000000002     
   74.137820714871069        67.935748134704568       0.65000000000000002     
   74.218816323099858        67.158474490824759       0.65000000000000002     
   74.198567421042654        22.717853901996364       0.65000000000000002     
   74.137820714871069        21.921148417019552       0.65000000000000002     
   74.137820714871069        21.221602137527725       0.65000000000000002     
   74.137820714871069        20.522055858035884       0.65000000000000002     
   74.137820714871069        19.822509578544057       0.65000000000000002     
   74.137820714871069        19.122963299052230       0.65000000000000002     
   74.137820714871069        18.501144383948386       0.65000000000000002     
   74.684541070415406        74.251096491228054       0.65000000000000002     
   74.623794364243821        73.454391006251257       0.65000000000000002     
   74.623794364243821        72.754844726759416       0.65000000000000002     
   74.623794364243821        72.055298447267589       0.65000000000000002     
   74.623794364243821        71.355752167775762       0.65000000000000002     
   74.623794364243821        70.656205888283921       0.65000000000000002     
   74.684541070415406        25.166265880217779       0.65000000000000002     
   74.623794364243821        24.330696713046990       0.65000000000000002     
   74.623794364243821        23.631150433555163       0.65000000000000002     
   74.915378553867470        77.480668481548690       0.65000000000000002     
   74.866781188930190        76.563485581770507       0.65000000000000002     
   74.745287776587006        75.941666666666663       0.65000000000000002     
   74.866781188930190        75.417006957047789       0.65000000000000002     
   74.927527895101790        69.937227767695092       0.65000000000000002     
   74.866781188930190        69.101658600524289       0.65000000000000002     
   74.866781188930190        68.402112321032462       0.65000000000000002     
   74.866781188930190        67.702566041540621       0.65000000000000002     
   74.806034482758605        67.051599364791286       0.65000000000000002     
   74.927527895101790        23.009331518451305       0.65000000000000002     
   74.866781188930190        22.154330510183499       0.65000000000000002     
   74.866781188930190        21.454784230691672       0.65000000000000002     
   74.866781188930190        20.755237951199831       0.65000000000000002     
   74.866781188930190        20.055691671708004       0.65000000000000002     
   74.866781188930190        19.356145392216163       0.65000000000000002     
   74.806034482758605        18.608019509981858       0.65000000000000002     
   75.352754838302943        74.542574107682995       0.65000000000000002     
   75.352754838302943        73.843027828191168       0.65000000000000002     
   75.352754838302943        73.143481548699327       0.65000000000000002     
   75.352754838302943        72.443935269207486       0.65000000000000002     
   75.352754838302943        71.744388989715659       0.65000000000000002     
   75.352754838302943        71.044842710223833       0.65000000000000002     
   75.352754838302943        25.574334543254693       0.65000000000000002     
   75.352754838302943        24.874788263762852       0.65000000000000002     
   75.352754838302943        24.175241984271025       0.65000000000000002     
   75.595741662989326        77.807123411978210       0.65000000000000002     
   75.595741662989326        77.107577132486384       0.65000000000000002     
   75.595741662989326        76.252576124218592       0.65000000000000002     
   75.595741662989326        75.242120387174822       0.65000000000000002     
   75.595741662989326        70.345296430731992       0.65000000000000002     
   75.595741662989326        69.645750151240165       0.65000000000000002     
   75.595741662989326        68.946203871748338       0.65000000000000002     
   75.656488369160925        68.130066545674524       0.65000000000000002     
   75.474248250646141        67.313929219600709       0.65000000000000002     
   75.595741662989326        23.475695704779184       0.65000000000000002     
   75.595741662989326        22.776149425287358       0.65000000000000002     
   75.595741662989326        22.076603145795517       0.65000000000000002     
   75.595741662989326        21.377056866303690       0.65000000000000002     
   75.595741662989326        20.677510586811863       0.65000000000000002     
   75.595741662989326        19.977964307320022       0.65000000000000002     
   75.595741662989326        19.278418027828195       0.65000000000000002     
   75.474248250646141        18.695462794918328       0.65000000000000002     
   76.081715312362078        74.542574107682995       0.65000000000000002     
   76.081715312362078        73.843027828191168       0.65000000000000002     
   76.081715312362078        73.143481548699327       0.65000000000000002     
   76.081715312362078        72.443935269207486       0.65000000000000002     
   76.081715312362078        71.744388989715659       0.65000000000000002     
   76.081715312362078        71.044842710223833       0.65000000000000002     
   76.081715312362078        25.574334543254693       0.65000000000000002     
   76.081715312362078        24.874788263762852       0.65000000000000002     
   76.081715312362078        24.175241984271025       0.65000000000000002     
   76.324702137048462        77.807123411978210       0.65000000000000002     
   76.324702137048462        77.107577132486384       0.65000000000000002     
   76.385448843220047        75.999962189957643       0.65000000000000002     
   76.324702137048462        75.164393022786840       0.65000000000000002     
   76.385448843220047        70.403591954022971       0.65000000000000002     
   76.324702137048462        69.568022786852168       0.65000000000000002     
   76.324702137048462        68.907340189554333       0.65000000000000002     
   76.203208724705263        68.013475499092550       0.65000000000000002     
   76.324702137048462        23.475695704779184       0.65000000000000002     
   76.324702137048462        22.776149425287358       0.65000000000000002     
   76.324702137048462        22.076603145795517       0.65000000000000002     
   76.324702137048462        21.377056866303690       0.65000000000000002     
   76.324702137048462        20.599783222423881       0.65000000000000002     
   76.162710920590868        19.822509578544057       0.65000000000000002     
   76.810675786421214        74.309392014519048       0.65000000000000002     
   76.810675786421214        73.609845735027221       0.65000000000000002     
   76.810675786421214        72.910299455535380       0.65000000000000002     
   76.871422492592799        72.094162129461580       0.65000000000000002     
   76.689182374078030        71.511206896551727       0.65000000000000002     
   76.810675786421214        25.574334543254693       0.65000000000000002     
   76.810675786421214        24.874788263762852       0.65000000000000002     
   76.810675786421214        24.175241984271025       0.65000000000000002     
   77.053662611107583        77.107577132486384       0.65000000000000002     
   77.053662611107583        76.408030852994543       0.65000000000000002     
   77.053662611107583        75.708484573502716       0.65000000000000002     
   77.053662611107583        75.008938294010875       0.65000000000000002     
   76.810675786421214        70.578478523895939       0.65000000000000002     
   76.932169198764399        23.475695704779184       0.65000000000000002     
   76.810675786421214        22.776149425287358       0.65000000000000002     
   76.810675786421214        22.076603145795517       0.65000000000000002     
   77.418142848137151        25.107970356926799       0.65000000000000002     
   77.418142848137151        24.525015124016932       0.65000000000000002     
   77.539636260480336        76.408030852994543       0.65000000000000002     
   77.539636260480336        75.708484573502716       0.65000000000000002     
   77.539636260480336        75.008938294010875       0.65000000000000002     
   78.997557208598607        81.946105565638220       0.65000000000000002     
   78.997557208598607        81.149400080661422       0.65000000000000002     
   78.997557208598607        80.449853801169581       0.65000000000000002     
   78.997557208598607        79.594852792901790       0.65000000000000002     
   79.483530857971360        83.403493647912882       0.65000000000000002     
   79.483530857971360        82.703947368421041       0.65000000000000002     
   79.483530857971360        78.934170195603940       0.65000000000000002     
   79.726517682657743        82.004401088929214       0.65000000000000002     
   79.726517682657743        81.304854809437373       0.65000000000000002     
   79.726517682657743        80.605308529945546       0.65000000000000002     
   79.787264388829328        79.497693587416805       0.65000000000000002     
   80.212491332030496        83.403493647912882       0.65000000000000002     
   80.212491332030496        82.703947368421041       0.65000000000000002     
   80.516224862888464        81.946105565638220       0.65000000000000002     
   80.455478156716865        81.149400080661422       0.65000000000000002     
   80.455478156716865        80.138944343617652       0.65000000000000002     
   80.455478156716865        79.206215970961878       0.65000000000000002     
   80.941451806089617        83.636675741076829       0.65000000000000002     
   80.941451806089617        82.937129461584988       0.65000000000000002     
   81.184438630776000        82.237583182093147       0.65000000000000002     
   81.184438630776000        81.615764266989302       0.65000000000000002     
   81.184438630776000        80.838490623109493       0.65000000000000002     
   81.184438630776000        80.138944343617652       0.65000000000000002     
   81.184438630776000        79.206215970961878       0.65000000000000002     
   81.670412280148753        83.636675741076829       0.65000000000000002     
   81.670412280148753        82.820538415003014       0.65000000000000002     
   81.913399104835136        81.538036902601320       0.65000000000000002     
   81.913399104835136        80.838490623109493       0.65000000000000002     
   81.974145811006721        80.022353297035693       0.65000000000000002     
   81.751407888377543        79.283943335349861       0.65000000000000002     
   82.156385929521505        82.237583182093147       0.65000000000000002     
   82.460119460379474        83.345198124621888       0.65000000000000002     
   82.642359578894258        81.538036902601320       0.65000000000000002     
   82.642359578894258        80.838490623109493       0.65000000000000002     
   82.642359578894258        79.905762250453705       0.65000000000000002     
   82.885346403580641        82.237583182093147       0.65000000000000002     
   83.128333228267010        83.830994152046770       0.65000000000000002     
   83.128333228267010        82.937129461584988       0.65000000000000002     
   83.249826640610209        81.538036902601320       0.65000000000000002     
   83.249826640610209        80.838490623109493       0.65000000000000002     
   83.249826640610209        80.138944343617652       0.65000000000000002     
   83.675053583811362        84.277926497277662       0.65000000000000002     
   83.371320052953394        82.237583182093147       0.65000000000000002     
   83.857293702326146        83.753266787658788       0.65000000000000002     
   83.614306877639763        83.053720508166961       0.65000000000000002     
   84.343267351698898        84.724858842508567       0.65000000000000002     
   84.100280527012529        84.336222020568655       0.65000000000000002     
   92.896403580659367        100.09933151845129       0.65000000000000002     
   92.847806215722102        99.182148618673111       0.65000000000000002     
   92.847806215722102        98.482602339181270       0.65000000000000002     
   92.847806215722102        97.783056059689443       0.65000000000000002     
   92.604819391035718        97.511010284331505       0.65000000000000002     
   93.090793040408471        101.12533272837264       0.65000000000000002     
   93.090793040408471        96.928055051421651       0.65000000000000002     
   93.625364054718503        100.33251361161524       0.65000000000000002     
   93.576766689781223        99.415330711837058       0.65000000000000002     
   93.576766689781223        98.715784432345217       0.65000000000000002     
   93.576766689781223        98.016238152853390       0.65000000000000002     
   93.576766689781223        97.316691873361549       0.65000000000000002     
   93.880500220639206        96.519986388384751       0.65000000000000002     
   93.819753514467607        95.684417221213948       0.65000000000000002     
   93.819753514467607        95.062598306110090       0.65000000000000002     
   93.819753514467607        94.324188344424272       0.65000000000000002     
   94.305727163840359        103.22397156684815       0.65000000000000002     
   94.305727163840359        102.52442528735631       0.65000000000000002     
   94.305727163840359        101.82487900786448       0.65000000000000002     
   94.305727163840359        101.12533272837264       0.65000000000000002     
   94.305727163840359        100.42578644888081       0.65000000000000002     
   94.305727163840359        99.726240169388973       0.65000000000000002     
   94.305727163840359        99.026693889897146       0.65000000000000002     
   94.305727163840359        98.327147610405319       0.65000000000000002     
   94.305727163840359        97.627601330913478       0.65000000000000002     
   94.548713988526742        96.928055051421651       0.65000000000000002     
   94.548713988526742        96.228508771929810       0.65000000000000002     
   94.500116623589463        95.342416817906823       0.65000000000000002     
   94.548713988526742        94.168733615648307       0.65000000000000002     
   95.034687637899495        103.22397156684815       0.65000000000000002     
   95.034687637899495        102.52442528735631       0.65000000000000002     
   95.034687637899495        101.82487900786448       0.65000000000000002     
   95.034687637899495        101.12533272837264       0.65000000000000002     
   95.034687637899495        100.42578644888081       0.65000000000000002     
   95.034687637899495        99.726240169388973       0.65000000000000002     
   95.034687637899495        99.026693889897146       0.65000000000000002     
   95.034687637899495        98.327147610405319       0.65000000000000002     
   95.034687637899495        97.627601330913478       0.65000000000000002     
   95.034687637899495        94.829416212946143       0.65000000000000002     
   95.338421168757463        96.986350574712631       0.65000000000000002     
   95.277674462585864        96.053622202056857       0.65000000000000002     
   95.338421168757463        94.275608741681779       0.65000000000000002     
   95.812245476895896        102.19797035692679       0.65000000000000002     
   95.763648111958616        101.28078745714861       0.65000000000000002     
   95.763648111958616        100.58124117765678       0.65000000000000002     
   95.763648111958616        99.881694898164938       0.65000000000000002     
   95.763648111958616        99.182148618673111       0.65000000000000002     
   95.763648111958616        98.482602339181270       0.65000000000000002     
   95.763648111958616        97.783056059689443       0.65000000000000002     
   95.812245476895896        95.202507562008464       0.65000000000000002     
   96.006634936645000        103.22397156684815       0.65000000000000002     
   96.006634936645000        96.928055051421651       0.65000000000000002     
   96.006634936645000        94.129869933454316       0.65000000000000002     
   96.492608586017752        102.52442528735631       0.65000000000000002     
   96.492608586017752        101.82487900786448       0.65000000000000002     
   96.492608586017752        101.12533272837264       0.65000000000000002     
   96.492608586017752        100.42578644888081       0.65000000000000002     
   96.492608586017752        99.726240169388973       0.65000000000000002     
   96.492608586017752        99.026693889897146       0.65000000000000002     
   96.492608586017752        98.327147610405319       0.65000000000000002     
   96.492608586017752        97.627601330913478       0.65000000000000002     
   96.492608586017752        96.228508771929810       0.65000000000000002     
   96.492608586017752        95.528962492437984       0.65000000000000002     
   96.492608586017752        94.829416212946143       0.65000000000000002     
   96.735595410704136        103.22397156684815       0.65000000000000002     
   96.796342116875721        94.071574410163322       0.65000000000000002     
   96.735595410704136        93.391459971768498       0.65000000000000002     
   97.027179600327784        96.834782214156064       0.65000000000000002     
   97.221569060076888        102.52442528735631       0.65000000000000002     
   97.221569060076888        101.82487900786448       0.65000000000000002     
   97.221569060076888        101.12533272837264       0.65000000000000002     
   97.221569060076888        100.42578644888081       0.65000000000000002     
   97.221569060076888        99.726240169388973       0.65000000000000002     
   97.221569060076888        99.026693889897146       0.65000000000000002     
   97.221569060076888        98.327147610405319       0.65000000000000002     
   97.221569060076888        95.762144585601931       0.65000000000000002     
   97.221569060076888        95.062598306110090       0.65000000000000002     
   97.464555884763257        103.22397156684815       0.65000000000000002     
   97.525302590934857        94.421347549909243       0.65000000000000002     
   97.415958519825992        93.430323653962489       0.65000000000000002     
   97.756140074386906        97.254509981851172       0.65000000000000002     
   97.707542709449640        96.306236136317793       0.65000000000000002     
   98.011276240307609        102.58272081064730       0.65000000000000002     
   97.950529534136010        101.74715164347650       0.65000000000000002     
   97.950529534136010        101.04760536398466       0.65000000000000002     
   97.950529534136010        100.34805908449283       0.65000000000000002     
   97.950529534136010        99.648512805000991       0.65000000000000002     
   97.950529534136010        98.948966525509164       0.65000000000000002     
   97.950529534136010        98.171692881629355       0.65000000000000002     
   98.011276240307609        95.470666969146990       0.65000000000000002     
   98.072022946479208        103.45715366001208       0.65000000000000002     
   98.193516358822393        94.673961484170178       0.65000000000000002     
   98.193516358822393        93.974415204678351       0.65000000000000002     
   98.193516358822393        93.352596289574507       0.65000000000000002     
   98.485100548446042        97.254509981851172       0.65000000000000002     
   98.436503183508776        96.306236136317793       0.65000000000000002     
   98.740236714366745        100.95044615849969       0.65000000000000002     
   98.679490008195145        100.15374067352288       0.65000000000000002     
   98.679490008195145        99.415330711837058       0.65000000000000002     
   98.740236714366745        98.268852087114325       0.65000000000000002     
   98.740236714366745        95.470666969146990       0.65000000000000002     
   98.922476832881529        103.53488102440006       0.65000000000000002     
   98.922476832881529        102.83533474490824       0.65000000000000002     
   98.922476832881529        102.13578846541640       0.65000000000000002     
   98.922476832881529        101.47510586811856       0.65000000000000002     
   98.922476832881529        94.673961484170178       0.65000000000000002     
   98.922476832881529        93.974415204678351       0.65000000000000002     
   98.922476832881529        93.352596289574507       0.65000000000000002     
   99.214061022505177        97.254509981851172       0.65000000000000002     
   99.165463657567898        96.306236136317793       0.65000000000000002     
   99.359853117317002        100.47242286751360       0.65000000000000002     
   99.469197188425866        98.968398366606152       0.65000000000000002     
   99.408450482254281        98.171692881629355       0.65000000000000002     
   99.469197188425866        95.470666969146990       0.65000000000000002     
   99.651437306940650        103.45715366001208       0.65000000000000002     
   99.651437306940650        102.75760738052026       0.65000000000000002     
   99.651437306940650        102.05806110102841       0.65000000000000002     
   99.712184013112250        101.24192377495461       0.65000000000000002     
   99.712184013112250        94.654529643073190       0.65000000000000002     
   99.651437306940650        93.818960475902387       0.65000000000000002     
   99.651437306940650        93.274868925186524       0.65000000000000002     
   99.894424131627034        99.959422262552920       0.65000000000000002     
   99.894424131627034        97.161237144585584       0.65000000000000002     
   99.894424131627034        96.461690865093757       0.65000000000000002     
   100.13741095631340        99.259875983061093       0.65000000000000002     
   100.13741095631340        98.560329703569252       0.65000000000000002     
   100.13741095631340        97.860783424077425       0.65000000000000002     
   100.13741095631340        95.762144585601931       0.65000000000000002     
   100.44114448717139        103.39885813672110       0.65000000000000002     
   100.38039778099979        102.60215265174429       0.65000000000000002     
   100.38039778099979        101.94147005444646       0.65000000000000002     
   100.21840656454219        101.20306009276062       0.65000000000000002     
   100.38039778099979        95.062598306110090       0.65000000000000002     
   100.38039778099979        94.363052026618263       0.65000000000000002     
   100.33180041606251        93.476960072595276       0.65000000000000002     
   100.62338460568617        100.65896854204476       0.65000000000000002     
   100.62338460568617        99.959422262552920       0.65000000000000002     
   100.62338460568617        97.161237144585584       0.65000000000000002     
   100.62338460568617        96.461690865093757       0.65000000000000002     
   100.92711813654414        99.230728221415603       0.65000000000000002     
   100.74487801802935        98.560329703569252       0.65000000000000002     
   100.86637143037254        97.860783424077425       0.65000000000000002     
   100.86637143037254        95.762144585601931       0.65000000000000002     
   100.98786484271572        103.69033575317603       0.65000000000000002     
   100.98786484271572        102.99078947368420       0.65000000000000002     
   101.10935825505892        102.33010687638635       0.65000000000000002     
   101.10935825505892        101.55283323250654       0.65000000000000002     
   101.10935825505892        95.062598306110090       0.65000000000000002     
   101.17010496123051        94.246460980036289       0.65000000000000002     
   100.98786484271572        93.721801270417416       0.65000000000000002     
   101.35234507974529        100.81442327082073       0.65000000000000002     
   101.35234507974529        100.11487699132888       0.65000000000000002     
   101.35234507974529        97.161237144585584       0.65000000000000002     
   101.35234507974529        96.461690865093757       0.65000000000000002     
   101.59533190443167        99.143284936479120       0.65000000000000002     
   101.59533190443167        97.860783424077425       0.65000000000000002     
   101.59533190443167        95.762144585601931       0.65000000000000002     
   101.83831872911804        103.69033575317603       0.65000000000000002     
   101.83831872911804        103.02965315587819       0.65000000000000002     
   101.83831872911804        102.21351582980438       0.65000000000000002     
   101.83831872911804        101.51396955031255       0.65000000000000002     
   101.83831872911804        95.062598306110090       0.65000000000000002     
   101.77757202294646        94.275608741681779       0.65000000000000002     
   102.14205225997603        100.89215063520869       0.65000000000000002     
   102.08130555380443        100.03714962694090       0.65000000000000002     
   102.08130555380443        97.161237144585584       0.65000000000000002     
   102.08130555380443        96.461690865093757       0.65000000000000002     
   102.08130555380443        51.690728977616452       0.65000000000000002     
   102.32429237849080        99.084989413188126       0.65000000000000002     
   102.32429237849080        97.860783424077425       0.65000000000000002     
   102.32429237849080        95.762144585601931       0.65000000000000002     
   102.56727920317718        103.72919943537002       0.65000000000000002     
   102.56727920317718        102.83533474490824       0.65000000000000002     
   102.56727920317718        101.97061781609194       0.65000000000000002     
   102.56727920317718        95.062598306110090       0.65000000000000002     
   102.56727920317718        94.479643073200236       0.65000000000000002     
   102.56727920317718        93.197141560798542       0.65000000000000002     
   102.81026602786356        99.881694898164938       0.65000000000000002     
   102.81026602786356        97.161237144585584       0.65000000000000002     
   102.81026602786356        96.461690865093757       0.65000000000000002     
   103.11399955872153        99.114137174833630       0.65000000000000002     
   103.11399955872153        97.744192377495452       0.65000000000000002     
   103.05325285254993        95.762144585601931       0.65000000000000002     
   103.17474626489312        103.74863127646702       0.65000000000000002     
   103.29623967723631        102.58272081064730       0.65000000000000002     
   103.05325285254993        94.829416212946143       0.65000000000000002     
   103.05325285254993        93.197141560798542       0.65000000000000002     
   103.53922650192268        100.19260435571687       0.65000000000000002     
   103.66071991426588        103.22397156684815       0.65000000000000002     
   103.78221332660907        102.52442528735631       0.65000000000000002     
   103.78221332660907        99.493058076225040       0.65000000000000002     
