   2.6839185526066789E-002  0.39066848154870115        1.0000000000000000     
  0.51281283489882101        1.0902147610405422        1.0000000000000000     
   1.2417733089579519        1.6731699939503955        1.0000000000000000     
   1.9707337830170828        2.2561252268602630        1.0000000000000000     
   2.4567074323898370        2.9556715063520898        1.0000000000000000     
   2.9426810817625912        3.0722625529340633        1.0000000000000000     
   3.4286547311353455        3.6940814680379219        1.0000000000000000     
   4.1576152051944764        4.5879461584997046        1.0000000000000000     
   4.7650822669104187        5.2874924379915313        1.0000000000000000     
   5.3725493286263628        5.8704476709013989        1.0000000000000000     
   6.1015098026854933        6.4534029038112521        1.0000000000000000     
   6.5874834520582475        6.5699939503932256        1.0000000000000000     
   6.9519636890878136        7.3278357531760463        1.0000000000000000     
   7.5594307508037559        8.0856775559588669        1.0000000000000000     
   8.2883912248628864        8.7852238354506937        1.0000000000000000     
   9.0173516989220186        9.4847701149425347        1.0000000000000000     
   9.6248187606379609        10.126020871143382        1.0000000000000000     
   10.353779234697091        10.650680580762256        1.0000000000000000     
   11.204233121099412        11.505681589030047        1.0000000000000000     
   11.811700182815354        12.282955232909856        1.0000000000000000     
   12.419167244531296        12.982501512401697        1.0000000000000000     
   13.148127718590429        13.682047791893524        1.0000000000000000     
   13.877088192649561        14.303866706997383        1.0000000000000000     
   14.484555254365501        14.498185117967338        1.0000000000000000     
   14.727542079051878        15.081140350877192        1.0000000000000000     
   15.335009140767822        15.780686630369033        1.0000000000000000     
   16.063969614826952        16.480232909860860        1.0000000000000000     
   16.671436676542893        17.179779189352686        1.0000000000000000     
   17.327501103196113        17.879325468844527        1.0000000000000000     
   17.764877387631589        17.995916515426501        1.0000000000000000     
   18.250851037004345        18.695462794918328        1.0000000000000000     
   18.979811511063478        19.278418027828195        1.0000000000000000     
   19.587278572779418        19.977964307320022        1.0000000000000000     
   20.194745634495362        20.677510586811863        1.0000000000000000     
   20.923706108554491        21.377056866303690        1.0000000000000000     
   21.652666582613623        22.134898669086510        1.0000000000000000     
   22.381627056672755        22.892740471869331        1.0000000000000000     
   23.110587530731884        23.475695704779184        1.0000000000000000     
   23.839548004791016        24.175241984271025        1.0000000000000000     
   24.568508478850148        24.933083787053846        1.0000000000000000     
   25.054482128222901        77.807123411978210        1.0000000000000000     
   25.054482128222901        25.574334543254693        1.0000000000000000     
   25.540455777595657        77.690532365396237        1.0000000000000000     
   25.540455777595657        25.690925589836667        1.0000000000000000     
   26.026429426968409        26.507062915910467        1.0000000000000000     
   26.633896488684353        27.090018148820320        1.0000000000000000     
   27.241363550400294        27.672973381730188        1.0000000000000000     
   27.970324024459426        28.372519661222015        1.0000000000000000     
   28.747881863455834        29.095384150030256        1.0000000000000000     
   29.185258147891311        29.188656987295829        1.0000000000000000     
   29.549738384920879        30.004794313369629        1.0000000000000000     
   30.157205446636819        30.704340592861456        1.0000000000000000     
   30.886165920695948        31.287295825771324        1.0000000000000000     
   31.493632982411892        31.870251058681191        1.0000000000000000     
   32.101100044127840        32.608661020367009        1.0000000000000000     
   33.073047342873352        33.463662028634801        1.0000000000000000     
   33.802007816932480        34.202071990320633        1.0000000000000000     
   34.409474878648425        34.959913793103453        1.0000000000000000     
   35.138435352707553        35.601164549304286        1.0000000000000000     
   35.867395826766682        36.184119782214154        1.0000000000000000     
   36.474862888482626        37.000257108287954        1.0000000000000000     
   37.203823362541762        37.699803387779795        1.0000000000000000     
   37.932783836600890        38.399349667271622        1.0000000000000000     
   38.661744310660019        39.098895946763463        1.0000000000000000     
   39.269211372375963        39.740146702964310        1.0000000000000000     
   39.876678434091907        40.459124823553125        1.0000000000000000     
   40.848625732837412        41.197534785238958        1.0000000000000000     
   41.456092794553356        41.897081064730784        1.0000000000000000     
   42.063559856269300        42.596627344222625        1.0000000000000000     
   42.841117695265702        43.296173623714452        1.0000000000000000     
   43.521480804387565        44.073447267594268        1.0000000000000000     
   44.007454453760317        43.995719903206286        1.0000000000000000     
   44.371934690789878        44.695266182698120        1.0000000000000000     
   44.979401752505822        45.394812462189954        1.0000000000000000     
   45.708362226564958        46.094358741681788        1.0000000000000000     
   46.315829288280895        46.793905021173622        1.0000000000000000     
   46.923296349996839        47.687769711635411        1.0000000000000000     
   47.652256824055975        48.270724944545272        1.0000000000000000     
   48.138230473428727        48.309588626739256        1.0000000000000000     
   48.624204122801480        48.892543859649116        1.0000000000000000     
   49.231671184517424        49.592090139140950        1.0000000000000000     
   49.839138246233368        50.291636418632784        1.0000000000000000     
   50.616696085229769        50.991182698124618        1.0000000000000000     
   51.297059194351625        51.690728977616452        1.0000000000000000     
   52.188010884868341        52.390275257108286        1.0000000000000000     
   52.815726848641482        53.089821536600120        1.0000000000000000     
   53.532537981466291        53.789367816091946        1.0000000000000000     
   54.164303725650882        54.535550514216567        1.0000000000000000     
   54.698874739960907        55.421642468239561        1.0000000000000000     
   55.367088507848443        55.713120084694488        1.0000000000000000     
   55.913808863392795        56.004597701149422        1.0000000000000000     
   56.399782512765547        56.587552934059282        1.0000000000000000     
   57.007249574481492        57.287099213551116        1.0000000000000000     
   57.663314001134701        57.986645493042950        1.0000000000000000     
   58.343677110256564        58.880510183504732        1.0000000000000000     
   59.072637584315693        59.657783827384549        1.0000000000000000     
   59.801598058374822        60.240739060294409        1.0000000000000000     
   60.530558532433957        60.784830611010278        1.0000000000000000     
   61.259519006493086        61.562104254890095        1.0000000000000000     
   61.866986068209023        62.358809739866906        1.0000000000000000     
   62.717439954611343        63.116651542649720        1.0000000000000000     
   63.446400428670479        63.816197822141554        1.0000000000000000     
   64.053867490386409        64.457448578342394        1.0000000000000000     
   64.709931917039626        64.982108287961267        1.0000000000000000     
   65.390295026161496        65.875972978423064        1.0000000000000000     
   66.119255500220618        66.575519257914891        1.0000000000000000     
   66.605229149593370        66.614382940108896        1.0000000000000000     
   66.969709386622938        67.313929219600709        1.0000000000000000     
   67.577176448338889        68.013475499092550        1.0000000000000000     
   68.306136922398011        68.596430732002403        1.0000000000000000     
   68.986500031519867        69.272658802177858        1.0000000000000000     
   69.521071045829899        69.995523290986085        1.0000000000000000     
   70.250031519889035        70.811660617059886        1.0000000000000000     
   70.007044695202651        70.228705384150032        1.0000000000000000     
   71.027589358885436        71.511206896551727        1.0000000000000000     
   70.736005169261787        70.811660617059886        1.0000000000000000     
   71.756549832944572        72.257389594676340        1.0000000000000000     
   71.464965643320923        71.511206896551727        1.0000000000000000     
   72.436912942066428        72.910299455535380        1.0000000000000000     
   72.193926117380045        72.327344222625527        1.0000000000000000     
   73.214470781062829        73.423300060496061        1.0000000000000000     
   72.922886591439180        73.026890502117354        1.0000000000000000     
   73.894833890184685        74.309392014519048        1.0000000000000000     
   73.651847065498316        73.609845735027221        1.0000000000000000     
   74.429404904494717        75.008938294010875        1.0000000000000000     
   75.049021307444974        75.242120387174822        1.0000000000000000     
   75.413501544474542        75.825075620084689        1.0000000000000000     
   76.081715312362078        76.408030852994543        1.0000000000000000     
   76.810675786421214        77.185304496874366        1.0000000000000000     
   77.296649435793967        77.690532365396237        1.0000000000000000     
   77.296649435793967        25.690925589836667        1.0000000000000000     
   78.268596734539472        78.506669691470051        1.0000000000000000     
   78.876063796255423        79.206215970961878        1.0000000000000000     
   79.532128222908625        79.905762250453705        1.0000000000000000     
   80.163893967093216        80.651944948578333        1.0000000000000000     
   80.941451806089617        81.382582173825355        1.0000000000000000     
   81.548918867805568        81.829514519056261        1.0000000000000000     
   82.156385929521505        82.548492639645076        1.0000000000000000     
   82.885346403580641        82.995424984875967        1.0000000000000000     
   83.128333228267010        83.597812058882823        1.0000000000000000     
   83.735800289982961        84.336222020568655        1.0000000000000000     
   84.343267351698898        85.035768300060482        1.0000000000000000     
   85.315214650444403        85.618723532970350        1.0000000000000000     
   86.044175124503539        86.201678765880217        1.0000000000000000     
   86.651642186219476        86.901225045372044        1.0000000000000000     
   87.259109247935427        87.795089735833827        1.0000000000000000     
   87.988069721994563        88.494636015325653        1.0000000000000000     
   88.717030196053685        89.233045977011486        1.0000000000000000     
   89.445990670112820        89.854864892115330        1.0000000000000000     
   90.174951144171956        90.515547489413180        1.0000000000000000     
   90.903911618231078        91.292821133292989        1.0000000000000000     
   91.511378679947029        91.972935571687827        1.0000000000000000     
   92.118845741662966        92.691913692276657        1.0000000000000000     
   92.604819391035718        92.847368421052622        1.0000000000000000     
   93.090793040408471        93.469187336156466        1.0000000000000000     
   93.698260102124422        94.129869933454316        1.0000000000000000     
   94.305727163840359        94.829416212946143        1.0000000000000000     
   95.034687637899495        95.528962492437984        1.0000000000000000     
   95.763648111958616        96.228508771929810        1.0000000000000000     
   96.431861879846153        96.519986388384751        1.0000000000000000     
   96.978582235390505        97.316691873361549        1.0000000000000000     
   97.282315766248473        97.744192377495452        1.0000000000000000     
   97.950529534136010        98.327147610405319        1.0000000000000000     
   98.630892643257880        98.886784633998772        1.0000000000000000     
   99.214061022505177        99.539694494857827        1.0000000000000000     
   99.943021496564299        100.42578644888081        1.0000000000000000     
   99.651437306940650        99.726240169388973        1.0000000000000000     
   100.67198197062343        101.12533272837264        1.0000000000000000     
   100.38039778099979        100.42578644888081        1.0000000000000000     
   101.19035386328771        101.28078745714861        1.0000000000000000     
   101.47383849208849        101.99976557773743        1.0000000000000000     
   102.81026602786356        103.22397156684815        1.0000000000000000     
   103.53922650192268        103.76806311756401        1.0000000000000000     
   103.29623967723631        103.10738052026618        1.0000000000000000     
   103.66071991426588        51.807320024198425        1.0000000000000000     
   102.28884826325410        102.54035087719296        1.0000000000000000     
