  0.31842337514971897       0.85703266787659516       0.94999999999999996     
   2.6839185526066789E-002  0.27407743496672765       0.94999999999999996     
  0.75579965958519768        1.0902147610405422       0.94999999999999996     
   1.2417733089579519        1.6731699939503955       0.94999999999999996     
   1.8492403706738947        2.2561252268602630       0.94999999999999996     
   2.4567074323898370        2.9556715063520898       0.94999999999999996     
   3.2464146126205624        3.6552177858439165       0.94999999999999996     
   2.9426810817625912        3.0722625529340633       0.94999999999999996     
   3.9146283805080997        4.0438546077838282       0.94999999999999996     
   4.1576152051944764        4.5879461584997046       0.94999999999999996     
   4.7650822669104187        5.2874924379915313       0.94999999999999996     
   5.3725493286263628        5.8704476709013989       0.94999999999999996     
   6.1015098026854933        6.4534029038112521       0.94999999999999996     
   6.5874834520582475        6.5699939503932256       0.94999999999999996     
   6.9519636890878136        7.2695402298850667       0.94999999999999996     
   7.5594307508037559        8.0856775559588669       0.94999999999999996     
   8.2883912248628864        8.7852238354506937       0.94999999999999996     
   9.0173516989220186        9.4847701149425347       0.94999999999999996     
   9.6248187606379609        10.126020871143382       0.94999999999999996     
   10.353779234697091        10.650680580762256       0.94999999999999996     
   11.204233121099412        11.505681589030047       0.94999999999999996     
   11.811700182815354        12.282955232909856       0.94999999999999996     
   12.419167244531296        12.982501512401697       0.94999999999999996     
   13.148127718590429        13.682047791893524       0.94999999999999996     
   13.877088192649561        14.303866706997383       0.94999999999999996     
   14.484555254365501        14.498185117967338       0.94999999999999996     
   14.727542079051878        15.081140350877192       0.94999999999999996     
   15.335009140767822        15.780686630369033       0.94999999999999996     
   16.063969614826952        16.480232909860860       0.94999999999999996     
   16.671436676542893        17.179779189352686       0.94999999999999996     
   17.327501103196113        17.879325468844527       0.94999999999999996     
   17.764877387631589        18.112507562008474       0.94999999999999996     
   18.250851037004345        18.695462794918328       0.94999999999999996     
   18.979811511063478        19.278418027828195       0.94999999999999996     
   19.587278572779418        19.977964307320022       0.94999999999999996     
   20.194745634495362        20.677510586811863       0.94999999999999996     
   20.972303473491767        21.377056866303690       0.94999999999999996     
   21.701263947550899        22.169875983061090       0.94999999999999996     
   21.409679757927247        21.493647912885663       0.94999999999999996     
   22.381627056672755        22.815013107481349       0.94999999999999996     
   23.049840824560292        23.359104658197211       0.94999999999999996     
   23.839548004791016        24.175241984271025       0.94999999999999996     
   24.568508478850148        24.903936025408342       0.94999999999999996     
   25.103079493160177        77.620577737447064       0.94999999999999996     
   25.054482128222901        25.574334543254693       0.94999999999999996     
   26.026429426968409        26.507062915910467       0.94999999999999996     
   26.633896488684353        27.090018148820320       0.94999999999999996     
   27.241363550400294        27.672973381730188       0.94999999999999996     
   27.970324024459426        28.372519661222015       0.94999999999999996     
   28.747881863455834        29.072065940713856       0.94999999999999996     
   29.185258147891311        29.305248033877803       0.94999999999999996     
   29.549738384920879        30.004794313369629       0.94999999999999996     
   30.157205446636819        30.704340592861456       0.94999999999999996     
   30.886165920695948        31.287295825771324       0.94999999999999996     
   31.493632982411892        31.870251058681191       0.94999999999999996     
   32.101100044127840        32.608661020367009       0.94999999999999996     
   32.951553930530160        33.385934664246818       0.94999999999999996     
   33.802007816932480        34.163208308126627       0.94999999999999996     
   34.409474878648425        34.959913793103453       0.94999999999999996     
   35.138435352707553        35.601164549304286       0.94999999999999996     
   35.867395826766682        36.184119782214154       0.94999999999999996     
   36.474862888482626        37.000257108287954       0.94999999999999996     
   37.203823362541762        37.699803387779795       0.94999999999999996     
   37.932783836600890        38.399349667271622       0.94999999999999996     
   38.661744310660019        39.098895946763463       0.94999999999999996     
   39.269211372375963        39.740146702964310       0.94999999999999996     
   39.876678434091907        40.459124823553125       0.94999999999999996     
   40.848625732837412        41.197534785238958       0.94999999999999996     
   41.456092794553356        41.897081064730784       0.94999999999999996     
   42.063559856269300        42.596627344222625       0.94999999999999996     
   42.841117695265702        43.296173623714452       0.94999999999999996     
   43.521480804387565        44.073447267594268       0.94999999999999996     
   44.007454453760317        44.112310949788260       0.94999999999999996     
   44.371934690789878        44.695266182698120       0.94999999999999996     
   44.979401752505822        45.394812462189954       0.94999999999999996     
   45.708362226564958        46.094358741681788       0.94999999999999996     
   46.437322700624087        46.910496067755595       0.94999999999999996     
   46.971893714934112        47.540087719298242       0.94999999999999996     
   47.652256824055975        48.231861262351273       0.94999999999999996     
   48.138230473428727        48.309588626739256       0.94999999999999996     
   48.624204122801480        48.892543859649116       0.94999999999999996     
   49.231671184517424        49.592090139140950       0.94999999999999996     
   49.839138246233368        50.291636418632784       0.94999999999999996     
   50.616696085229769        50.991182698124618       0.94999999999999996     
   51.297059194351625        51.651865295422461       0.94999999999999996     
   52.188010884868341        52.506866303690259       0.94999999999999996     
   52.803577507407162        53.089821536600120       0.94999999999999996     
   53.483940616529019        53.789367816091946       0.94999999999999996     
   54.212901090588154        54.605505142165754       0.94999999999999996     
   53.969914265901778        54.022549909255893       0.94999999999999996     
   54.747472104898179        55.235096793708401       0.94999999999999996     
   55.427835214020035        55.965734018955430       0.94999999999999996     
   55.184848389333659        55.305051421657588       0.94999999999999996     
   55.913808863392795        56.004597701149422       0.94999999999999996     
   56.399782512765547        56.587552934059282       0.94999999999999996     
   57.128742986824676        57.442553942327073       0.94999999999999996     
   57.663314001134701        58.033281911675736       0.94999999999999996     
   58.343677110256564        58.744487295825763       0.94999999999999996     
   59.011890878144101        59.414885813672107       0.94999999999999996     
   59.801598058374822        60.240739060294409       0.94999999999999996     
   60.530558532433957        60.784830611010278       0.94999999999999996     
   61.259519006493086        61.562104254890095       0.94999999999999996     
   61.866986068209023        62.358809739866906       0.94999999999999996     
   62.717439954611343        63.116651542649720       0.94999999999999996     
   63.446400428670479        63.816197822141554       0.94999999999999996     
   64.053867490386409        64.457448578342394       0.94999999999999996     
   64.709931917039626        64.982108287961267       0.94999999999999996     
   65.390295026161496        65.914836660617055       0.94999999999999996     
   66.058508794049033        66.497791893526909       0.94999999999999996     
   66.605229149593370        66.614382940108896       0.94999999999999996     
   66.969709386622938        67.313929219600709       0.94999999999999996     
   67.577176448338889        68.013475499092550       0.94999999999999996     
   68.306136922398011        68.713021778584391       0.94999999999999996     
   68.986500031519867        69.272658802177858       0.94999999999999996     
   69.569668410767179        69.925568663036898       0.94999999999999996     
   70.298628884826300        70.765024198427099       0.94999999999999996     
   70.007044695202651        70.112114337568045       0.94999999999999996     
   71.027589358885436        71.487888687235326       0.94999999999999996     
   70.736005169261787        70.811660617059886       0.94999999999999996     
   71.768699174178892        72.502230792498480       0.94999999999999996     
   71.545961251549699        71.588934260939709       0.94999999999999996     
   72.497659648238013        72.997742740471864       0.94999999999999996     
   72.193926117380045        72.210753176043553       0.94999999999999996     
   73.214470781062829        73.423300060496061       0.94999999999999996     
   72.922886591439180        72.910299455535380       0.94999999999999996     
   73.943431255121965        74.192800967937075       0.94999999999999996     
   73.651847065498316        73.376663641863274       0.94999999999999996     
   74.429404904494717        75.008938294010875       0.94999999999999996     
   75.049021307444974        75.242120387174822       0.94999999999999996     
   75.413501544474542        75.825075620084689       0.94999999999999996     
   76.081715312362078        76.408030852994543       0.94999999999999996     
   76.810675786421214        77.146440814680375       0.94999999999999996     
   77.345246800731232        77.620577737447064       0.94999999999999996     
   78.329343440711071        78.506669691470051       0.94999999999999996     
   78.997557208598607        79.322807017543852       0.94999999999999996     
   79.532128222908625        79.952398669086506       0.94999999999999996     
   80.212491332030496        80.605308529945546       0.94999999999999996     
   80.941451806089617        81.382582173825355       0.94999999999999996     
   81.609665573977153        81.742071234119777       0.94999999999999996     
   82.217132635693105        82.645651845130061       0.94999999999999996     
   82.824599697409042        82.937129461584988       0.94999999999999996     
   83.128333228267010        83.636675741076829       0.94999999999999996     
   83.735800289982961        84.336222020568655       0.94999999999999996     
   84.343267351698898        85.035768300060482       0.94999999999999996     
   84.829241001071651        85.035768300060482       0.94999999999999996     
   85.315214650444403        85.618723532970350       0.94999999999999996     
   86.044175124503539        86.201678765880217       0.94999999999999996     
   86.651642186219476        86.901225045372044       0.94999999999999996     
   87.259109247935427        87.717362371445844       0.94999999999999996     
   87.988069721994563        88.494636015325653       0.94999999999999996     
   88.717030196053685        89.233045977011486       0.94999999999999996     
   89.324497257769636        89.816001209921353       0.94999999999999996     
   90.174951144171956        90.515547489413180       0.94999999999999996     
   90.903911618231078        91.292821133292989       0.94999999999999996     
   91.511378679947029        91.972935571687827       0.94999999999999996     
   92.118845741662966        92.691913692276657       0.94999999999999996     
   92.604819391035718        92.730777374470648       0.94999999999999996     
   93.090793040408471        93.430323653962489       0.94999999999999996     
   93.819753514467607        94.207597297842298       0.94999999999999996     
   94.305727163840359        94.712825166364183       0.94999999999999996     
   95.034687637899495        95.528962492437984       0.94999999999999996     
   95.763648111958616        96.228508771929810       0.94999999999999996     
   96.492608586017752        96.928055051421651       0.94999999999999996     
   96.249621761331383        96.228508771929810       0.94999999999999996     
   97.027179600327784        97.627601330913478       0.94999999999999996     
   97.707542709449640        98.249420246017337       0.94999999999999996     
   97.464555884763257        97.511010284331505       0.94999999999999996     
   98.387905818571497        98.583647912885652       0.94999999999999996     
   98.922476832881529        99.172432698124609       0.94999999999999996     
   99.165463657567898        99.959422262552920       0.94999999999999996     
   99.529943894597466        99.434762552934046       0.94999999999999996     
   99.894424131627034        100.65896854204476       0.94999999999999996     
   99.894424131627034        100.03714962694090       0.94999999999999996     
   100.67198197062343        101.10201451905625       0.94999999999999996     
   100.38039778099979        100.42578644888081       0.94999999999999996     
   101.35234507974529        101.82487900786448       0.94999999999999996     
   101.10935825505892        101.12533272837264       0.94999999999999996     
   101.83831872911804        102.56328896955030       0.94999999999999996     
   102.44578579083399        102.64101633393828       0.94999999999999996     
   102.81026602786356        103.22397156684815       0.94999999999999996     
   103.53922650192268        103.76806311756401       0.94999999999999996     
   103.29623967723631        103.10738052026618       0.94999999999999996     
