   8.2078698170333739E-002   2.5380303030303028E-003
   8.2078698170333739E-002   2.5447474747474748E-003
   8.2078698170333739E-002   2.5514646464646460E-003
   8.2078698170333739E-002   2.5581818181818180E-003
   8.2078698170333739E-002   2.5648989898989900E-003
   8.2078698170333739E-002   2.5716161616161620E-003
   8.2367751425650948E-002   2.5178787878787881E-003
   8.2367751425650948E-002   2.5245959595959588E-003
   8.2367751425650948E-002   2.5313131313131308E-003
   8.2367751425650948E-002   2.5380303030303028E-003
   8.2367751425650948E-002   2.5447474747474748E-003
   8.2367751425650948E-002   2.5514646464646460E-003
   8.2367751425650948E-002   2.5581818181818180E-003
   8.2367751425650948E-002   2.5648989898989900E-003
   8.2367751425650948E-002   2.5716161616161620E-003
   8.2367751425650948E-002   2.5783333333333331E-003
   8.2367751425650948E-002   2.5850505050505051E-003
   8.2656804680968143E-002   2.5111616161616161E-003
   8.2656804680968143E-002   2.5178787878787881E-003
   8.2656804680968143E-002   2.5245959595959588E-003
   8.2656804680968143E-002   2.5313131313131308E-003
   8.2656804680968143E-002   2.5380303030303028E-003
   8.2656804680968143E-002   2.5447474747474748E-003
   8.2656804680968143E-002   2.5514646464646460E-003
   8.2656804680968143E-002   2.5581818181818180E-003
   8.2656804680968143E-002   2.5648989898989900E-003
   8.2656804680968143E-002   2.5716161616161620E-003
   8.2656804680968143E-002   2.5783333333333331E-003
   8.2656804680968143E-002   2.5850505050505051E-003
   8.2656804680968143E-002   2.5917676767676771E-003
   8.2945857936285339E-002   2.5044444444444450E-003
   8.2945857936285339E-002   2.5111616161616161E-003
   8.2945857936285339E-002   2.5178787878787881E-003
   8.2945857936285339E-002   2.5245959595959588E-003
   8.2945857936285339E-002   2.5313131313131308E-003
   8.2945857936285339E-002   2.5380303030303028E-003
   8.2945857936285339E-002   2.5447474747474748E-003
   8.2945857936285339E-002   2.5514646464646460E-003
   8.2945857936285339E-002   2.5581818181818180E-003
   8.2945857936285339E-002   2.5648989898989900E-003
   8.2945857936285339E-002   2.5716161616161620E-003
   8.2945857936285339E-002   2.5783333333333331E-003
   8.2945857936285339E-002   2.5850505050505051E-003
   8.2945857936285339E-002   2.5917676767676771E-003
   8.3234911191602534E-002   2.4977272727272730E-003
   8.3234911191602534E-002   2.5044444444444450E-003
   8.3234911191602534E-002   2.5111616161616161E-003
   8.3234911191602534E-002   2.5178787878787881E-003
   8.3234911191602534E-002   2.5245959595959588E-003
   8.3234911191602534E-002   2.5313131313131308E-003
   8.3234911191602534E-002   2.5380303030303028E-003
   8.3234911191602534E-002   2.5447474747474748E-003
   8.3234911191602534E-002   2.5514646464646460E-003
   8.3234911191602534E-002   2.5581818181818180E-003
   8.3234911191602534E-002   2.5648989898989900E-003
   8.3234911191602534E-002   2.5716161616161620E-003
   8.3234911191602534E-002   2.5783333333333331E-003
   8.3234911191602534E-002   2.5850505050505051E-003
   8.3234911191602534E-002   2.5917676767676771E-003
   8.3234911191602534E-002   2.5984848484848478E-003
   8.3523964446919730E-002   2.4977272727272730E-003
   8.3523964446919730E-002   2.5044444444444450E-003
   8.3523964446919730E-002   2.5111616161616161E-003
   8.3523964446919730E-002   2.5178787878787881E-003
   8.3523964446919730E-002   2.5245959595959588E-003
   8.3523964446919730E-002   2.5313131313131308E-003
   8.3523964446919730E-002   2.5380303030303028E-003
   8.3523964446919730E-002   2.5447474747474748E-003
   8.3523964446919730E-002   2.5514646464646460E-003
   8.3523964446919730E-002   2.5581818181818180E-003
   8.3523964446919730E-002   2.5648989898989900E-003
   8.3523964446919730E-002   2.5716161616161620E-003
   8.3523964446919730E-002   2.5783333333333331E-003
   8.3523964446919730E-002   2.5850505050505051E-003
   8.3523964446919730E-002   2.5917676767676771E-003
   8.3523964446919730E-002   2.5984848484848478E-003
   8.3813017702236925E-002   2.4910101010101010E-003
   8.3813017702236925E-002   2.4977272727272730E-003
   8.3813017702236925E-002   2.5044444444444450E-003
   8.3813017702236925E-002   2.5111616161616161E-003
   8.3813017702236925E-002   2.5178787878787881E-003
   8.3813017702236925E-002   2.5245959595959588E-003
   8.3813017702236925E-002   2.5313131313131308E-003
   8.3813017702236925E-002   2.5380303030303028E-003
   8.3813017702236925E-002   2.5447474747474748E-003
   8.3813017702236925E-002   2.5514646464646460E-003
   8.3813017702236925E-002   2.5581818181818180E-003
   8.3813017702236925E-002   2.5648989898989900E-003
   8.3813017702236925E-002   2.5716161616161620E-003
   8.3813017702236925E-002   2.5783333333333331E-003
   8.3813017702236925E-002   2.5850505050505051E-003
   8.3813017702236925E-002   2.5917676767676771E-003
   8.3813017702236925E-002   2.5984848484848478E-003
   8.4102070957554120E-002   2.4842929292929290E-003
   8.4102070957554120E-002   2.4910101010101010E-003
   8.4102070957554120E-002   2.4977272727272730E-003
   8.4102070957554120E-002   2.5044444444444450E-003
   8.4102070957554120E-002   2.5111616161616161E-003
   8.4102070957554120E-002   2.5178787878787881E-003
   8.4102070957554120E-002   2.5245959595959588E-003
   8.4102070957554120E-002   2.5313131313131308E-003
   8.4102070957554120E-002   2.5380303030303028E-003
   8.4102070957554120E-002   2.5447474747474748E-003
   8.4102070957554120E-002   2.5514646464646460E-003
   8.4102070957554120E-002   2.5581818181818180E-003
   8.4102070957554120E-002   2.5648989898989900E-003
   8.4102070957554120E-002   2.5716161616161620E-003
   8.4102070957554120E-002   2.5783333333333331E-003
   8.4102070957554120E-002   2.5850505050505051E-003
   8.4102070957554120E-002   2.5917676767676771E-003
   8.4102070957554120E-002   2.5984848484848478E-003
   8.4102070957554120E-002   2.6052020202020202E-003
   8.4391124212871330E-002   2.4842929292929290E-003
   8.4391124212871330E-002   2.4910101010101010E-003
   8.4391124212871330E-002   2.4977272727272730E-003
   8.4391124212871330E-002   2.5044444444444450E-003
   8.4391124212871330E-002   2.5111616161616161E-003
   8.4391124212871330E-002   2.5178787878787881E-003
   8.4391124212871330E-002   2.5245959595959588E-003
   8.4391124212871330E-002   2.5313131313131308E-003
   8.4391124212871330E-002   2.5380303030303028E-003
   8.4391124212871330E-002   2.5447474747474748E-003
   8.4391124212871330E-002   2.5514646464646460E-003
   8.4391124212871330E-002   2.5581818181818180E-003
   8.4391124212871330E-002   2.5648989898989900E-003
   8.4391124212871330E-002   2.5716161616161620E-003
   8.4391124212871330E-002   2.5783333333333331E-003
   8.4391124212871330E-002   2.5850505050505051E-003
   8.4391124212871330E-002   2.5917676767676771E-003
   8.4391124212871330E-002   2.5984848484848478E-003
   8.4391124212871330E-002   2.6052020202020202E-003
   8.4680177468188525E-002   2.4842929292929290E-003
   8.4680177468188525E-002   2.4910101010101010E-003
   8.4680177468188525E-002   2.4977272727272730E-003
   8.4680177468188525E-002   2.5044444444444450E-003
   8.4680177468188525E-002   2.5111616161616161E-003
   8.4680177468188525E-002   2.5178787878787881E-003
   8.4680177468188525E-002   2.5245959595959588E-003
   8.4680177468188525E-002   2.5313131313131308E-003
   8.4680177468188525E-002   2.5380303030303028E-003
   8.4680177468188525E-002   2.5447474747474748E-003
   8.4680177468188525E-002   2.5514646464646460E-003
   8.4680177468188525E-002   2.5581818181818180E-003
   8.4680177468188525E-002   2.5648989898989900E-003
   8.4680177468188525E-002   2.5716161616161620E-003
   8.4680177468188525E-002   2.5783333333333331E-003
   8.4680177468188525E-002   2.5850505050505051E-003
   8.4680177468188525E-002   2.5917676767676771E-003
   8.4680177468188525E-002   2.5984848484848478E-003
   8.4680177468188525E-002   2.6052020202020202E-003
   8.4969230723505720E-002   2.4775757575757570E-003
   8.4969230723505720E-002   2.4842929292929290E-003
   8.4969230723505720E-002   2.4910101010101010E-003
   8.4969230723505720E-002   2.4977272727272730E-003
   8.4969230723505720E-002   2.5044444444444450E-003
   8.4969230723505720E-002   2.5111616161616161E-003
   8.4969230723505720E-002   2.5178787878787881E-003
   8.4969230723505720E-002   2.5245959595959588E-003
   8.4969230723505720E-002   2.5313131313131308E-003
   8.4969230723505720E-002   2.5380303030303028E-003
   8.4969230723505720E-002   2.5447474747474748E-003
   8.4969230723505720E-002   2.5514646464646460E-003
   8.4969230723505720E-002   2.5581818181818180E-003
   8.4969230723505720E-002   2.5648989898989900E-003
   8.4969230723505720E-002   2.5716161616161620E-003
   8.4969230723505720E-002   2.5783333333333331E-003
   8.4969230723505720E-002   2.5850505050505051E-003
   8.4969230723505720E-002   2.5917676767676771E-003
   8.4969230723505720E-002   2.5984848484848478E-003
   8.5258283978822916E-002   2.4775757575757570E-003
   8.5258283978822916E-002   2.4842929292929290E-003
   8.5258283978822916E-002   2.4910101010101010E-003
   8.5258283978822916E-002   2.4977272727272730E-003
   8.5258283978822916E-002   2.5044444444444450E-003
   8.5258283978822916E-002   2.5111616161616161E-003
   8.5258283978822916E-002   2.5178787878787881E-003
   8.5258283978822916E-002   2.5245959595959588E-003
   8.5258283978822916E-002   2.5313131313131308E-003
   8.5258283978822916E-002   2.5380303030303028E-003
   8.5258283978822916E-002   2.5447474747474748E-003
   8.5258283978822916E-002   2.5514646464646460E-003
   8.5258283978822916E-002   2.5581818181818180E-003
   8.5258283978822916E-002   2.5648989898989900E-003
   8.5258283978822916E-002   2.5716161616161620E-003
   8.5258283978822916E-002   2.5783333333333331E-003
   8.5258283978822916E-002   2.5850505050505051E-003
   8.5258283978822916E-002   2.5917676767676771E-003
   8.5258283978822916E-002   2.5984848484848478E-003
   8.5547337234140111E-002   2.4775757575757570E-003
   8.5547337234140111E-002   2.4842929292929290E-003
   8.5547337234140111E-002   2.4910101010101010E-003
   8.5547337234140111E-002   2.4977272727272730E-003
   8.5547337234140111E-002   2.5044444444444450E-003
   8.5547337234140111E-002   2.5111616161616161E-003
   8.5547337234140111E-002   2.5178787878787881E-003
   8.5547337234140111E-002   2.5245959595959588E-003
   8.5547337234140111E-002   2.5313131313131308E-003
   8.5547337234140111E-002   2.5380303030303028E-003
   8.5547337234140111E-002   2.5447474747474748E-003
   8.5547337234140111E-002   2.5514646464646460E-003
   8.5547337234140111E-002   2.5581818181818180E-003
   8.5547337234140111E-002   2.5648989898989900E-003
   8.5547337234140111E-002   2.5716161616161620E-003
   8.5547337234140111E-002   2.5783333333333331E-003
   8.5547337234140111E-002   2.5850505050505051E-003
   8.5547337234140111E-002   2.5917676767676771E-003
   8.5547337234140111E-002   2.5984848484848478E-003
   8.5836390489457320E-002   2.4775757575757570E-003
   8.5836390489457320E-002   2.4842929292929290E-003
   8.5836390489457320E-002   2.4910101010101010E-003
   8.5836390489457320E-002   2.4977272727272730E-003
   8.5836390489457320E-002   2.5044444444444450E-003
   8.5836390489457320E-002   2.5111616161616161E-003
   8.5836390489457320E-002   2.5178787878787881E-003
   8.5836390489457320E-002   2.5245959595959588E-003
   8.5836390489457320E-002   2.5313131313131308E-003
   8.5836390489457320E-002   2.5380303030303028E-003
   8.5836390489457320E-002   2.5447474747474748E-003
   8.5836390489457320E-002   2.5514646464646460E-003
   8.5836390489457320E-002   2.5581818181818180E-003
   8.5836390489457320E-002   2.5648989898989900E-003
   8.5836390489457320E-002   2.5716161616161620E-003
   8.5836390489457320E-002   2.5783333333333331E-003
   8.5836390489457320E-002   2.5850505050505051E-003
   8.5836390489457320E-002   2.5917676767676771E-003
   8.5836390489457320E-002   2.5984848484848478E-003
   8.6125443744774516E-002   2.4775757575757570E-003
   8.6125443744774516E-002   2.4842929292929290E-003
   8.6125443744774516E-002   2.4910101010101010E-003
   8.6125443744774516E-002   2.4977272727272730E-003
   8.6125443744774516E-002   2.5044444444444450E-003
   8.6125443744774516E-002   2.5111616161616161E-003
   8.6125443744774516E-002   2.5178787878787881E-003
   8.6125443744774516E-002   2.5245959595959588E-003
   8.6125443744774516E-002   2.5313131313131308E-003
   8.6125443744774516E-002   2.5380303030303028E-003
   8.6125443744774516E-002   2.5447474747474748E-003
   8.6125443744774516E-002   2.5514646464646460E-003
   8.6125443744774516E-002   2.5581818181818180E-003
   8.6125443744774516E-002   2.5648989898989900E-003
   8.6125443744774516E-002   2.5716161616161620E-003
   8.6125443744774516E-002   2.5783333333333331E-003
   8.6125443744774516E-002   2.5850505050505051E-003
   8.6125443744774516E-002   2.5917676767676771E-003
   8.6125443744774516E-002   2.5984848484848478E-003
   8.6414497000091711E-002   2.4775757575757570E-003
   8.6414497000091711E-002   2.4842929292929290E-003
   8.6414497000091711E-002   2.4910101010101010E-003
   8.6414497000091711E-002   2.4977272727272730E-003
   8.6414497000091711E-002   2.5044444444444450E-003
   8.6414497000091711E-002   2.5111616161616161E-003
   8.6414497000091711E-002   2.5178787878787881E-003
   8.6414497000091711E-002   2.5245959595959588E-003
   8.6414497000091711E-002   2.5313131313131308E-003
   8.6414497000091711E-002   2.5380303030303028E-003
   8.6414497000091711E-002   2.5447474747474748E-003
   8.6414497000091711E-002   2.5514646464646460E-003
   8.6414497000091711E-002   2.5581818181818180E-003
   8.6414497000091711E-002   2.5648989898989900E-003
   8.6414497000091711E-002   2.5716161616161620E-003
   8.6414497000091711E-002   2.5783333333333331E-003
   8.6414497000091711E-002   2.5850505050505051E-003
   8.6414497000091711E-002   2.5917676767676771E-003
   8.6703550255408907E-002   2.4775757575757570E-003
   8.6703550255408907E-002   2.4842929292929290E-003
   8.6703550255408907E-002   2.4910101010101010E-003
   8.6703550255408907E-002   2.4977272727272730E-003
   8.6703550255408907E-002   2.5044444444444450E-003
   8.6703550255408907E-002   2.5111616161616161E-003
   8.6703550255408907E-002   2.5178787878787881E-003
   8.6703550255408907E-002   2.5245959595959588E-003
   8.6703550255408907E-002   2.5313131313131308E-003
   8.6703550255408907E-002   2.5380303030303028E-003
   8.6703550255408907E-002   2.5447474747474748E-003
   8.6703550255408907E-002   2.5514646464646460E-003
   8.6703550255408907E-002   2.5581818181818180E-003
   8.6703550255408907E-002   2.5648989898989900E-003
   8.6703550255408907E-002   2.5716161616161620E-003
   8.6703550255408907E-002   2.5783333333333331E-003
   8.6703550255408907E-002   2.5850505050505051E-003
   8.6703550255408907E-002   2.5917676767676771E-003
   8.6992603510726102E-002   2.4775757575757570E-003
   8.6992603510726102E-002   2.4842929292929290E-003
   8.6992603510726102E-002   2.4910101010101010E-003
   8.6992603510726102E-002   2.4977272727272730E-003
   8.6992603510726102E-002   2.5044444444444450E-003
   8.6992603510726102E-002   2.5111616161616161E-003
   8.6992603510726102E-002   2.5178787878787881E-003
   8.6992603510726102E-002   2.5245959595959588E-003
   8.6992603510726102E-002   2.5313131313131308E-003
   8.6992603510726102E-002   2.5380303030303028E-003
   8.6992603510726102E-002   2.5447474747474748E-003
   8.6992603510726102E-002   2.5514646464646460E-003
   8.6992603510726102E-002   2.5581818181818180E-003
   8.6992603510726102E-002   2.5648989898989900E-003
   8.6992603510726102E-002   2.5716161616161620E-003
   8.6992603510726102E-002   2.5783333333333331E-003
   8.6992603510726102E-002   2.5850505050505051E-003
   8.7281656766043297E-002   2.4775757575757570E-003
   8.7281656766043297E-002   2.4842929292929290E-003
   8.7281656766043297E-002   2.4910101010101010E-003
   8.7281656766043297E-002   2.4977272727272730E-003
   8.7281656766043297E-002   2.5044444444444450E-003
   8.7281656766043297E-002   2.5111616161616161E-003
   8.7281656766043297E-002   2.5178787878787881E-003
   8.7281656766043297E-002   2.5245959595959588E-003
   8.7281656766043297E-002   2.5313131313131308E-003
   8.7281656766043297E-002   2.5380303030303028E-003
   8.7281656766043297E-002   2.5447474747474748E-003
   8.7281656766043297E-002   2.5514646464646460E-003
   8.7281656766043297E-002   2.5581818181818180E-003
   8.7281656766043297E-002   2.5648989898989900E-003
   8.7281656766043297E-002   2.5716161616161620E-003
   8.7281656766043297E-002   2.5783333333333331E-003
   8.7281656766043297E-002   2.5850505050505051E-003
   8.7570710021360493E-002   2.4775757575757570E-003
   8.7570710021360493E-002   2.4842929292929290E-003
   8.7570710021360493E-002   2.4910101010101010E-003
   8.7570710021360493E-002   2.4977272727272730E-003
   8.7570710021360493E-002   2.5044444444444450E-003
   8.7570710021360493E-002   2.5111616161616161E-003
   8.7570710021360493E-002   2.5178787878787881E-003
   8.7570710021360493E-002   2.5245959595959588E-003
   8.7570710021360493E-002   2.5313131313131308E-003
   8.7570710021360493E-002   2.5380303030303028E-003
   8.7570710021360493E-002   2.5447474747474748E-003
   8.7570710021360493E-002   2.5514646464646460E-003
   8.7570710021360493E-002   2.5581818181818180E-003
   8.7570710021360493E-002   2.5648989898989900E-003
   8.7570710021360493E-002   2.5716161616161620E-003
   8.7570710021360493E-002   2.5783333333333331E-003
   8.7859763276677702E-002   2.4842929292929290E-003
   8.7859763276677702E-002   2.4910101010101010E-003
   8.7859763276677702E-002   2.4977272727272730E-003
   8.7859763276677702E-002   2.5044444444444450E-003
   8.7859763276677702E-002   2.5111616161616161E-003
   8.7859763276677702E-002   2.5178787878787881E-003
   8.7859763276677702E-002   2.5245959595959588E-003
   8.7859763276677702E-002   2.5313131313131308E-003
   8.7859763276677702E-002   2.5380303030303028E-003
   8.7859763276677702E-002   2.5447474747474748E-003
   8.7859763276677702E-002   2.5514646464646460E-003
   8.7859763276677702E-002   2.5581818181818180E-003
   8.7859763276677702E-002   2.5648989898989900E-003
   8.7859763276677702E-002   2.5716161616161620E-003
   8.8148816531994897E-002   2.4842929292929290E-003
   8.8148816531994897E-002   2.4910101010101010E-003
   8.8148816531994897E-002   2.4977272727272730E-003
   8.8148816531994897E-002   2.5044444444444450E-003
   8.8148816531994897E-002   2.5111616161616161E-003
   8.8148816531994897E-002   2.5178787878787881E-003
   8.8148816531994897E-002   2.5245959595959588E-003
   8.8148816531994897E-002   2.5313131313131308E-003
   8.8148816531994897E-002   2.5380303030303028E-003
   8.8148816531994897E-002   2.5447474747474748E-003
   8.8148816531994897E-002   2.5514646464646460E-003
   8.8148816531994897E-002   2.5581818181818180E-003
   8.8148816531994897E-002   2.5648989898989900E-003
   8.8437869787312093E-002   2.4910101010101010E-003
   8.8437869787312093E-002   2.4977272727272730E-003
   8.8437869787312093E-002   2.5044444444444450E-003
   8.8437869787312093E-002   2.5111616161616161E-003
   8.8437869787312093E-002   2.5178787878787881E-003
   8.8437869787312093E-002   2.5245959595959588E-003
   8.8437869787312093E-002   2.5313131313131308E-003
   8.8437869787312093E-002   2.5380303030303028E-003
   8.8437869787312093E-002   2.5447474747474748E-003
   8.8437869787312093E-002   2.5514646464646460E-003
   8.8437869787312093E-002   2.5581818181818180E-003
   8.8726923042629288E-002   2.4977272727272730E-003
   8.8726923042629288E-002   2.5044444444444450E-003
   8.8726923042629288E-002   2.5111616161616161E-003
   8.8726923042629288E-002   2.5178787878787881E-003
   8.8726923042629288E-002   2.5245959595959588E-003
   8.8726923042629288E-002   2.5313131313131308E-003
   8.8726923042629288E-002   2.5380303030303028E-003
   8.8726923042629288E-002   2.5447474747474748E-003
   8.8726923042629288E-002   2.5514646464646460E-003
   8.9015976297946497E-002   2.5111616161616161E-003
   8.9015976297946497E-002   2.5178787878787881E-003
   8.9015976297946497E-002   2.5245959595959588E-003
   8.9015976297946497E-002   2.5313131313131308E-003
