   1.2731974809032037E-313   6.9070962995969020E-310   2.1219957860246159E-314   0.0000000000000000        0.0000000000000000        5.5029412398956640E-108   4.9406564584124654E-324                       NaN   3.9845493784252636E+252   4.6788576834386194E-310   3.9525251667299724E-323   0.0000000000000000        5.2554292682945124E-315
   4.6788576831609545E-310   1.2073709161180241E-315   6.9072448536491850E-310   0.0000000000000000        0.0000000000000000        6.4228533959362051E-323   6.9072420352224596E-310   6.9532151872447939E-310   6.0134700169990685E-154   0.0000000000000000        1.2845706791872410E-322   0.0000000000000000        0.0000000000000000     
   1.8774494541967369E-322   1.3580798968608696E-312   0.0000000000000000        0.0000000000000000        7.0650339936129072E-314   6.9532151872503274E-310   4.6788595093433905E-310                       NaN   6.0134700169990685E-154   6.9532151872969672E-310   0.0000000000000000        0.0000000000000000        0.0000000000000000     
   0.0000000000000000        2.7858385506404528E-319   4.6788594977952977E-310   0.0000000000000000        5.1382827167489641E-322   4.6788595093327187E-310   6.9072448537858435E-310   4.9406564584124654E-324   6.0134700169990685E-154   4.6788595093327187E-310   4.9406564584124654E-324   0.0000000000000000        0.0000000000000000     
   0.0000000000000000        0.0000000000000000        2.1219957919534036E-314   0.0000000000000000        6.4228533959362051E-323   5.5029412398956640E-108   4.6788576834411885E-310                       NaN   6.0134700169990685E-154   6.9072448554675936E-310   1.2845706791872410E-322   3.9525251667299724E-323   0.0000000000000000     
   0.0000000000000000        0.0000000000000000        6.3659873728958169E-314   0.0000000000000000        6.6797675317736533E-321   6.9072420352224596E-310                       NaN   4.6788584241661437E-310                       NaN   0.0000000000000000        6.9532151872969672E-310   1.4821969375237396E-323   0.0000000000000000     
   6.9532151872471654E-310   2.5296161067071823E-321   0.0000000000000000        0.0000000000000000        0.0000000000000000        5.5029412398956640E-108   6.9532151872503274E-310                       NaN                       NaN   5.5029412398956640E-108   6.9532151872866906E-310   0.0000000000000000        0.0000000000000000     
   5.5029412398956640E-108   4.6788595093327187E-310   0.0000000000000000        0.0000000000000000        6.9072448536224560E-310   0.0000000000000000        4.6788584241665389E-310   2.6531325181674939E-321   4.6788576834411885E-310   0.0000000000000000        6.9532151872677185E-310   0.0000000000000000        0.0000000000000000     
   0.0000000000000000        6.9072447766230168E-310   0.0000000000000000        0.0000000000000000        0.0000000000000000        5.5029412398956640E-108   4.6788576834411885E-310   6.4228533959362051E-323                       NaN   1.2845706791872410E-322   0.0000000000000000        0.0000000000000000        0.0000000000000000     
   0.0000000000000000        6.9072420352224596E-310   1.5810100666919889E-322   0.0000000000000000        6.9072420352224596E-310   4.9406564584124654E-324   6.4228533959362051E-323   4.9406564584124654E-324   6.9072448535399471E-310   6.9532151872969672E-310   4.6788595093327187E-310   0.0000000000000000        0.0000000000000000     
   6.9531436082608485E-310   6.9072449716194131E-310   0.0000000000000000        0.0000000000000000        6.9072449716194131E-310   4.6788595093327187E-310   2.1219957860246159E-314   6.4228533959362051E-323   6.9532151872526989E-310   3.9525251667299724E-323   6.4228533959362051E-323   0.0000000000000000        0.0000000000000000     
   0.0000000000000000        6.3240402667679558E-322   0.0000000000000000        0.0000000000000000        6.9072448536491850E-310   4.9406564584124654E-324   4.6788576773142311E-310   1.8400996508240997E-080   1.2801133747439440E-312   0.0000000000000000        0.0000000000000000        0.0000000000000000        0.0000000000000000     
   0.0000000000000000        6.9072449716158559E-310   0.0000000000000000        0.0000000000000000        4.6788595144575628E-310   0.0000000000000000        6.4228533959362051E-323   3.3408064006375783E+151   6.9532151872471654E-310   6.9072448554237206E-310   0.0000000000000000       -1.4487070635840638E-242   0.0000000000000000     
