   336.67740799236958        327.09988063563219        318.17055828354182        309.91332354139308        302.35238853379360        295.51229795518145        289.41793216365505        284.09451031851205        279.56759356194709        275.86308824530374        273.00724920035390        271.02668305600372        269.94835160091588        269.79957519245079        270.60803621242849        272.40178257012474        275.20923125300652        279.05917192565528        283.98077057735475        290.00357321883553     
   322.16871568397562        312.51705415363199        303.52223947570940        295.20847698055996        287.60030704292927        280.72260821245288        274.60060038880272        269.25984804191108        264.72626347773468        261.02611014999775        258.18600601835357        256.23292695346277        255.19421018941944        255.09755782400487        255.97104036726245        257.84310033884225        260.74255591463657        264.69860462317990        269.74082709231197        275.89919084661699     
   308.84638389076804        299.13309485412151        290.08493755341834        281.72642390169239        274.08240612494683        267.17807996939365        261.03898795460628        255.69102267309043        251.16043013672058        247.47381317050929        244.65813485418488        242.74072201206059        241.74926875166688        241.71184005167271        242.65687539953916        244.61319247946619        247.60999091109966        251.67685603952418        256.84376277708293        263.14107949751360     
   296.75735379365551        286.99640848185925        277.90855738232119        269.51860338127301        261.85169469153533        254.93332813302493        248.78935246049377        243.44597173890770        238.92974876698503        235.26760854936464        232.48684181789451        230.61510860255598        229.68044185250673        229.71125110777302        230.73632622210238        232.78484113749033        235.88635771093249        240.07082959390470        245.36860616516248        251.81043651734706     
   285.94232132907041        276.14897095093227        267.03638512657250        258.62964256135621        250.95417204635015        244.03575580859200        237.90053290973137        232.57500269353068        228.08602828274712        224.46084012586545        221.72703959422836        219.91260263004909        219.04588344587290        219.15561827595366        220.27092918015876        222.42132790088590        225.63671977356449        229.94740769130763        235.38409612424908        241.97789519417449     
   276.43546161571487        266.62604210222423        257.50479108207423        249.09704830290644        241.42850810250644        234.52522282503503        228.41360628679396        223.12043729195830        218.67286319886517        215.09840353729695        212.42495367737956        210.68078855056035        209.89456642323034        210.09533272355867        211.31252392206235        213.57597146649056        216.91590577160065        221.36296026438632        226.94817548533734        233.70300324634036     
   268.26427421707558        258.45600516990442        249.34306324339022        240.95103475246617        233.30586485120472        226.43386101113558        220.36169655013697        215.11641421238892        210.72542979992363        207.21653585633777        204.61790540316179        202.95809572949292        202.26605223541483        202.57111232976945        203.90300938288314        206.29187673480038        209.76825175961014        214.36307998648903        220.10771927803353        227.03394406648414     
   261.44954433595518        251.66032676937755        242.57336611880496        234.21448102341441        226.60985295412172        219.78602974996187        213.76992920600617        208.58884271334981        204.27043895170976        200.84276763519364        198.33426331179689        196.77374921718928        196.19044118337834        196.61395160281552        198.07429344856200        200.60188435106545        204.22755073220173        208.98253199716265        214.89848478481423        222.00748727716524     
   256.00541270444518        246.25362979577881        237.21081679135008        228.90301058109898        221.35661462203461        214.59840252855668        208.65552171518905        203.55549709233188        199.32623481554202        195.99602608895015        193.59355102335010        192.14788254957620        191.68849038773857        192.24524507291983        193.84842203793505        196.52870575376483        200.31719392830158        205.24540176400046        211.34526627510087        218.64915066505804     
   251.93954497402706        242.24386959206427        233.26366812087420        225.02518174387274        217.55502168910681        210.88017286929869        205.02799757514381        200.02623922247673        195.90302615383035        192.68687549498287        190.40669706708240        189.09179735495874        188.77188353219000        189.47706754355937        191.23787024553522        194.08522560534766        198.05048495936569        203.16542133136483        209.46223381135434        216.97355199563575     
   249.25338984380230        239.63260212718626        230.73358731095720        222.58277698744763        215.20697601345393        208.63336619580406        202.88951003094053        198.00335449913354        194.00323491387843        190.91787882706919        188.77640999056104        187.60835237472577        187.44363424461153        188.31259229432126        190.24597584026668        193.27495107390712        197.43110537464776        202.74645168354007        209.25343293844293        216.98492657134011     
   247.94251399464093        238.41533172135422        229.61601682783140        221.57117747009590        214.30779803161323        207.85324285019112        202.23525999959963        197.48198512649020        193.62194534322637        190.68406317720400        188.69766057728566        187.69246297796332        187.69860342187488        188.74662674131531        190.86749379936907        194.09258579133848        198.45370860711029        203.98309725513565        210.71342034870295        218.67778465518973     
   247.99700111605807        238.58192505884168        229.90060384662971        221.97980836987205        214.84668845436278        208.52877662538032        203.05399192714029        198.45064379819564        194.74743600335228        191.97347062273843        190.15825209863272        189.33169134068061        189.52410989013225        190.76624414376323        193.08924963811029        196.52470539469454        201.10461832690419        206.86142770921711        213.82800970944436        222.03768198469919     
   249.40190190357160        240.11707781969710        231.57168399256199        223.79264021970505        216.80724768966934        210.64319277937315        205.32855090734711        200.89179044346918        197.36177667578625        194.76777583504861        193.13945917758753        192.50690712716391        192.90061347645141        194.35148964877544        196.89086902082465        200.55051130693246        205.36260700568283        211.35978190947890        218.57510167779787        227.04207647483997     
   252.13772184140271        243.00082021306227        234.60880511139584        226.98873141012936        220.16803758125690        214.17454952180924        209.03648443699547        204.78245478030107        201.44147225118627        199.04295185098931        197.61671599769511        197.19299870018955        197.80244979266212        199.47613922982760        202.24556144362143        206.14263976205541        211.19973089093560        217.44962945911698        224.92557262801932        233.66124476612549     
   256.18093383705656        247.20904797225523        238.98727710886573        231.54279736419255        224.90317041754540        219.09634736280785        214.15067261775272        210.09488789077170        206.95813620562518        204.76996598484902        203.56033519245722        203.35961553660451        204.19859673284384        206.10849082867907        209.12093659006106        213.26800395054244        218.58219852376726        225.09646618000096        232.84419768744533        241.85923341902082     
   261.50450330357944        252.71406593679870        244.67873450120044        237.42579253132232        230.98291084978334        225.37815144219365        220.63997138922133        216.79722685641551        213.87917714244998        211.91548878639122        210.93623973466754        210.97192356837695        212.05345379161918        214.21216818150523        217.47983320054163        221.88864847209695        227.47125131962196        234.26072137036448        242.29058522429219        251.59482118894590     
   268.07841405340423        259.48513215785869        251.65169917546245        244.60549225077204        238.37427731142827        232.98621296227623        228.46985443695866        224.85415760759969        222.16848305321597        220.44260018750745        219.70669144669142        219.99135653800212        221.32761674957703        223.74691932237971        227.28114188486404        231.96259695107102        237.82403648287425        244.89865651710403        253.22010185824524        262.82247083748814     
   275.87018433342098        267.48899147794896        259.87213192365778        253.04706265336145        247.04163070417445        241.88407707795324        237.60304070947572        234.22756249301085        231.78708936788831        230.31147846375924        229.83100130615236        230.37634808305810        231.97863197315473        234.66939353640646        238.48060516772730        243.44467561436764        249.59445455783495        256.96323726096250        265.58476928094865        275.49325124906250     
   284.84536345382958        276.69038871113628        269.30396254414239        262.71360805626836        256.94723946037504        252.03316600290722        248.00009594601241        244.87714060831195        242.69381846489685        241.48005930727902        241.26620846391583        242.08303108196986        243.96171647106763        246.93388250961962        251.03158011453297        256.28729777492975        262.73396615066054        270.40496273630481        279.33411659140450        289.55571313771213     
