   68.041413004605644        66.706141904121054        65.452464992130302        64.283279706804450        63.201504037976918        62.210075522287738        61.311950203401885        60.510101558054004        59.807519388799633        59.207208684449654        58.712188449303959        58.325490502392640        58.050158248076272        57.889245419455463        57.845814796176981        57.922936898326796        58.123688658231004        58.451152072098139        58.908412833544794        59.498558951171979     
   66.070105768976632        64.728085469879417        63.469113329423060        62.296130687985681        61.212098709714567        60.219997277726321        59.322823852250352        58.523592292697174        57.825331644766536        57.231084893848404        56.743907686105686        56.366867018764616        56.103039901289634        55.955511989246922        55.927376192811835        56.021731262016800        56.241680350964984        56.590329563385893        57.070786482034947        57.686158684573897     
   64.212413846759347        62.863543966244748        61.599055752925906        60.421928480749031        59.335160252800193        58.341766785449728        57.444780153339686        56.647247496475316        55.952229690834749        55.362799984083111        54.882042598132443        54.513051300457725        54.258927946244384        54.122780993610938        54.107723994315471        54.216874062517320        54.453350324333833        54.820272351086757        55.320758579293432        55.957924720605732     
   62.471653794462654        61.115788899040588        59.845508358360519        58.663822769117758        57.573760272137520        56.578365214474715        55.680696770412496        54.883827522967934        54.190842007703658        53.604835220829386        53.128911093773809        52.766180936599532        52.519761852831010        52.392775128454289        52.388344598047624        52.509594991185253        52.759650262447373        53.141631908551112        53.658657276296651        54.313837865186159     
   60.850758629632793        59.487702843354576        58.211293553230291        57.024565537531814        55.930569532172989        54.932370760970834        54.033047423226520        53.235689140668697        52.543395366012255        51.959273755616238        51.486438508947096        51.128008677778240        50.887106448279134        50.766855399371678        50.770378740948402        50.900797535765768        51.161228909026455        51.554784249874395        52.084567409213406        52.753672898447547     
   59.352320462092571        57.981828327215311        56.698895820773245        55.506574395175363        54.407929577590181        53.406039361064252        52.503992552014566        51.704887076665671        51.011828249248197        50.427927005033752        49.956298101546011        49.600058291530800        49.362324471532560        49.246211810162947        49.254831860397530        49.391290660461337        49.658686828097530        50.060109653218760        50.598637194146278        51.277334382820840     
   57.978643290219573        56.600427121370359        55.310528097574100        54.112006680408271        53.007935250827742        52.001396357657853        51.095480922490609        50.293286404184713        49.597914926460049        49.012471372371593        48.540061449730828        48.183789731832235        47.946757678115233        47.832061639663507        47.842790854700510        47.982025439483493        48.252834380232414        48.658273531940310        49.201383630103024        49.885188321585325     
   56.731801237751000        55.345544696875692        54.048202959956797        52.842837915938304        51.732520989033603        50.720331246196494        49.809353462364790        49.002676147432780        48.303389539230352        47.714583567115774        47.239345791098316        46.880759321719424        46.641900726211297        46.525837926735591        46.535628096767809        46.674315561934804        46.944929711839379        47.350482929596943        47.893968545985643        48.578358825243150     
   55.613697441334750        54.219074570368861        52.913802801333873        51.700938207575135        50.583543847750079        49.564687739944603        48.647440796651232        47.834874725439491        47.130059900505088        46.536063210634346        46.055945889455238        45.692761334169631        45.449552919258153        45.329351811932327        45.335174796362772        45.470022113938327        45.736875327001428        46.138695213676108        46.678419701517143        47.358961847800394     
   54.626119112080708        53.222817637819915        51.909143642145764        50.688140729600747        49.562856853417827        48.536342170549105        47.611646862692197        46.791818929131104        46.079901957592725        45.478932879683420        44.991939717819264        44.621939330874888        44.371935166080277        44.244915024944582        44.243848851223518        44.371686549119694        44.631355840067073        45.025760166534980        45.557776651348050        46.230254121017694     
   53.770784951172061        52.358532361289605        51.036028099821138        49.806297464769301        48.672367470353009        47.637264603755625        46.704012555274460        45.875629928768731        45.155127939701785        44.545508108439549        44.049759956803001        43.670858716177889        43.411763055743322        43.275412839607739        43.264726921808446        43.382600988256755        43.631905454774980        44.015483430386503        44.536148754965510        45.196684120245379     
   53.049382033776176        51.627972743547630        50.296284270712803        49.057318766045256        47.914077564457273        46.869558870088426        45.926755424526917        45.088652166205904        44.358223889402410        43.738432911615938        43.232226758416623        42.842535875110393        42.572271374777941        42.424322832400826        42.401556134877332        42.506811396758167        42.742900951495571        43.112607427886815        43.618681921212342        44.263842268312217     
   52.463590394409167        51.032912295970306        49.691788717218884        48.443194940387698        47.290103094821717        46.235479801444200        45.282283812293116        44.433463654313201        43.691955286946680        43.060679783381104        42.542541045564647        42.140423563290383        41.857190227784983        41.695680210283335        41.658706916059032        41.749056024281117        41.969483623886148        42.322714455398774        42.811440268286965        43.438318303009780     
   52.015094740442521        50.575153549952489        49.224473266926239        47.965999756779247        46.802673676021385        45.737428109633711        44.773186217304612        43.912858898797325        43.159342489029839        42.515516493689546        41.984241376380425        41.568356408395388        41.270677592216813        41.093995669783254        41.041074226390464        41.114647900847551        41.317420712162082        41.652064512587295        42.121217576331006        42.727483332609793     
   51.705583872745876        50.256523948887619        48.896316765812060        47.627877379247778        46.454113932007871        45.377925318023472        44.402198870332455        43.529808084253652        42.763610387213163        42.106444966832733        41.561130668953425        41.130463977238421        40.817217085865984        40.624136076598411        40.553939211180499        40.609315349585827        40.792922504095088        41.107386538545931        41.555300021365483        42.139221240156829     
   51.536739394958232        50.078860063696709        48.709324145101910        47.431015563323669        46.246810028938988        45.159572761253216        44.172156250243255        43.287398070148754        42.508118756847281        41.837119761166775        41.277181490220535        40.831061448661359        40.501492491454925        40.291181199367543        40.202806387842053        40.239017759298960        40.402434708163952        40.695645287067393        41.121205341723581        41.681637820948225     
   51.510216056986067        50.043982900951065        48.665496051012397        47.377608908402252        46.183165792616421        45.084999749298852        44.085930413250345        43.188761939099805        42.396281012184211        41.711254952048655        41.136429920756569        40.674529247835416        40.328251883206377        40.100270988846887        39.993232679211062        40.009754919599764        40.152426590719855        40.423806726619723        40.826423932043141        41.362775984006873     
   51.627616545601711        50.153667555686603        48.766792780378736        47.469816456325873        46.265553309517458        45.156806470083232        44.146365456671361        43.237004243223140        42.431479420797508        41.732528466824228        41.142868133764495        40.665192968603421        40.302173973948378        40.056457420698365        39.930663821337824        39.927387071873319        40.049193769285580        40.298622710134474        40.678184574626869        41.190361799060327     
   51.890463683085557        50.409610580191639        49.015096344767741        47.709717953615950        46.496262869642784        45.377507077852009        44.356213203620328        43.435128726056959        42.616984298937510        41.904492191265604        41.300344858926877        40.807213658188573        40.427747710942938        40.164572930613147        40.020291216541708        39.997479823469789        40.098690911407665        40.326451279798505        40.683262288414895        41.171599965906651     
   52.300172837892347        50.813398216776051        49.412174181635095        48.099272693123311        46.877456590510739        45.749477755793549        44.718075370423620        43.785974277188281        42.955883459314791        42.230494648270010        41.612481070976195        41.104496346286624        40.709173539537943        40.429124382867300        40.266938667718215        40.225183814608386        40.306404623794286        40.513123208953935        40.847839114449442        41.313029615139953     
