   561.70308601331033        540.88488406664578        522.88437117085573        507.94686048158042        496.32545057751986        488.28118892775183        484.08324046020283        484.00906133332029        488.34457801531727        497.38437177827564        511.43186871642115        530.79953540097972        555.80908028597128     
   551.34583659397822        530.38718425458978        512.27833269305881        497.26738685037316        485.61034159284816        477.57124789734075        473.42238418133741        473.44443287709584        477.92666235120265        487.16711427324395        501.47279653923249        521.15988185784556        546.55391210948073     
   543.93947738643203        522.93817288832247        504.81715107808759        489.82704900457821        478.22649381894593        470.28227191316836        466.26950327063025        466.47182112689109        471.18155704090026        480.69993147893803        495.33725001547265        515.41310525719382        541.25658459813974     
   539.64680800261863        518.71875748348339        500.70131987722641        485.84749069727525        474.41835514856433        466.68326062474125        462.91999451846630        463.41496744451570        468.46340197744456        478.36952700757155        493.44677782109426        514.01800201196204        540.41567133512820     
   538.59527592629888        517.87182625850517        500.09046749824137        485.50645412355243        474.38323222895667        466.99261590042681        463.61496904497460        464.53939277892141        470.06391848118972        480.49570662026082        496.15125146556511        517.35659179626452        544.44752772242532     
   540.87289625827680        520.49769733915764        503.09829657629126        488.93216781752881        478.26508278775174        471.37129191250858        468.53371078024355        470.04411235456428        476.20332505061560        487.32143679233855        503.71800516995285        525.72227381962671        553.67339515000015     
   546.52555293986165        526.65109391203828        509.78920642572496        496.19958838709448        486.15034721234650        479.91818566022368        477.78859352742967        480.05604532826345        487.02420408326816        499.00613134476174        516.32450359032543        539.31183511879374        568.31070758646933     
   555.55569532696904        536.33965984781162        520.17661360504792        507.32851145849349        498.06583488420858        492.66778330788088        491.42247155948428        494.62713358260226        502.58833253605428        515.62217742930068        534.05454643701876        558.22131704260846        588.46860316424022     
   567.92238563733122        549.52396554619247        534.22291384004416        522.28348774645792        513.97859293754618        509.58998073959646        509.40845174676508        513.73406598624501        522.87635978658193        537.15456950599150        556.89786228195953        582.44557396875018        614.14745443430991     
   583.54260297969711        566.11889859523501        551.84096756383417        540.97541283188355        533.79761086741246        530.59191496787128        531.65186526822265        537.28040561107696        547.79010744556751        563.50340092744273        584.75281339852700        611.88121542951251        645.24207461610843     
   602.29366972423793        585.99628974768791        572.89694275257557        563.26460578327078        557.37715569625175        555.52157861214005        557.99418636555095        565.10084012810592        577.15718138623402        594.48887046173252        617.43183276929096        646.33251301227335        681.54813752449513     
   624.01663650181672        608.98859235604129        597.21431326804839        588.96515295428048        584.52149002558554        584.17294344617676        588.21859527638071        596.96722088763704        610.73752684499686        629.85839665925039        654.66914461806755        685.51977791281297        722.77126728549160     
   648.52044310868359        634.89341272419847        624.57878847169104        617.85026898996557        614.99069905695217        616.29229073981242        622.05685209258854        632.59602360127133        648.23152258339655        669.29539575665990        696.13028019886360        729.08967292940270        768.53820935051954     
