   336.84458723741466        326.78221192518754        317.39463284030717        308.70661333836779        300.74325216396380        293.52998639658324        287.09259443763870        281.45719903890927        276.65027037290565        272.69862914543023        269.62944975080512        267.47026347011433        266.24896171289191        265.99379930264956        266.73339780665685        268.49674891037841        271.31321783701515        275.21254681251395        280.22485857656329        286.38065993991609     
   322.43869388689723        312.25767816056270        302.75759271483457        293.96344948374878        285.90059990424965        278.59473791865639        272.07190301913187        266.35848333461843        261.48121876056848        257.46720413191292        254.34389243966285        252.13909809155803        250.88100021715829        250.59814601782614        251.31945416201444        253.07421822627788        255.89211018245220        259.80318393144034        264.83787888404709        271.02702358930878     
   309.33264481821823        299.04651233641550        289.44703405762550        280.55945167295135        272.40935016583512        265.02266086646091        258.42566454907893        252.64499457263219        247.70764006511138        243.64094915205584        240.47263222961112        238.23076528256246        236.94379324778927        236.64053342355965        237.35017892512303        239.10230218701022        241.92685851253583        245.85418967090658        250.91502754244550        257.14049781234598     
   297.58378823965381        287.20815116745086        277.52454204676553        268.55841478020227        260.33557004643501        252.88215840222458        246.22468342813733        240.39000491842529        235.40534211545821        231.29827698915028        228.09675756182037        225.82910127888914        224.52399842590779        224.21051559232569        224.91809918245514        226.67657897411812        229.51617172541003        233.46748483004689        238.56152002180642        244.82967712849739     
   287.24240426191193        276.79475584644331        267.04421436686511        258.01642960137548        249.73740130076385        242.23348233391022        235.53138187776852        229.65816865224738        224.64127420045475        220.50849621470792        217.28800190880224        215.00833143694359        213.69840135981619        213.38750815827740        214.10533179509019        215.88193932522006        218.74778855513279        222.73373175161049        227.87101940054202        234.19130401622380     
   278.35122960090877        267.85071561945421        258.05214296503891        248.98134208322443        240.66449631934591        233.12814510365564        226.39918718160698        220.50488388979039        215.47286247794992        211.33111947751087        208.10802411712336        205.83232178563321        204.53313754299154        204.23997967956421        204.98274332430375        206.79171410231029        209.69757184223067        213.73139433403608        218.92466113764738        225.30925744294305     
   270.94511766448710        260.41229211585789        250.58604209444928        241.49236453822840        233.15761195990456        225.60849566801329        218.87208903385400        212.97583080473569        207.94752846397847        203.81536163813968        200.60788555194534        198.35403453138474        197.08312555547479        196.82486185716419        197.60933657388335        199.46703644824686        202.42884557938686        206.52604922548468        211.79033765795850        218.25381006788783     
   265.05083300369495        254.50740334954216        244.67502149389770        235.57983762204049        227.24835993277497        219.70745789209047        212.98436553327900        207.10668480397970        202.10238896062012        197.99982601073907        194.82772220366331        192.61518557004311        191.39170951072998        191.18717643550309        192.03186145217640        193.95643610654895        196.99197217379179        201.16994550173845        206.52223990665519        213.08115112200997     
   260.68697649350190        250.15554358980461        240.33950072934624        231.26513891995529        222.95910940064562        215.44842692462930        208.76047308936069        202.92299971408750        197.96413226540722        193.91237333128373        190.79660614406998        188.64609815299360        187.49050464664438        187.35987242596894        188.28464352831213        190.29565900300133        193.42416273905769        197.70180534553435        203.16064808507144        209.83316686119764     
   257.86403526583393        247.36783286952357        237.59125820051884        228.56073137226275        220.30303473972583        212.84531620878118        206.21509259312046        200.44025301921536        195.54906237984142        191.57016483662989        188.53258737217720        186.46574339223463        185.39943637848506        185.36386359244221        186.38961983102513        188.50770123432795        191.74950914615721        196.14685402788496        201.73195942619242        208.53746599527710     
   256.58454937510044        246.14718777942710        236.43360611955006        227.47034249229949        219.28429905171257        211.90274534191721        205.35332167805564        199.66404257575826        194.86330022966092        190.97986804148809        188.04290419822593        186.08195530090603        185.12696004453784        185.20825294974503        186.35656814663321        188.60304321146904        191.97922305673433        196.51706387511393        202.24893713802479        209.20763364924517     
   256.84338544880342        246.48860340765825        236.86168091494488        227.98926341212325        219.89836203024373        212.61635694370631        206.17100077248699        200.59042203335471        195.90312864061991        192.13801145690917        189.32434789450508        187.49180556781434        186.67044599748436        186.89072836673267        188.18351333046371        190.58006687772905        194.11206424812667        198.81159390270733        204.71116155001732        211.84369422783413     
   258.62810617077486        248.37953482956283        238.86283700994971        230.10475523527427        222.13239917775584        214.97324903061730        208.65515892906825        203.20636042070640        198.65546598582512        195.03147260821845        192.36376539696062        190.68212125977465        190.01671262850297        190.39811123726389        191.85729195388049        194.42563666514866        198.13493821654629        203.01740440697864        209.10566203918569        216.43276102640141     
   261.91942336186310        251.80036543368854        242.41713076837635        233.79654898249868        225.96581813671673        218.95250812389494        212.78456410645865        207.49031000351158        203.09845202825812        199.63808227625151        197.13868236506084        195.63012712588022        195.14268834766915        195.70703857440196        197.35425495600640        200.11582315357879        204.02364129951758        209.11002401313101        215.40770647237554        222.94984854237430     
   266.69172165548542        256.72494857845862        247.49788058491981        239.03742457527562        231.37085703297456        224.52582742643239        218.53036166050970        213.41286557802709        209.20212851195060        205.92732688869950        203.61802788322291        202.30419312635865        202.01618246507923        202.78475777621833        204.64108683423598        207.61674723367844        211.74373036691284        217.05444545776658        223.58172365170265        231.35882216318447     
   272.91363930195416        263.12120859730965        254.07228860730851        245.79385379927771        238.31324921307964        231.65819387479172        225.85678426014414        220.93749780833087        216.92919648666839        213.86113040674468        211.76294149254653        210.66466720120877        210.59674429692495        211.59001267864539        213.67571926215271        216.88552191711500        221.25149345977854        226.80612570188634        233.58233355649998        241.61345920134352     
   280.54869245870100        270.95178699085278        262.10210939582936        254.02669200581443        246.75293857132851        240.30862768469564        234.72191625350050        230.02134302459555        226.23583215921286        223.39469685975013        221.52764304879418        220.66477310098355        220.83658962828713        222.07399931930360        224.40831683320215        227.87126874890839        232.49499757017128        238.31206578716458        245.35545999524231        253.65859507154306     
   289.55592941469655        280.17471974213782        271.54435093031753        263.69190342117952        256.64482978191086        250.43095813637345        245.07849564672199        240.61603204570028        237.07254322024278        234.47739484688569        232.86034607962387        232.25155329075017        232.68157386532522        234.18137004983933        236.78231285570337        240.51618601820141        245.41519001151784        251.51194612049756        258.83950056980291        267.43132871108503     
   299.89060153333122        290.74413204215989        282.35199374118736        274.74130531638122        267.93955815082688        261.97461976246757        256.87473729212797        252.66854104237035        249.38504806769768        247.05366581674843        245.70419582701311        245.36683747268307        246.07219176623687        247.85126521435313        250.73547372879221        254.75664659285590        259.94703048409036        266.33929355382475        273.96652956429074        282.86226208389434     
   311.50483825569370        302.61093729232130        294.47471454352547        287.12331691573957        280.58426445242344        274.88545377658210        270.05516158358796        266.12204818490181        263.11516110323794        261.06393871973722        259.99821397376382        259.94821811588571        260.94458451464646        263.01835251776993        266.20097136837381        270.52430417684928        276.02063194904497        282.72265767139686        290.66351045367009        299.87674972996433     
