                   1   9.9625121724835198E-004
                   2   25.627794234196578     
                   3   3.6542618772323396     
                   4   6.3512374435928116     
                   5   1.2331351482012389     
                   6   3.0309644150540445     
                   7   3.0559959062041704E-003
                   8  0.31602569814759446     
                   9  0.35291922070680209     
                  10   2.8062395213069520     
                  11   1.3217854273584744     
                  12   1.6181626302188898     
                  13   1.9949410830168899     
                  14   3.8492864680665997E-002
                  15  0.31769100847148091     
                  16   1.6017486336210900E-002
                  17  0.98203734886713867     
                  18   4.5235983351038171E-002
                  19  0.85740226610508719     
                  20   4.4005897197635278E-002
                  21   2.6670584949369194     
                  22   2.1756750477762987E-002
                  23  0.98752247259411841     
                  24  0.14046814835031365     
                  25   1.7445483941628485E-002
                  26  0.20810074537386389     
                  27   5.0565968957920503E-002
                  28   24.117767389896773     
                  29   5.5679595429500965     
                  30   3.8746247216651439     
                  31   1.1614778640824051     
                  32   2.4379327426375972     
                  33   3.8813655203685175E-002
                  34  0.71062040813871485     
                  35  0.27354632445927396     
                  36   1.7033823208135244     
                  37  0.58710696966787246     
                  38   2.0301513080390223     
                  39   5.8498210409806397     
                  40   1.0354058224963254     
                  41  0.18060649645716156     
                  42   2.2826428215551289     
                  43   7.3576881512651487E-002
                  44   4.2268468420563816E-002
                  45  0.69419506706222622     
                  46   5.3430102197180585E-002
                  47   1.1722246493968209     
                  48   3.0641526863280899     
                  49  0.85826053489215115     
                  50  0.46970218028901162     
                  51  0.34632005903659652     
                  52  0.61547315166596994     
                  53   19.898743784481841     
                  54   3.7688692371165131     
                  55   17.899468824780140     
                  56  0.11325780784949302     
                  57   4.2363962813708834E-002
                  58   2.2762262122312950E-002
                  59  0.99850433792983828     
                  60   1.0801875964368939     
                  61   5.3006129128104362     
                  62   1.4986375377224224     
                  63   3.4779812023643353     
                  64   4.9228654089167083     
                  65   2.3549317259939824     
                  66   3.4967846332575840     
                  67  0.59186884625877567     
                  68   6.4547171116897086     
                  69   2.4189154071793912     
                  70   7.2491620597467890     
                  71   3.5587575896172230     
                  72   1.7482127369824667     
                  73   3.7554122843574871     
                  74  0.33835498871141234     
                  75  0.29060434061617391     
                  76   4.3284821197166377     
                  77   1.1343193315771289     
                  78   3.1109091487269027     
                  79   25.476434022202561     
                  80   6.6719863722025430     
                  81   8.1503818975947055     
                  82  0.92860339327081709     
                  83   5.0701759676047967E-002
                  84  0.89980031853729814     
                  85  0.90353117667663163     
                  86   2.6108554293603419     
                  87   8.2137019247063012     
                  88   1.5477023213297965     
                  89   6.6305549318728083     
                  90   6.1595432117191420     
                  91   2.6113418390808345     
                  92   4.5767696808162235     
                  93   1.5762799997550716     
                  94   6.1948153712656966     
                  95   3.2943914894786888     
                  96   4.5258360500177561     
                  97   5.0180047357547357     
                  98  0.57577245750729922     
                  99   1.2452967056639492     
                 100  0.20405098987983969     
                 101   5.1417918818020956E-002
                 102   1.3803510961014496     
                 103   4.1531664082267552     
                 104   8.8453021554231001E-002
                 105   22.519243060652542     
                 106   1.3166745786074037     
                 107   1.2178638613912327     
                 108   1.4829103657237717     
                 109  0.58311235870754885     
                 110   5.5763806174162145     
                 111   2.0705592444858874E-002
                 112   1.7385021825758726     
                 113   9.4863036554194053     
                 114   2.3910894716416160     
                 115  0.62266554422113063     
                 116  0.12012149148149144     
                 117   5.6508486821772896     
                 118   4.1540414784879580     
                 119   3.2738703183178242     
                 120  0.31892206378426463     
                 121  0.33725519883298721     
                 122   2.7018814738459369     
                 123   1.9726585998388957     
                 124   1.4876429538841241E-002
                 125   6.6294805149597980E-005
                 126  0.40421015889538803     
                 127  0.97144818984780346     
                 128   3.3498906366904273     
                 129   1.5055254238878095     
                 130   2.1462729067267303E-002
                 131   36.463557763059931     
                 132  0.24209397587585493     
                 133  0.24114140943263815     
                 134   3.4549499988638832     
                 135   1.8439383106685276     
                 136   7.5687059397788898     
                 137  0.25125208278405281     
                 138   4.3309022083666466     
                 139   5.9483658803589696     
                 140   2.2917570870423911     
                 141   4.9137478836684183     
                 142  0.15982939560435108     
                 143   3.1301443667939957     
                 144   4.2911121245114296     
                 145   4.6498433767310381     
                 146   1.2431255794016047     
                 147   1.0970533971288796     
                 148   3.1335550354673241     
                 149  0.99196666927695831     
                 150   4.9767363146685360E-002
                 151   1.2763831118631057E-003
                 152   2.1409645844559786     
                 153   1.2474742958944729     
                 154   2.0538304064618869     
                 155   2.1959196619176736E-003
                 156   3.9921263451804636E-003
