                    1   3.7840815918894499     
                    2   25.276835860519171     
                    3   3.5754028128044149     
                    4   6.3283404790345488     
                    5   1.2431515098969532     
                    6   2.9870034190443899     
                    7   2.9289832266965257E-003
                    8  0.30998837327129108     
                    9  0.35210400654193741     
                   10   2.7357141588589475     
                   11   1.3065797737500651     
                   12   1.6051456516885536     
                   13   1.9480573710990350     
                   14   3.7741062869838839E-002
                   15  0.31622591500322439     
                   16   1.5886810334897659E-002
                   17  0.97454233730376638     
                   18   4.5595829658526786E-002
                   19  0.85093648030984625     
                   20   4.3878982217259520E-002
                   21   2.6457479005736295     
                   22   2.1785072380540206E-002
                   23  0.98726296884046327     
                   24  0.14071242133392886     
                   25   1.7372880415534690E-002
                   26  0.20899093037403713     
                   27   3.6513868508402054     
                   28   24.564043026003681     
                   29   5.9184460320359822     
                   30   3.7053661757836114     
                   31   1.1961980641507033     
                   32   2.4892779536614369     
                   33   3.8934648415929918E-002
                   34  0.72807679612337139     
                   35  0.28318256706977696     
                   36   1.5726984354307076     
                   37  0.58568146893317419     
                   38   2.0077737757338476     
                   39   5.8381356843963621     
                   40   1.0358738097183788     
                   41  0.19271188147515161     
                   42   2.3043218491029753     
                   43   7.5241540551395369E-002
                   44   4.2183598930445446E-002
                   45  0.67696705227391296     
                   46   5.3430112266423094E-002
                   47   1.1786500217392808     
                   48   3.0817400314188443     
                   49  0.85986218862967134     
                   50  0.47040846445605200     
                   51  0.34695093312844383     
                   52  0.60571285160319588     
                   53   1.1371158504806176     
                   54   3.8843136643025655     
                   55   16.716287247802644     
                   56  0.10014694996245777     
                   57   4.4635984669963498E-002
                   58   2.5133218309075021E-002
                   59   1.1136951420661876     
                   60   1.1035954048174781     
                   61   4.7691252278314904     
                   62   1.4857952006000912     
                   63   3.6669972979095631     
                   64   5.7724089808047570     
                   65   2.3845896791374885     
                   66   3.3545408868752546     
                   67  0.62534923368782802     
                   68   7.1779797297605938     
                   69   2.5115017598591738     
                   70   7.8823622071608588     
                   71   3.4371204735577723     
                   72   1.7843084525228274     
                   73   3.5566015183940922     
                   74  0.33108127452300801     
                   75  0.29403805539141803     
                   76   4.3085174337074275     
                   77   1.1565332555243257     
                   78   2.8110700084655953     
                   79  0.91328631799972981     
                   80   7.0027451995341137     
                   81   7.9564157850220072     
                   82  0.87858650873979693     
                   83   5.2209187578033160E-002
                   84   1.0351245764784531     
                   85  0.99388176587414800     
                   86   2.1126819916437820     
                   87   7.3176134033796192     
                   88   1.9980926717130163     
                   89   6.3051815166838940     
                   90   5.3457482753310614     
                   91   2.5193459806307543     
                   92   4.3341601024666048     
                   93   1.4647405209465243     
                   94   5.3072209253273002     
                   95   3.2791786228033009     
                   96   4.6179434139638911     
                   97   4.8368503565597303     
                   98  0.59679632345493183     
                   99   1.2006744421396029     
                  100  0.21084277870118992     
                  101   5.1325782190911606E-002
                  102   1.3686212859632214     
                  103   4.0749586780749318     
                  104   8.1403509120942630E-002
                  105   9.1392979774048904     
                  106   1.3523056919144321     
                  107   1.1861265675767820     
                  108   1.4538346642876621     
                  109  0.61069120370618746     
                  110   5.6963297585005304     
                  111   2.1183493206644897E-002
                  112   1.6461883804909394     
                  113   9.3620619170820358     
                  114   2.3140153194217792     
                  115  0.66569561562508450     
                  116  0.12144831020638183     
                  117   5.6766018220463552     
                  118   4.0839851770185316     
                  119   3.2951323151243450     
                  120  0.32804967531337226     
                  121  0.33105862325956914     
                  122   2.6915759112146649     
                  123   1.9789012126010508     
                  124   1.5082145058186494E-002
                  125   6.7318470983175076E-005
                  126  0.40462034004903730     
                  127  0.95971846785863335     
                  128   3.3232181394102533     
                  129   1.4991821352854549     
                  130   2.2046762691205979E-002
                  131   16.825994492579134     
                  132  0.24368217600649228     
                  133  0.24798813414740933     
                  134   3.4939919338347676     
                  135   1.8070435869062795     
                  136   7.4589135858396949     
                  137  0.25383635718041492     
                  138   4.2788431286159287     
                  139   5.8828091754481786     
                  140   2.2721750099687035     
                  141   4.8289767570041624     
                  142  0.16634745088930886     
                  143   3.1603417254139319     
                  144   4.4036457128837956     
                  145   4.7778619629982009     
                  146   1.2372789576865488     
                  147   1.0906749918430467     
                  148   3.0983616861516396     
                  149  0.98356917389838849     
                  150   4.9607518008043028E-002
                  151   1.2818594669012373E-003
                  152   2.1336563524996266     
                  153   1.2624227849290868     
                  154   2.0593854714628930     
                  155   2.1910283779002426E-003
                  156   3.9514287079229545E-003
