                      1   13.186624460933139     
                      2   25.724566004257248     
                      3   3.6675825014734360     
                      4   6.0949692417464627     
                      5   1.2495035176865419     
                      6   2.9990868251320482     
                      7   2.8902454406465839E-003
                      8  0.30484618143973202     
                      9  0.34991868892204886     
                    10   2.7924506670017006     
                    11   1.3048562271711157     
                    12   1.6388315257639106     
                    13   1.9719374091283079     
                    14   3.7795280223470770E-002
                    15  0.32632843171553449     
                    16   1.5991105725243076E-002
                    17  0.99068843442917687     
                    18   4.4787462702039808E-002
                    19  0.84843776982359842     
                    20   4.3717847373357210E-002
                    21   2.6669592863906413     
                    22   2.1890597192716861E-002
                    23  0.98387456268502327     
                    24  0.14097438445981694     
                    25   1.7481372105988366E-002
                    26  0.20365854810181494     
                    27   13.476392155901337     
                    28   24.678585702814356     
                    29   5.8127256034681603     
                    30   3.7792977450838920     
                    31   1.1836117978323111     
                    32   2.4875987563529085     
                    33   3.8786469731281435E-002
                    34  0.71480270178980854     
                    35  0.28749377796287295     
                    36   1.7189231384893928     
                    37  0.57081205846603789     
                    38   2.0094797690112407     
                    39   6.0374628088775983     
                    40  0.99438387660714844     
                    41  0.18760382944355339     
                    42   2.2497308814774679     
                    43   7.5303888819865675E-002
                    44   4.2602594718903840E-002
                    45  0.68736138235208277     
                    46   5.2885906097447546E-002
                    47   1.1763682858850704     
                    48   3.0795723511467608     
                    49  0.85756666924876401     
                    50  0.46864446151664119     
                    51  0.34729990484757767     
                    52  0.60729793168254831     
                    53  0.40737319389283783     
                    54   3.9851242199458672     
                    55   18.224568435258750     
                    56  0.10815524544107530     
                    57   4.3490583623436448E-002
                    58   2.6204913899186343E-002
                    59   1.0040724600907223     
                    60   1.1304844786521391     
                    61   5.3430801451166019     
                    62   1.5413797167134669     
                    63   3.3075720308956189     
                    64   5.7772203367600401     
                    65   2.6107071362207566     
                    66   3.2366938253088358     
                    67  0.60373500089375898     
                    68   7.8243974366596527     
                    69   2.6089113671529254     
                    70   7.3753848484194640     
                    71   3.8188214724449767     
                    72   1.7287656409377679     
                    73   3.5345539626624576     
                    74  0.31928472222202980     
                    75  0.29417086607671500     
                    76   4.2582368189027138     
                    77   1.1249662324611489     
                    78   2.6822296560965673     
                    79   1.7106759950518469     
                    80   5.7986529426120290     
                    81   8.5491486327635542     
                    82  0.82305363758523076     
                    83   4.9100616055360875E-002
                    84   1.0063891452385128     
                    85  0.93280988974481827     
                    86   2.5078216244553002     
                    87   7.2528665738777169     
                    88   1.7079006724826999     
                    89   6.1002304560132226     
                    90   5.7527177595921968     
                    91   2.8328235262324788     
                    92   4.5057670881079543     
                    93   1.3851575705442936     
                    94   5.9494347395665779     
                    95   3.4209511208001189     
                    96   5.0601050110145973     
                    97   4.9313038455564921     
                    98  0.60093085692663550     
                    99   1.2420583146713253     
                  100  0.21033055646633578     
                  101   5.3313633401823948E-002
                  102   1.3880582407581734     
                  103   4.0847055603051583     
                  104   8.6085848838339418E-002
                  105   4.7359565846315377     
                  106   1.3280227920836225     
                  107   1.1628767668082223     
                  108   1.4859840503691863     
                  109  0.59772987641894793     
                  110   5.9108934538283009     
                  111   2.0426012451705243E-002
                  112   1.6455443466202822     
                  113   10.027774851029660     
                  114   2.4070297103130200     
                  115  0.60999283327446974     
                  116  0.11787271379618881     
                  117   5.7066039399867954     
                  118   4.1333501172157732     
                  119   3.3781500451284900     
                  120  0.33576719515929249     
                  121  0.33253458458540752     
                  122   2.7561547110135356     
                  123   1.9176766521359159     
                  124   1.4921447128754534E-002
                  125   6.6587268268981456E-005
                  126  0.39892303400112999     
                  127  0.97363501033663724     
                  128   3.3598914369654569     
                  129   1.5027077542321476     
                  130   2.1523741467369503E-002
                  131   9.2676195791476079     
                  132  0.24384222604400801     
                  133  0.23617847544876469     
                  134   3.5378572848780259     
                  135   1.7904249929601215     
                  136   7.3909222480908996     
                  137  0.25027183018106958     
                  138   4.2764225346115223     
                  139   5.9254298076678396     
                  140   2.2480820044226988     
                  141   4.8247580394294429     
                  142  0.15607745629828859     
                  143   3.1602485369520052     
                  144   4.3507133742173671     
                  145   4.7287628217745823     
                  146   1.2135201709588566     
                  147   1.1176593897225546     
                  148   3.1128987648434490     
                  149  0.98471967548259343     
                  150   4.9744993281252932E-002
                  151   1.2943931013898241E-003
                  152   2.1589923001556586     
                  153   1.2522994792473265     
                  154   2.0610538055339656     
                  155   2.1961792592163922E-003
                  156   3.9284816394293152E-003
