   6.8077428705258236E-002   2.1538461538461538E-003   560.99494715161222     
   7.1220723408232281E-002   2.1538461538461538E-003   539.63959901164731     
   7.4429404772449650E-002   2.1538461538461538E-003   521.26294171870097     
   7.7702983490304176E-002   2.1538461538461538E-003   506.12349473701141     
   8.1040960357672956E-002   2.1538461538461538E-003   494.48803151830253     
   8.4442826350042507E-002   2.1538461538461538E-003   486.63175797311038     
   8.7908062700132419E-002   2.1538461538461538E-003   482.83849681950392     
   9.1436140977004560E-002   2.1538461538461538E-003   483.40087794781937     
   9.5026523166646296E-002   2.1538461538461538E-003   488.62053494426550     
   9.8678661754014921E-002   2.1538461538461538E-003   498.80830792032384     
  0.10239199980653067        2.1538461538461538E-003   514.28445279933317     
  0.10616597105900641        2.1538461538461538E-003   535.37885721596808     
  0.10999999999999999        2.1538461538461538E-003   562.43126318868258     
  
   6.8077428705258236E-002   2.2076923076923076E-003   546.79907206622977     
   7.1220723408232281E-002   2.2076923076923076E-003   525.45182261578213     
   7.4429404772449650E-002   2.2076923076923076E-003   507.15220739174026     
   7.7702983490304176E-002   2.2076923076923076E-003   492.16420673871943     
   8.1040960357672956E-002   2.2076923076923076E-003   480.76026878848387     
   8.4442826350042507E-002   2.2076923076923076E-003   473.22149499743904     
   8.7908062700132419E-002   2.2076923076923076E-003   469.83783184121501     
   9.1436140977004560E-002   2.2076923076923076E-003   470.90826881504609     
   9.5026523166646296E-002   2.2076923076923076E-003   476.74104289344189     
   9.8678661754014921E-002   2.2076923076923076E-003   487.65384960720786     
  0.10239199980653067        2.2076923076923076E-003   503.97406090085860     
  0.10616597105900641        2.2076923076923076E-003   526.03894993836116     
  0.10999999999999999        2.2076923076923076E-003   554.19592302990759     
  
   6.8077428705258236E-002   2.2615384615384615E-003   535.09410021703582     
   7.1220723408232281E-002   2.2615384615384615E-003   513.81676291434565     
   7.4429404772449650E-002   2.2615384615384615E-003   495.65178236965312     
   7.7702983490304176E-002   2.2615384615384615E-003   480.86815294002150     
   8.1040960357672956E-002   2.2615384615384615E-003   469.74353311078141     
   8.4442826350042507E-002   2.2615384615384615E-003   462.56443749831408     
   8.7908062700132419E-002   2.2615384615384615E-003   459.62643526304515     
   9.1436140977004560E-002   2.2615384615384615E-003   461.23435509031128     
   9.5026523166646296E-002   2.2615384615384615E-003   467.70249690205287     
   9.8678661754014921E-002   2.2615384615384615E-003   479.35485046735295     
  0.10239199980653067        2.2615384615384615E-003   496.52532108529789     
  0.10616597105900641        2.2615384615384615E-003   519.55796251871379     
  0.10999999999999999        2.2615384615384615E-003   548.80721736336591     
  
   6.8077428705258236E-002   2.3153846153846154E-003   525.98964218270794     
   7.1220723408232281E-002   2.3153846153846154E-003   504.85347336852396     
   7.4429404772449650E-002   2.3153846153846154E-003   486.89079402827178     
   7.7702983490304176E-002   2.3153846153846154E-003   472.37519580696073     
   8.1040960357672956E-002   2.3153846153846154E-003   461.58911420531882     
   8.4442826350042507E-002   2.3153846153846154E-003   454.82402644867506     
   8.7908062700132419E-002   2.3153846153846154E-003   452.38065599090726     
   9.1436140977004560E-002   2.3153846153846154E-003   454.56918381898748     
   9.5026523166646296E-002   2.3153846153846154E-003   461.70946672907644     
   9.8678661754014921E-002   2.3153846153846154E-003   474.13126275070863     
  0.10239199980653067        2.3153846153846154E-003   492.17446390133148     
  0.10616597105900641        2.3153846153846154E-003   516.18933645919583     
  0.10999999999999999        2.3153846153846154E-003   546.53676894858518     
  
   6.8077428705258236E-002   2.3692307692307693E-003   519.57029377128106     
   7.1220723408232281E-002   2.3692307692307693E-003   498.65438248074463     
   7.4429404772449650E-002   2.3692307692307693E-003   480.97006025251869     
   7.7702983490304176E-002   2.3692307692307693E-003   466.79512733985990     
   8.1040960357672956E-002   2.3692307692307693E-003   456.41639182646543     
   8.4442826350042507E-002   2.3692307692307693E-003   450.12987277039855     
   8.7908062700132419E-002   2.3692307692307693E-003   448.24101017882822     
   9.1436140977004560E-002   2.3692307692307693E-003   451.06488198534839     
   9.5026523166646296E-002   2.3692307692307693E-003   458.92642820744283     
   9.8678661754014921E-002   2.3692307692307693E-003   472.16068246740167     
  0.10239199980653067        2.3692307692307693E-003   491.11301106609642     
  0.10616597105900641        2.3692307692307693E-003   516.13935980504527     
  0.10999999999999999        2.3692307692307693E-003   547.60650875855822     
  
   6.8077428705258236E-002   2.4230769230769228E-003   515.89378415972283     
   7.1220723408232281E-002   2.4230769230769228E-003   495.28322972214579     
   7.4429404772449650E-002   2.4230769230769228E-003   477.95979649285619     
   7.7702983490304176E-002   2.4230769230769228E-003   464.20512980392749     
   8.1040960357672956E-002   2.4230769230769228E-003   454.31003190529009     
   8.4442826350042507E-002   2.4230769230769228E-003   448.57466980908816     
   8.7908062700132419E-002   2.4230769230769228E-003   447.30879013094130     
   9.1436140977004560E-002   2.4230769230769228E-003   450.83194110477228     
   9.5026523166646296E-002   2.4230769230769228E-003   459.47370195346554     
   9.8678661754014921E-002   2.4230769230769228E-003   473.57391980391952     
  0.10239199980653067        2.4230769230769228E-003   493.48295434091449     
  0.10616597105900641        2.4230769230769228E-003   519.56193040089090     
  0.10999999999999999        2.4230769230769228E-003   552.18299871296438     
  
   6.8077428705258236E-002   2.4769230769230771E-003   514.99011668616299     
   7.1220723408232281E-002   2.4769230769230771E-003   494.77408798588812     
   7.4429404772449650E-002   2.4769230769230771E-003   477.89850985343725     
   7.7702983490304176E-002   2.4769230769230771E-003   464.64853094297007     
   8.1040960357672956E-002   2.4769230769230771E-003   455.31859189213577     
   8.4442826350042507E-002   2.4769230769230771E-003   450.21263731784597     
   8.7908062700132419E-002   2.4769230769230771E-003   449.64433494627451     
   9.1436140977004560E-002   2.4769230769230771E-003   453.93730205655004     
   9.5026523166646296E-002   2.4769230769230771E-003   463.42533942373592     
   9.8678661754014921E-002   2.4769230769230771E-003   478.45267295285004     
  0.10239199980653067        2.4769230769230771E-003   499.37420320171032     
  0.10616597105900641        2.4769230769230771E-003   526.55576299700556     
  0.10999999999999999        2.4769230769230771E-003   560.37438335454851     
  
   6.8077428705258236E-002   2.5307692307692305E-003   516.86165665987437     
   7.1220723408232281E-002   2.5307692307692305E-003   497.13142161983950     
   7.4429404772449650E-002   2.5307692307692305E-003   480.79302337913452     
   7.7702983490304176E-002   2.5307692307692305E-003   468.13479032531507     
   8.1040960357672956E-002   2.5307692307692305E-003   459.45446473582382     
   8.4442826350042507E-002   2.5307692307692305E-003   455.05941841236694     
   8.7908062700132419E-002   2.5307692307692305E-003   455.26687555898184     
   9.1436140977004560E-002   2.5307692307692305E-003   460.40414308496980     
   9.5026523166646296E-002   2.5307692307692305E-003   470.80884851968722     
   9.8678661754014921E-002   2.5307692307692305E-003   486.82918573239419     
  0.10239199980653067        2.5307692307692305E-003   508.82416865647463     
  0.10616597105900641        2.5307692307692305E-003   537.16389322388864     
  0.10999999999999999        2.5307692307692305E-003   572.22980772209735     
  
   6.8077428705258236E-002   2.5846153846153844E-003   521.48408164834996     
   7.1220723408232281E-002   2.5846153846153844E-003   502.33108667087379     
   7.4429404772449650E-002   2.5846153846153844E-003   486.61952756715414     
   7.7702983490304176E-002   2.5846153846153844E-003   474.64060340177832     
   8.1040960357672956E-002   2.5846153846153844E-003   466.69503673138968     
   8.4442826350042507E-002   2.5846153846153844E-003   463.09329241053177     
   8.7908062700132419E-002   2.5846153846153844E-003   464.15580372553183     
   9.1436140977004560E-002   2.5846153846153844E-003   470.21320603767492     
   9.5026523166646296E-002   2.5846153846153844E-003   481.60657812272865     
   9.8678661754014921E-002   2.5846153846153844E-003   498.68769139976825     
  0.10239199980653067        2.5846153846153844E-003   521.81926724847494     
  0.10616597105900641        2.5846153846153844E-003   551.37524262027398     
  0.10999999999999999        2.5846153846153844E-003   587.74104415497607     
  
   6.8077428705258236E-002   2.6384615384615383E-003   528.80807961119615     
   7.1220723408232281E-002   2.6384615384615383E-003   510.32214736136041     
   7.4429404772449650E-002   2.6384615384615383E-003   495.32552088322103     
   7.7702983490304176E-002   2.6384615384615383E-003   484.11197186988301     
   8.1040960357672956E-002   2.6384615384615383E-003   476.98489364167079     
   8.4442826350042507E-002   2.6384615384615383E-003   474.25752271079608     
   8.7908062700132419E-002   2.6384615384615383E-003   476.25316773656607     
   9.1436140977004560E-002   2.6384615384615383E-003   483.30544605116773     
   9.5026523166646296E-002   2.6384615384615383E-003   495.75852794173016     
   9.8678661754014921E-002   2.6384615384615383E-003   513.96738888016932     
  0.10239199980653067        2.6384615384615383E-003   538.29806989829024     
  0.10616597105900641        2.6384615384615383E-003   569.12794631142174     
  0.10999999999999999        2.6384615384615383E-003   606.84600500021804     
  
   6.8077428705258236E-002   2.6923076923076922E-003   538.76165927253419     
   7.1220723408232281E-002   2.6923076923076922E-003   521.02936026704856     
   7.4429404772449650E-002   2.6923076923076922E-003   506.83247690423502     
   7.7702983490304176E-002   2.6923076923076922E-003   496.46706314879026     
   8.1040960357672956E-002   2.6923076923076922E-003   490.23888206428717     
   8.4442826350042507E-002   2.6923076923076922E-003   488.46362978513622     
   8.7908062700132419E-002   2.6923076923076922E-003   491.46716692355290     
   9.1436140977004560E-002   2.6923076923076922E-003   499.58575758942413     
   9.5026523166646296E-002   2.6923076923076922E-003   513.16631620656119     
   9.8678661754014921E-002   2.6923076923076922E-003   532.56666231418603     
  0.10239199980653067        2.6923076923076922E-003   558.15578354818274     
  0.10616597105900641        2.6923076923076922E-003   590.31410700241224     
  0.10999999999999999        2.6923076923076922E-003   629.43377917606540     
  
   6.8077428705258236E-002   2.7461538461538461E-003   551.25292500036005     
   7.1220723408232281E-002   2.7461538461538461E-003   534.35616482016258     
   7.4429404772449650E-002   2.7461538461538461E-003   521.03906216539349     
   7.7702983490304176E-002   2.7461538461538461E-003   511.59966756330067     
   8.1040960357672956E-002   2.7461538461538461E-003   506.34581819665607     
   8.4442826350042507E-002   2.7461538461538461E-003   505.59536399590957     
   8.7908062700132419E-002   2.7461538461538461E-003   509.67640119727128     
   9.1436140977004560E-002   2.7461538461538461E-003   518.92751354194297     
   9.5026523166646296E-002   2.7461538461538461E-003   533.69802129684967     
   9.8678661754014921E-002   2.7461538461538461E-003   554.34823828260801     
  0.10239199980653067        2.7461538461538461E-003   581.24973709939900     
  0.10616597105900641        2.7461538461538461E-003   614.78562274730348     
  0.10999999999999999        2.7461538461538461E-003   655.35081484266379     
  
   6.8077428705258236E-002   2.8000000000000000E-003   566.17316452048090     
   7.1220723408232281E-002   2.8000000000000000E-003   550.18801481920002     
   7.4429404772449650E-002   2.8000000000000000E-003   537.82472490956206     
   7.7702983490304176E-002   2.8000000000000000E-003   529.38305809206213     
   8.1040960357672956E-002   2.8000000000000000E-003   525.17263263269672     
   8.4442826350042507E-002   2.8000000000000000E-003   525.51314975266052     
   8.7908062700132419E-002   2.8000000000000000E-003   530.73462910602018     
   9.1436140977004560E-002   2.8000000000000000E-003   541.17765191758917     
   9.5026523166646296E-002   2.8000000000000000E-003   557.19361195794147     
   9.8678661754014921E-002   2.8000000000000000E-003   579.14497453764716     
  0.10239199980653067        2.8000000000000000E-003   607.40554370759276     
  0.10616597105900641        2.8000000000000000E-003   642.36073785745202     
  0.10999999999999999        2.8000000000000000E-003   684.40787390925084     
  
