   6.8077428705258236E-002   2.1538461538461538E-003   584.96452896824474     
   7.1220723408232281E-002   2.1538461538461538E-003   562.51699583999311     
   7.4429404772449650E-002   2.1538461538461538E-003   542.97445163440091     
   7.7702983490304176E-002   2.1538461538461538E-003   526.59121952067687     
   8.1040960357672956E-002   2.1538461538461538E-003   513.62966760381289     
   8.4442826350042507E-002   2.1538461538461538E-003   504.36037722266548     
   8.7908062700132419E-002   2.1538461538461538E-003   499.06231660456035     
   9.1436140977004560E-002   2.1538461538461538E-003   498.02301999325641     
   9.5026523166646296E-002   2.1538461538461538E-003   501.53877237070310     
   9.8678661754014921E-002   2.1538461538461538E-003   509.91479989655460     
  0.10239199980653067        2.1538461538461538E-003   523.46546619318235     
  0.10616597105900641        2.1538461538461538E-003   542.51447460773545     
  0.10999999999999999        2.1538461538461538E-003   567.39507658645971     
  
   6.8077428705258236E-002   2.2076923076923076E-003   571.60912865776982     
   7.1220723408232281E-002   2.2076923076923076E-003   549.13865980730361     
   7.4429404772449650E-002   2.2076923076923076E-003   529.63429742168205     
   7.7702983490304176E-002   2.2076923076923076E-003   513.35525925391619     
   8.1040960357672956E-002   2.2076923076923076E-003   500.56899776365964     
   8.4442826350042507E-002   2.2076923076923076E-003   491.55137432357145     
   8.7908062700132419E-002   2.2076923076923076E-003   486.58683898259335     
   9.1436140977004560E-002   2.2076923076923076E-003   485.96861590822908     
   9.5026523166646296E-002   2.2076923076923076E-003   489.99889463357772     
   9.8678661754014921E-002   2.2076923076923076E-003   498.98902723865706     
  0.10239199980653067        2.2076923076923076E-003   513.25973159963826     
  0.10616597105900641        2.2076923076923076E-003   533.14130084331896     
  0.10999999999999999        2.2076923076923076E-003   558.97381914859284     
  
   6.8077428705258236E-002   2.2615384615384615E-003   560.78561028304466     
   7.1220723408232281E-002   2.2615384615384615E-003   538.35502950951536     
   7.4429404772449650E-002   2.2615384615384615E-003   518.94753237101747     
   7.7702983490304176E-002   2.2615384615384615E-003   502.82681013630128     
   8.1040960357672956E-002   2.2615384615384615E-003   490.26496451096409     
   8.4442826350042507E-002   2.2615384615384615E-003   481.54268740055272     
   8.7908062700132419E-002   2.2615384615384615E-003   476.94944641723691     
   9.1436140977004560E-002   2.2615384615384615E-003   476.78367625641329     
   9.5026523166646296E-002   2.2615384615384615E-003   481.35297607390373     
   9.8678661754014921E-002   2.2615384615384615E-003   490.97431299819129     
  0.10239199980653067        2.2615384615384615E-003   505.97423191638632     
  0.10616597105900641        2.2615384615384615E-003   526.68907167661814     
  0.10999999999999999        2.2615384615384615E-003   553.46518785386536     
  
   6.8077428705258236E-002   2.3153846153846154E-003   552.60967033870338     
   7.1220723408232281E-002   2.3153846153846154E-003   530.29272987290233     
   7.4429404772449650E-002   2.3153846153846154E-003   511.05250223412105     
   7.7702983490304176E-002   2.3153846153846154E-003   495.15677273546510     
   8.1040960357672956E-002   2.3153846153846154E-003   482.88190036518461     
   8.4442826350042507E-002   2.3153846153846154E-003   474.51300281128903     
   8.7908062700132419E-002   2.3153846153846154E-003   470.34414740505474     
   9.1436140977004560E-002   2.3153846153846154E-003   470.67854811437371     
   9.5026523166646296E-002   2.3153846153846154E-003   475.82876872161376     
   9.8678661754014921E-002   2.3153846153846154E-003   486.11693232506559     
  0.10239199980653067        2.3153846153846154E-003   501.87493730710230     
  0.10616597105900641        2.3153846153846154E-003   523.44467991657609     
  0.10999999999999999        2.3153846153846154E-003   551.17828361731040     
  
   6.8077428705258236E-002   2.3692307692307693E-003   547.17320044417318     
   7.1220723408232281E-002   2.3692307692307693E-003   525.05305387795522     
   7.4429404772449650E-002   2.3692307692307693E-003   506.06061642819833     
   7.7702983490304176E-002   2.3692307692307693E-003   490.46742601506173     
   8.1040960357672956E-002   2.3692307692307693E-003   478.55374636265645     
   8.4442826350042507E-002   2.3692307692307693E-003   470.60875703835001     
   8.7908062700132419E-002   2.3692307692307693E-003   466.93074957846665     
   9.1436140977004560E-002   2.3692307692307693E-003   467.82732983501427     
   9.5026523166646296E-002   2.3692307692307693E-003   473.61562668236718     
   9.8678661754014921E-002   2.3692307692307693E-003   484.62250722695791     
  0.10239199980653067        2.3692307692307693E-003   501.18479866724817     
  0.10616597105900641        2.3692307692307693E-003   523.64951695605930     
  0.10999999999999999        2.3692307692307693E-003   552.37410242138833     
  
   6.8077428705258236E-002   2.4230769230769228E-003   544.54201473238174     
   7.1220723408232281E-002   2.4230769230769228E-003   522.70942310492865     
   7.4429404772449650E-002   2.4230769230769228E-003   504.05351975828455     
   7.7702983490304176E-002   2.4230769230769228E-003   488.84928702666753     
   8.1040960357672956E-002   2.4230769230769228E-003   477.38057523623360     
   8.4442826350042507E-002   2.4230769230769228E-003   469.94029755224636     
   8.7908062700132419E-002   2.4230769230769228E-003   466.83063107436317     
   9.1436140977004560E-002   2.4230769230769228E-003   468.36322431847134     
   9.5026523166646296E-002   2.4230769230769228E-003   474.85941122772999     
   9.8678661754014921E-002   2.4230769230769228E-003   486.65043185986968     
  0.10239199980653067        2.4230769230769228E-003   504.07765990217558     
  0.10616597105900641        2.4230769230769228E-003   527.49283717008552     
  0.10999999999999999        2.4230769230769228E-003   557.25831524989655     
  
   6.8077428705258236E-002   2.4769230769230771E-003   544.75452728931896     
   7.1220723408232281E-002   2.4769230769230771E-003   523.30589165960987     
   7.4429404772449650E-002   2.4769230769230771E-003   505.08140806568485     
   7.7702983490304176E-002   2.4769230769230771E-003   490.35922272100544     
   8.1040960357672956E-002   2.4769230769230771E-003   479.42648300753643     
   8.4442826350042507E-002   2.4769230769230771E-003   472.57953695431092     
   8.7908062700132419E-002   2.4769230769230771E-003   470.12413912212497     
   9.1436140977004560E-002   2.4769230769230771E-003   472.37566303655797     
   9.5026523166646296E-002   2.4769230769230771E-003   479.65932031584134     
   9.8678661754014921E-002   2.4769230769230771E-003   492.31038664451415     
  0.10239199980653067        2.4769230769230771E-003   510.67443474826314     
  0.10616597105900641        2.4769230769230771E-003   535.10757452997996     
  0.10999999999999999        2.4769230769230771E-003   565.97670053167553     
  
   6.8077428705258236E-002   2.5307692307692305E-003   547.82135571630579     
   7.1220723408232281E-002   2.5307692307692305E-003   526.85666673085984     
   7.4429404772449650E-002   2.5307692307692305E-003   509.16245789605398     
   7.7702983490304176E-002   2.5307692307692305E-003   495.01978043984263     
   8.1040960357672956E-002   2.5307692307692305E-003   484.71881160604624     
   8.4442826350042507E-002   2.5307692307692305E-003   478.55905860868950     
   8.7908062700132419E-002   2.5307692307692305E-003   476.84956914855206     
   9.1436140977004560E-002   2.5307692307692305E-003   479.90914863788419     
   9.5026523166646296E-002   2.5307692307692305E-003   488.06658428382542     
   9.8678661754014921E-002   2.5307692307692305E-003   501.66087618552166     
  0.10239199980653067        2.5307692307692305E-003   521.04147560441118     
  0.10616597105900641        2.5307692307692305E-003   546.56853057196440     
  0.10999999999999999        2.5307692307692305E-003   578.61313900387881     
  
   6.8077428705258236E-002   2.5846153846153844E-003   553.72578834478804     
   7.1220723408232281E-002   2.5846153846153844E-003   533.34657672207004     
   7.4429404772449650E-002   2.5846153846153844E-003   516.28329392760645     
   7.7702983490304176E-002   2.5846153846153844E-003   502.81965296198854     
   8.1040960357672956E-002   2.5846153846153844E-003   493.24860980041467     
   8.4442826350042507E-002   2.5846153846153844E-003   487.87257167945467     
   8.7908062700132419E-002   2.5846153846153844E-003   487.00361210135679     
   9.1436140977004560E-002   2.5846153846153844E-003   490.96369270590424     
   9.5026523166646296E-002   2.5846153846153844E-003   500.08489216457417     
   9.8678661754014921E-002   2.5846153846153844E-003   514.70964225639568     
  0.10239199980653067        2.5846153846153844E-003   535.19097128940734     
  0.10616597105900641        2.5846153846153844E-003   561.89275503648935     
  0.10999999999999999        2.5846153846153844E-003   595.18997535927008     
  
   6.8077428705258236E-002   2.6384615384615383E-003   562.42502177016615     
   7.1220723408232281E-002   2.6384615384615383E-003   542.73238414217440     
   7.4429404772449650E-002   2.6384615384615383E-003   526.40038105763551     
   7.7702983490304176E-002   2.6384615384615383E-003   513.71515384811346     
   8.1040960357672956E-002   2.6384615384615383E-003   504.97219610451305     
   8.4442826350042507E-002   2.6384615384615383E-003   500.47656615717614     
   8.7908062700132419E-002   2.6384615384615383E-003   500.54310642895416     
   9.1436140977004560E-002   2.6384615384615383E-003   505.49666981592492     
   9.5026523166646296E-002   2.6384615384615383E-003   515.67235325499087     
   9.8678661754014921E-002   2.6384615384615383E-003   531.41573864259192     
  0.10239199980653067        2.6384615384615383E-003   553.08314127334040     
  0.10616597105900641        2.6384615384615383E-003   581.04186597241073     
  0.10999999999999999        2.6384615384615383E-003   615.67047110061003     
  
   6.8077428705258236E-002   2.6923076923076922E-003   573.85205262403474     
   7.1220723408232281E-002   2.6923076923076922E-003   554.94481567528396     
   7.4429404772449650E-002   2.6923076923076922E-003   539.44220114432483     
   7.7702983490304176E-002   2.6923076923076922E-003   527.63254967755938     
   8.1040960357672956E-002   2.6923076923076922E-003   519.81365580147235     
   8.4442826350042507E-002   2.6923076923076922E-003   516.29298445399763     
   8.7908062700132419E-002   2.6923076923076922E-003   517.38789454521043     
   9.1436140977004560E-002   2.6923076923076922E-003   523.42586970683340     
   9.5026523166646296E-002   2.6923076923076922E-003   534.74475639521393     
   9.8678661754014921E-002   2.6923076923076922E-003   551.69300951705509     
  0.10239199980653067        2.6923076923076922E-003   574.62994575249434     
  0.10616597105900641        2.6923076923076922E-003   603.92600475491076     
  0.10999999999999999        2.6923076923076922E-003   639.96301841244326     
  
   6.8077428705258236E-002   2.7461538461538461E-003   587.91809280511984     
   7.1220723408232281E-002   2.7461538461538461E-003   569.89116595032306     
   7.4429404772449650E-002   2.7461538461538461E-003   555.31205725755842     
   7.7702983490304176E-002   2.7461538461538461E-003   544.47107733624898     
   8.1040960357672956E-002   2.7461538461538461E-003   537.66808446294158     
   8.4442826350042507E-002   2.7461538461538461E-003   535.21270501247614     
   8.7908062700132419E-002   2.7461538461538461E-003   537.42456107566284     
   9.1436140977004560E-002   2.7461538461538461E-003   544.63350542876594     
   9.5026523166646296E-002   2.7461538461538461E-003   557.17986402494876     
   9.8678661754014921E-002   2.7461538461538461E-003   575.41468618313741     
  0.10239199980653067        2.7461538461538461E-003   599.70000265505291     
  0.10616597105900641        2.7461538461538461E-003   630.40909175638228     
  0.10999999999999999        2.7461538461538461E-003   667.92675375371300     
  
   6.8077428705258236E-002   2.8000000000000000E-003   604.51537027420522     
   7.1220723408232281E-002   2.8000000000000000E-003   587.45832395133596     
   7.4429404772449650E-002   2.8000000000000000E-003   573.89134025111605     
   7.7702983490304176E-002   2.8000000000000000E-003   564.10646602530096     
   8.1040960357672956E-002   2.8000000000000000E-003   558.40538142267155     
   8.4442826350042507E-002   2.8000000000000000E-003   557.09962405283443     
   8.7908062700132419E-002   2.8000000000000000E-003   560.51082049464333     
   9.1436140977004560E-002   2.8000000000000000E-003   568.97092532054285     
   9.5026523166646296E-002   2.8000000000000000E-003   582.82246781349795     
   9.8678661754014921E-002   2.8000000000000000E-003   602.41880655864111     
  0.10239199980653067        2.8000000000000000E-003   628.12439209730746     
  0.10616597105900641        2.8000000000000000E-003   660.31503783697758     
  0.10999999999999999        2.8000000000000000E-003   699.37819941622672     
  
