   6.8077428705258236E-002   2.1538461538461538E-003   619.75690126002860     
   7.1220723408232281E-002   2.1538461538461538E-003   593.84802346146512     
   7.4429404772449650E-002   2.1538461538461538E-003   570.99819487402146     
   7.7702983490304176E-002   2.1538461538461538E-003   551.47692114561687     
   8.1040960357672956E-002   2.1538461538461538E-003   535.56197039586709     
   8.4442826350042507E-002   2.1538461538461538E-003   523.53952853317890     
   8.7908062700132419E-002   2.1538461538461538E-003   515.70435908165553     
   9.1436140977004560E-002   2.1538461538461538E-003   512.35996758920521     
   9.5026523166646296E-002   2.1538461538461538E-003   513.81877068991321     
   9.8678661754014921E-002   2.1538461538461538E-003   520.40226989533153     
  0.10239199980653067        2.1538461538461538E-003   532.44123019097242     
  0.10616597105900641        2.1538461538461538E-003   550.27586351580521     
  0.10999999999999999        2.1538461538461538E-003   574.25601720447935     
  
   6.8077428705258236E-002   2.2076923076923076E-003   606.40754664474832     
   7.1220723408232281E-002   2.2076923076923076E-003   580.61822918302073     
   7.4429404772449650E-002   2.2076923076923076E-003   557.96725916389187     
   7.7702983490304176E-002   2.2076923076923076E-003   538.73028516146883     
   8.1040960357672956E-002   2.2076923076923076E-003   523.19146340944360     
   8.4442826350042507E-002   2.2076923076923076E-003   511.64362109004531     
   8.7908062700132419E-002   2.2076923076923076E-003   504.38842440668446     
   9.1436140977004560E-002   2.2076923076923076E-003   501.73655151867410     
   9.5026523166646296E-002   2.2076923076923076E-003   504.00787041864214     
   9.8678661754014921E-002   2.2076923076923076E-003   511.53162183485028     
  0.10239199980653067        2.2076923076923076E-003   524.64660724259647     
  0.10616597105900641        2.2076923076923076E-003   543.70138207076707     
  0.10999999999999999        2.2076923076923076E-003   569.05445419152625     
  
   6.8077428705258236E-002   2.2615384615384615E-003   595.73937653045914     
   7.1220723408232281E-002   2.2615384615384615E-003   570.12894556168567     
   7.4429404772449650E-002   2.2615384615384615E-003   547.73112304547396     
   7.7702983490304176E-002   2.2615384615384615E-003   528.82724974586290     
   8.1040960357672956E-002   2.2615384615384615E-003   513.70740799348289     
   8.4442826350042507E-002   2.2615384615384615E-003   502.67059290168118     
   8.7908062700132419E-002   2.2615384615384615E-003   496.02488864228815     
   9.1436140977004560E-002   2.2615384615384615E-003   494.08764986699663     
   9.5026523166646296E-002   2.2615384615384615E-003   497.18568836223511     
   9.8678661754014921E-002   2.2615384615384615E-003   505.65546502789789     
  0.10239199980653067        2.2615384615384615E-003   519.84328727200295     
  0.10616597105900641        2.2615384615384615E-003   540.10551191584625     
  0.10999999999999999        2.2615384615384615E-003   566.80875370610897     
  
   6.8077428705258236E-002   2.3153846153846154E-003   587.82946218089478     
   7.1220723408232281E-002   2.3153846153846154E-003   562.46361123184226     
   7.4429404772449650E-002   2.3153846153846154E-003   540.37998159230699     
   7.7702983490304176E-002   2.3153846153846154E-003   521.86517004582481     
   8.1040960357672956E-002   2.3153846153846154E-003   507.21473761008428     
   8.4442826350042507E-002   2.3153846153846154E-003   496.73338860477384     
   8.7908062700132419E-002   2.3153846153846154E-003   490.73515505490138     
   9.1436140977004560E-002   2.3153846153846154E-003   489.54358652291819     
   9.5026523166646296E-002   2.3153846153846154E-003   493.49194546527326     
   9.8678661754014921E-002   2.3153846153846154E-003   502.92340821133035     
  0.10239199980653067        2.3153846153846154E-003   518.19127166506451     
  0.10616597105900641        2.3153846153846154E-003   539.65916583222770     
  0.10999999999999999        2.3153846153846154E-003   567.70127227807870     
  
   6.8077428705258236E-002   2.3692307692307693E-003   582.73176932593208     
   7.1220723408232281E-002   2.3692307692307693E-003   557.68113185538516     
   7.4429404772449650E-002   2.3692307692307693E-003   535.97799380721187     
   7.7702983490304176E-002   2.3692307692307693E-003   517.91378171006102     
   8.1040960357672956E-002   2.3692307692307693E-003   503.78909746365639     
   8.4442826350042507E-002   2.3692307692307693E-003   493.91390513213190     
   8.7908062700132419E-002   2.3692307692307693E-003   488.60772334518015     
   9.1436140977004560E-002   2.3692307692307693E-003   488.19982340744855     
   9.5026523166646296E-002   2.3692307692307693E-003   493.02943321928302     
   9.8678661754014921E-002   2.3692307692307693E-003   503.44594711422445     
  0.10239199980653067        2.3692307692307693E-003   519.80914172157077     
  0.10616597105900641        2.3692307692307693E-003   542.48939796456432     
  0.10999999999999999        2.3692307692307693E-003   571.86792930765193     
  
   6.8077428705258236E-002   2.4230769230769228E-003   580.47615468948868     
   7.1220723408232281E-002   2.4230769230769228E-003   555.81475176190304     
   7.4429404772449650E-002   2.4230769230769228E-003   534.56202056921063     
   7.7702983490304176E-002   2.4230769230769228E-003   517.01379617578789     
   8.1040960357672956E-002   2.4230769230769228E-003   503.47528803636811     
   8.4442826350042507E-002   2.4230769230769228E-003   494.26127432298972     
   8.7908062700132419E-002   2.4230769230769228E-003   489.69630212469269     
   9.1436140977004560E-002   2.4230769230769228E-003   490.11489362710279     
   9.5026523166646296E-002   2.4230769230769228E-003   495.86175838190451     
   9.8678661754014921E-002   2.4230769230769228E-003   507.29201177886841     
  0.10239199980653067        2.4230769230769228E-003   524.77139983572636     
  0.10616597105900641        2.4230769230769228E-003   548.67653042416225     
  0.10999999999999999        2.4230769230769228E-003   579.39511105282338     
  
   6.8077428705258236E-002   2.4769230769230771E-003   581.06827576026581     
   7.1220723408232281E-002   2.4769230769230771E-003   556.87193108310396     
   7.4429404772449650E-002   2.4769230769230771E-003   536.14146788897904     
   7.7702983490304176E-002   2.4769230769230771E-003   519.17670914071743     
   8.1040960357672956E-002   2.4769230769230771E-003   506.28703827435368     
   8.4442826350042507E-002   2.4769230769230771E-003   497.79160079363146     
   8.7908062700132419E-002   2.4769230769230771E-003   494.01951199082390     
   9.1436140977004560E-002   2.4769230769230771E-003   495.31007090716190     
   9.5026523166646296E-002   2.4769230769230771E-003   502.01298064916887     
   9.8678661754014921E-002   2.4769230769230771E-003   514.48857517995668     
  0.10239199980653067        2.4769230769230771E-003   533.10805270734966     
  0.10616597105900641        2.4769230769230771E-003   558.25371579379873     
  0.10999999999999999        2.4769230769230771E-003   590.31921831572060     
  
   6.8077428705258236E-002   2.5307692307692305E-003   584.49033944542680     
   7.1220723408232281E-002   2.5307692307692305E-003   560.83514490786592     
   7.4429404772449650E-002   2.5307692307692305E-003   540.69914184277081     
   7.7702983490304176E-002   2.5307692307692305E-003   524.38571727962017     
   8.1040960357672956E-002   2.5307692307692305E-003   512.20799089728143     
   8.4442826350042507E-002   2.5307692307692305E-003   504.48902354373513     
   8.7908062700132419E-002   2.5307692307692305E-003   501.56203212090315     
   9.1436140977004560E-002   2.5307692307692305E-003   503.77061095312786     
   9.5026523166646296E-002   2.5307692307692305E-003   511.46895976124142     
   9.8678661754014921E-002   2.5307692307692305E-003   525.02211836675701     
  0.10239199980653067        2.5307692307692305E-003   544.80620825398296     
  0.10616597105900641        2.5307692307692305E-003   571.20868112043991     
  0.10999999999999999        2.5307692307692305E-003   604.62857454937580     
  
   6.8077428705258236E-002   2.5846153846153844E-003   590.70257846498851     
   7.1220723408232281E-002   2.5846153846153844E-003   567.66348050540046     
   7.4429404772449650E-002   2.5846153846153844E-003   548.19297710259980     
   7.7702983490304176E-002   2.5846153846153844E-003   532.59758955050131     
   8.1040960357672956E-002   2.5846153846153844E-003   521.19372902576924     
   8.4442826350042507E-002   2.5846153846153844E-003   514.30791161838044     
   8.7908062700132419E-002   2.5846153846153844E-003   512.27697994811786     
   9.1436140977004560E-002   2.5846153846153844E-003   515.44833149040483     
   9.5026523166646296E-002   2.5846153846153844E-003   524.18015373793492     
   9.8678661754014921E-002   2.5846153846153844E-003   538.84166632747588     
  0.10239199980653067        2.5846153846153844E-003   559.81337026425570     
  0.10616597105900641        2.5846153846153844E-003   587.48730437944016     
  0.10999999999999999        2.5846153846153844E-003   622.26730915892881     
  
   6.8077428705258236E-002   2.6384615384615383E-003   599.64531814597797     
   7.1220723408232281E-002   2.6384615384615383E-003   577.29488006950214     
   7.4429404772449650E-002   2.6384615384615383E-003   558.55846985536118     
   7.7702983490304176E-002   2.6384615384615383E-003   543.74530564543318     
   8.1040960357672956E-002   2.6384615384615383E-003   533.17463673500902     
   8.4442826350042507E-002   2.6384615384615383E-003   527.17596463617338     
   8.7908062700132419E-002   2.6384615384615383E-003   526.08927092832755     
   9.1436140977004560E-002   2.6384615384615383E-003   530.26525202312610     
   9.5026523166646296E-002   2.6384615384615383E-003   540.06556097409020     
   9.8678661754014921E-002   2.6384615384615383E-003   555.86305646422238     
  0.10239199980653067        2.6384615384615383E-003   578.04205910784958     
  0.10616597105900641        2.6384615384615383E-003   606.99861520589013     
  0.10999999999999999        2.6384615384615383E-003   643.14076809688891     
  
   6.8077428705258236E-002   2.6923076923076922E-003   611.24148087777917     
   7.1220723408232281E-002   2.6923076923076922E-003   589.64885990582320     
   7.4429404772449650E-002   2.6923076923076922E-003   571.71162823007160     
   7.7702983490304176E-002   2.6923076923076922E-003   557.74125532922869     
   8.1040960357672956E-002   2.6923076923076922E-003   548.05936621060528     
   8.4442826350042507E-002   2.6923076923076922E-003   542.99796797680153     
   8.7908062700132419E-002   2.6923076923076922E-003   542.89968335996662     
   9.1436140977004560E-002   2.6923076923076922E-003   548.11799135411491     
   9.5026523166646296E-002   2.6923076923076922E-003   559.01747507870596     
   9.8678661754014921E-002   2.6923076923076922E-003   575.97407700991334     
  0.10239199980653067        2.6923076923076922E-003   599.37536171866111     
  0.10616597105900641        2.6923076923076922E-003   629.62078625769902     
  0.10999999999999999        2.6923076923076922E-003   667.12197834285757     
  
   6.8077428705258236E-002   2.7461538461538461E-003   625.39937038185406     
   7.1220723408232281E-002   2.7461538461538461E-003   604.62953187782637     
   7.4429404772449650E-002   2.7461538461538461E-003   587.55224834239209     
   7.7702983490304176E-002   2.7461538461538461E-003   574.48078760884755     
   8.1040960357672956E-002   2.7461538461538461E-003   565.73867972888502     
   8.4442826350042507E-002   2.7461538461538461E-003   561.65994847507511     
   8.7908062700132419E-002   2.7461538461538461E-003   562.58934997068468     
   9.1436140977004560E-002   2.7461538461538461E-003   568.88261857947418     
   9.5026523166646296E-002   2.7461538461538461E-003   580.90672019117221     
   9.8678661754014921E-002   2.7461538461538461E-003   599.04011304123026     
  0.10239199980653067        2.7461538461538461E-003   623.67301620620265     
  0.10616597105900641        2.7461538461538461E-003   655.20768591909223     
  0.10999999999999999        2.7461538461538461E-003   694.05869985180061     
  
   6.8077428705258236E-002   2.8000000000000000E-003   642.01558204869889     
   7.1220723408232281E-002   2.8000000000000000E-003   622.12875797682295     
   7.4429404772449650E-002   2.8000000000000000E-003   605.96733023439583     
   7.7702983490304176E-002   2.8000000000000000E-003   593.84590615682384     
   8.1040960357672956E-002   2.8000000000000000E-003   586.08944369368385     
   8.4442826350042507E-002   2.8000000000000000E-003   583.03348725558180     
   8.7908062700132419E-002   2.8000000000000000E-003   585.02441082765176     
   9.1436140977004560E-002   2.8000000000000000E-003   592.41966848431991     
   9.5026523166646296E-002   2.8000000000000000E-003   605.58805244268569     
   9.8678661754014921E-002   2.8000000000000000E-003   624.90995879471757     
  0.10239199980653067        2.8000000000000000E-003   650.77766106124238     
  0.10616597105900641        2.8000000000000000E-003   683.59559171348928     
  0.10999999999999999        2.8000000000000000E-003   723.78063181050322     
  
