   6.8077428705258236E-002   2.1538461538461538E-003   603.18623797205555     
   7.1220723408232281E-002   2.1538461538461538E-003   578.06445209829053     
   7.4429404772449650E-002   2.1538461538461538E-003   555.94362194502105     
   7.7702983490304176E-002   2.1538461538461538E-003   537.08944948136821     
   8.1040960357672956E-002   2.1538461538461538E-003   521.77599612252698     
   8.4442826350042507E-002   2.1538461538461538E-003   510.28585369857871     
   8.7908062700132419E-002   2.1538461538461538E-003   502.91032065111301     
   9.1436140977004560E-002   2.1538461538461538E-003   499.94958355224435     
   9.5026523166646296E-002   2.1538461538461538E-003   501.71290404263237     
   9.8678661754014921E-002   2.1538461538461538E-003   508.51881128662006     
  0.10239199980653067        2.1538461538461538E-003   520.69530004471903     
  0.10616597105900641        2.1538461538461538E-003   538.58003446490852     
  0.10999999999999999        2.1538461538461538E-003   562.52055769628782     
  
   6.8077428705258236E-002   2.2076923076923076E-003   588.25218046749706     
   7.1220723408232281E-002   2.2076923076923076E-003   563.18251602318753     
   7.4429404772449650E-002   2.2076923076923076E-003   541.19287468482344     
   7.7702983490304176E-002   2.2076923076923076E-003   522.55529533052436     
   8.1040960357672956E-002   2.2076923076923076E-003   507.55044063750404     
   8.4442826350042507E-002   2.2076923076923076E-003   496.46777752509308     
   8.7908062700132419E-002   2.2076923076923076E-003   489.60576319224316     
   9.1436140977004560E-002   2.2076923076923076E-003   487.27203685561261     
   9.5026523166646296E-002   2.2076923076923076E-003   489.78361729642455     
   9.8678661754014921E-002   2.2076923076923076E-003   497.46710632668862     
  0.10239199980653067        2.2076923076923076E-003   510.65889828709777     
  0.10616597105900641        2.2076923076923076E-003   529.70539569137463     
  0.10999999999999999        2.2076923076923076E-003   554.96323113349820     
  
   6.8077428705258236E-002   2.2615384615384615E-003   576.06046463763619     
   7.1220723408232281E-002   2.2615384615384615E-003   551.12371165152513     
   7.4429404772449650E-002   2.2615384615384615E-003   529.34316081777251     
   7.7702983490304176E-002   2.2615384615384615E-003   510.99683859225013     
   8.1040960357672956E-002   2.2615384615384615E-003   496.37164921949818     
   8.4442826350042507E-002   2.2615384615384615E-003   485.76356451160478     
   8.7908062700132419E-002   2.2615384615384615E-003   479.47781958869143     
   9.1436140977004560E-002   2.2615384615384615E-003   477.82911469894520     
   9.5026523166646296E-002   2.2615384615384615E-003   481.14182323841425     
   9.8678661754014921E-002   2.2615384615384615E-003   489.75020609369233     
  0.10239199980653067        2.2615384615384615E-003   503.99863243261439     
  0.10616597105900641        2.2615384615384615E-003   524.24180707090238     
  0.10999999999999999        2.2615384615384615E-003   550.84500454484100     
  
   6.8077428705258236E-002   2.3153846153846154E-003   566.72011666969593     
   7.1220723408232281E-002   2.3153846153846154E-003   542.00638556595186     
   7.4429404772449650E-002   2.3153846153846154E-003   520.52272784453237     
   7.7702983490304176E-002   2.3153846153846154E-003   502.55282948245053     
   8.1040960357672956E-002   2.3153846153846154E-003   488.38949784911478     
   8.4442826350042507E-002   2.3153846153846154E-003   478.33486063556001     
   8.7908062700132419E-002   2.3153846153846154E-003   472.70057111034123     
   9.1436140977004560E-002   2.3153846153846154E-003   471.80801983176070     
   9.5026523166646296E-002   2.3153846153846154E-003   475.98855294917007     
   9.8678661754014921E-002   2.3153846153846154E-003   485.58369722882344     
  0.10239199980653067        2.3153846153846154E-003   500.94539194263064     
  0.10616597105900641        2.3153846153846154E-003   522.43622776098755     
  0.10999999999999999        2.3153846153846154E-003   550.42969279347346     
  
   6.8077428705258236E-002   2.3692307692307693E-003   560.31205733312606     
   7.1220723408232281E-002   2.3692307692307693E-003   535.91878940108597     
   7.4429404772449650E-002   2.3692307692307693E-003   514.82762221816461     
   7.7702983490304176E-002   2.3692307692307693E-003   497.32758827686581     
   8.1040960357672956E-002   2.3692307692307693E-003   483.71707433181257     
   8.4442826350042507E-002   2.3692307692307693E-003   474.30402922988253     
   8.7908062700132419E-002   2.3692307692307693E-003   469.40617842613057     
   9.1436140977004560E-002   2.3692307692307693E-003   469.35124532725206     
   9.5026523166646296E-002   2.3692307692307693E-003   474.47717960742523     
   9.8678661754014921E-002   2.3692307692307693E-003   485.13239264463346     
  0.10239199980653067        2.3692307692307693E-003   501.67600022888558     
  0.10616597105900641        2.3692307692307693E-003   524.47807269669647     
  0.10999999999999999        2.3692307692307693E-003   553.91989264936626     
  
   6.8077428705258236E-002   2.4230769230769228E-003   556.88718115684094     
   7.1220723408232281E-002   2.4230769230769228E-003   532.91694604358327     
   7.4429404772449650E-002   2.4230769230769228E-003   512.31932747873987     
   7.7702983490304176E-002   2.4230769230769228E-003   495.38839979805550     
   8.1040960357672956E-002   2.4230769230769228E-003   482.42781307933444     
   8.4442826350042507E-002   2.4230769230769228E-003   473.75100954604932     
   8.7908062700132419E-002   2.4230769230769228E-003   469.68144700593189     
   9.1436140977004560E-002   2.4230769230769228E-003   470.55282947788044     
   9.5026523166646296E-002   2.4230769230769228E-003   476.70934516419874     
   9.8678661754014921E-002   2.4230769230769228E-003   488.50591192861521     
  0.10239199980653067        2.4230769230769228E-003   506.30843044421169     
  0.10616597105900641        2.4230769230769228E-003   530.49404517872813     
  0.10999999999999999        2.4230769230769228E-003   561.45141338826272     
  
   6.8077428705258236E-002   2.4769230769230771E-003   556.46553028566984     
   7.1220723408232281E-002   2.4769230769230771E-003   533.02372014585080     
   7.4429404772449650E-002   2.4769230769230771E-003   513.02372502216417     
   7.7702983490304176E-002   2.4769230769230771E-003   496.76435807935945     
   8.1040960357672956E-002   2.4769230769230771E-003   484.55421739597909     
   8.4442826350042507E-002   2.4769230769230771E-003   476.71191052657792     
   8.7908062700132419E-002   2.4769230769230771E-003   473.56628643343777     
   9.1436140977004560E-002   2.4769230769230771E-003   475.45667495233863     
   9.5026523166646296E-002   2.4769230769230771E-003   482.73313396116617     
   9.8678661754014921E-002   2.4769230769230771E-003   495.75670442375207     
  0.10239199980653067        2.4769230769230771E-003   514.89967348534788     
  0.10616597105900641        2.4769230769230771E-003   540.54584580000483     
  0.10999999999999999        2.4769230769230771E-003   573.09082327372096     
  
   6.8077428705258236E-002   2.5307692307692305E-003   559.03651635747303     
   7.1220723408232281E-002   2.5307692307692305E-003   536.22904024196714     
   7.4429404772449650E-002   2.5307692307692305E-003   516.93131800310709     
   7.7702983490304176E-002   2.5307692307692305E-003   501.44659410240769     
   8.1040960357672956E-002   2.5307692307692305E-003   490.08809366211329     
   8.4442826350042507E-002   2.5307692307692305E-003   483.17925467932514     
   8.7908062700132419E-002   2.5307692307692305E-003   481.05396792460863     
   9.1436140977004560E-002   2.5307692307692305E-003   484.05682470064482     
   9.5026523166646296E-002   2.5307692307692305E-003   492.54337264049946     
   9.8678661754014921E-002   2.5307692307692305E-003   506.88037972962195     
  0.10239199980653067        2.5307692307692305E-003   527.44610673960869     
  0.10616597105900641        2.5307692307692305E-003   554.63058826607949     
  0.10999999999999999        2.5307692307692305E-003   588.83592256703935     
  
   6.8077428705258236E-002   2.5846153846153844E-003   564.56009920853592     
   7.1220723408232281E-002   2.5846153846153844E-003   542.49117076583207     
   7.4429404772449650E-002   2.5846153846153844E-003   523.99860509288294     
   7.7702983490304176E-002   2.5846153846153844E-003   509.38976058093272     
   8.1040960357672956E-002   2.5846153846153844E-003   498.98215736608984     
   8.4442826350042507E-002   2.5846153846153844E-003   493.10371659736501     
   8.7908062700132419E-002   2.5846153846153844E-003   492.09300768029476     
   9.1436140977004560E-002   2.5846153846153844E-003   496.29950368176856     
   9.5026523166646296E-002   2.5846153846153844E-003   506.08384508608691     
   9.8678661754014921E-002   2.5846153846153844E-003   521.81811209706598     
  0.10239199980653067        2.5846153846153844E-003   543.88610568524030     
  0.10616597105900641        2.5846153846153844E-003   572.68363758398198     
  0.10999999999999999        2.5846153846153844E-003   608.61882944254785     
  
   6.8077428705258236E-002   2.6384615384615383E-003   572.96879606451444     
   7.1220723408232281E-002   2.6384615384615383E-003   551.73889377814635     
   7.4429404772449650E-002   2.6384615384615383E-003   534.15044875177409     
   7.7702983490304176E-002   2.6384615384615383E-003   520.51460190291073     
   8.1040960357672956E-002   2.6384615384615383E-003   511.15282103684632     
   8.4442826350042507E-002   2.6384615384615383E-003   506.39714648484085     
   8.7908062700132419E-002   2.6384615384615383E-003   506.59044498098598     
   9.1436140977004560E-002   2.6384615384615383E-003   512.08667197231057     
   9.5026523166646296E-002   2.6384615384615383E-003   523.25114256194843     
   9.8678661754014921E-002   2.6384615384615383E-003   540.46081128987157     
  0.10239199980653067        2.6384615384615383E-003   564.10456096073119     
  0.10616597105900641        2.6384615384615383E-003   594.58350073294014     
  0.10999999999999999        2.6384615384615383E-003   632.31127368808393     
  
   6.8077428705258236E-002   2.6923076923076922E-003   584.17036980467469     
   7.1220723408232281E-002   2.6923076923076922E-003   563.87443293190199     
   7.4429404772449650E-002   2.6923076923076922E-003   547.28325307484681     
   7.7702983490304176E-002   2.6923076923076922E-003   534.71140530282423     
   8.1040960357672956E-002   2.6923076923076922E-003   526.48393953485606     
   8.4442826350042507E-002   2.6923076923076922E-003   522.93663178846509     
   8.7908062700132419E-002   2.6923076923076922E-003   524.41624389801154     
   9.1436140977004560E-002   2.6923076923076922E-003   531.28079190574090     
   9.5026523166646296E-002   2.6923076923076922E-003   543.89982333366083     
   9.8678661754014921E-002   2.6923076923076922E-003   562.65470354992510     
  0.10239199980653067        2.6923076923076922E-003   587.93891144837346     
  0.10616597105900641        2.6923076923076922E-003   620.15834466514104     
  0.10999999999999999        2.6923076923076922E-003   659.73163456132465     
  
   6.8077428705258236E-002   2.7461538461538461E-003   598.05102995569405     
   7.1220723408232281E-002   2.7461538461538461E-003   578.77693616063607     
   7.4429404772449650E-002   2.7461538461538461E-003   563.26874908870013     
   7.7702983490304176E-002   2.7461538461538461E-003   551.84411100374950     
   8.1040960357672956E-002   2.7461538461538461E-003   544.83126867152998     
   8.4442826350042507E-002   2.7461538461538461E-003   542.56932939633475     
   8.7908062700132419E-002   2.7461538461538461E-003   545.40852572313747     
   9.1436140977004560E-002   2.7461538461538461E-003   553.71048901549682     
   9.5026523166646296E-002   2.7461538461538461E-003   567.84853212509233     
   9.8678661754014921E-002   2.7461538461538461E-003   588.20794137412906     
  0.10239199980653067        2.7461538461538461E-003   615.18627807773407     
  0.10616597105900641        2.7461538461538461E-003   649.19368983863990     
  0.10999999999999999        2.7461538461538461E-003   690.65323185208467     
  
   6.8077428705258236E-002   2.8000000000000000E-003   614.47897480112340     
   7.1220723408232281E-002   2.8000000000000000E-003   596.30632818318520     
   7.4429404772449650E-002   2.8000000000000000E-003   581.95817992412526     
   7.7702983490304176E-002   2.8000000000000000E-003   571.75485362525421     
   8.1040960357672956E-002   2.8000000000000000E-003   566.02738777546404     
   8.4442826350042507E-002   2.8000000000000000E-003   565.11779570544263     
   8.7908062700132419E-002   2.8000000000000000E-003   569.37933436564595     
   9.1436140977004560E-002   2.8000000000000000E-003   579.17678214433658     
   9.5026523166646296E-002   2.8000000000000000E-003   594.88672594785703     
   9.8678661754014921E-002   2.8000000000000000E-003   616.89785777108636     
  0.10239199980653067        2.8000000000000000E-003   645.61128099194991     
  0.10616597105900641        2.8000000000000000E-003   681.44082662975700     
  0.10999999999999999        2.8000000000000000E-003   724.81337981295917     
  
