   6.8077428705258236E-002   2.1538461538461538E-003   570.84013917052164     
   7.1220723408232281E-002   2.1538461538461538E-003   549.09306887169600     
   7.4429404772449650E-002   2.1538461538461538E-003   530.10128591160515     
   7.7702983490304176E-002   2.1538461538461538E-003   514.10810888922231     
   8.1040960357672956E-002   2.1538461538461538E-003   501.36471063409135     
   8.4442826350042507E-002   2.1538461538461538E-003   492.13029307189441     
   8.7908062700132419E-002   2.1538461538461538E-003   486.67226792109273     
   9.1436140977004560E-002   2.1538461538461538E-003   485.26644336407691     
   9.5026523166646296E-002   2.1538461538461538E-003   488.19721684125955     
   9.8678661754014921E-002   2.1538461538461538E-003   495.75777412114394     
  0.10239199980653067        2.1538461538461538E-003   508.25029480448313     
  0.10616597105900641        2.1538461538461538E-003   525.98616442547188     
  0.10999999999999999        2.1538461538461538E-003   549.28619331833193     
  
   6.8077428705258236E-002   2.2076923076923076E-003   558.24771500306088     
   7.1220723408232281E-002   2.2076923076923076E-003   536.35107850257464     
   7.4429404772449650E-002   2.2076923076923076E-003   517.25185947774753     
   7.7702983490304176E-002   2.2076923076923076E-003   501.19705258800843     
   8.1040960357672956E-002   2.2076923076923076E-003   488.44165548758770     
   8.4442826350042507E-002   2.2076923076923076E-003   479.24884866683863     
   8.7908062700132419E-002   2.2076923076923076E-003   473.89018130189243     
   9.1436140977004560E-002   2.2076923076923076E-003   472.64576326141992     
   9.5026523166646296E-002   2.2076923076923076E-003   475.80446342411767     
   9.8678661754014921E-002   2.2076923076923076E-003   483.66411446562552     
  0.10239199980653067        2.2076923076923076E-003   496.53172427870584     
  0.10616597105900641        2.2076923076923076E-003   514.72369419582878     
  0.10999999999999999        2.2076923076923076E-003   538.56604418860070     
  
   6.8077428705258236E-002   2.2615384615384615E-003   548.22541228470072     
   7.1220723408232281E-002   2.2615384615384615E-003   526.24585893912922     
   7.4429404772449650E-002   2.2615384615384615E-003   507.10188762869632     
   7.7702983490304176E-002   2.2615384615384615E-003   491.04373820970943     
   8.1040960357672956E-002   2.2615384615384615E-003   478.32978595930285     
   8.4442826350042507E-002   2.2615384615384615E-003   469.22672585061662     
   8.7908062700132419E-002   2.2615384615384615E-003   464.00976298894864     
   9.1436140977004560E-002   2.2615384615384615E-003   462.96280936165982     
   9.5026523166646296E-002   2.2615384615384615E-003   466.37868705947511     
   9.8678661754014921E-002   2.2615384615384615E-003   474.55933813234321     
  0.10239199980653067        2.2615384615384615E-003   487.81604124802169     
  0.10616597105900641        2.2615384615384615E-003   506.46963532714733     
  0.10999999999999999        2.2615384615384615E-003   530.85075033415751     
  
   6.8077428705258236E-002   2.3153846153846154E-003   540.91170340019153     
   7.1220723408232281E-002   2.3153846153846154E-003   518.92976824701498     
   7.4429404772449650E-002   2.3153846153846154E-003   499.81866450550530     
   7.7702983490304176E-002   2.3153846153846154E-003   483.83150297540794     
   8.1040960357672956E-002   2.3153846153846154E-003   471.22964809810719     
   8.4442826350042507E-002   2.3153846153846154E-003   462.28290619933063     
   8.7908062700132419E-002   2.3153846153846154E-003   457.26972002451350     
   9.1436140977004560E-002   2.3153846153846154E-003   456.47736972266625     
   9.5026523166646296E-002   2.3153846153846154E-003   460.20218043971141     
   9.8678661754014921E-002   2.3153846153846154E-003   468.74973668741285     
  0.10239199980653067        2.3153846153846154E-003   482.43510365955831     
  0.10616597105900641        2.3153846153846154E-003   501.58305567254752     
  0.10999999999999999        2.3153846153846154E-003   526.52831191318739     
  
   6.8077428705258236E-002   2.3692307692307693E-003   536.41968572355552     
   7.1220723408232281E-002   2.3692307692307693E-003   514.52812823177908     
   7.4429404772449650E-002   2.3692307692307693E-003   495.54070165224766     
   7.7702983490304176E-002   2.3692307692307693E-003   479.71306635977436     
   8.1040960357672956E-002   2.3692307692307693E-003   467.30924237310091     
   8.4442826350042507E-002   2.3692307692307693E-003   458.60180116945838     
   8.7908062700132419E-002   2.3692307692307693E-003   453.87206390658241     
   9.1436140977004560E-002   2.3692307692307693E-003   453.41030621032627     
   9.5026523166646296E-002   2.3692307692307693E-003   457.51596969097017     
   9.8678661754014921E-002   2.3692307692307693E-003   466.49788035697742     
  0.10239199980653067        2.3692307692307693E-003   480.67447410005946     
  0.10616597105900641        2.3692307692307693E-003   500.37402943124442     
  0.10999999999999999        2.3692307692307693E-003   525.93490765319939     
  
   6.8077428705258236E-002   2.4230769230769228E-003   534.83417058896976     
   7.1220723408232281E-002   2.4230769230769228E-003   513.13597650381621     
   7.4429404772449650E-002   2.4230769230769228E-003   494.37411526769233     
   7.7702983490304176E-002   2.4230769230769228E-003   478.80652300750307     
   8.1040960357672956E-002   2.4230769230769228E-003   466.69959104907610     
   8.4442826350042507E-002   2.4230769230769228E-003   458.32836097137545     
   8.7908062700132419E-002   2.4230769230769228E-003   453.97672616954179     
   9.1436140977004560E-002   2.4230769230769228E-003   453.93764008644195     
   9.5026523166646296E-002   2.4230769230769228E-003   458.51333127780345     
   9.8678661754014921E-002   2.4230769230769228E-003   468.01552548114205     
  0.10239199980653067        2.4230769230769228E-003   482.76567486425569     
  0.10616597105900641        2.4230769230769228E-003   503.09519463464267     
  0.10999999999999999        2.4230769230769228E-003   529.34570719686747     
  
   6.8077428705258236E-002   2.4769230769230771E-003   536.20981054810954     
   7.1220723408232281E-002   2.4769230769230771E-003   514.81595991857716     
   7.4429404772449650E-002   2.4769230769230771E-003   496.39026601455714     
   7.7702983490304176E-002   2.4769230769230771E-003   481.19270797621419     
   8.1040960357672956E-002   2.4769230769230771E-003   469.49180676229361     
   8.4442826350042507E-002   2.4769230769230771E-003   461.56482316561335     
   8.7908062700132419E-002   2.4769230769230771E-003   457.69796242836316     
   9.1436140977004560E-002   2.4769230769230771E-003   458.18658561832797     
   9.5026523166646296E-002   2.4769230769230771E-003   463.33542793229719     
   9.8678661754014921E-002   2.4769230769230771E-003   473.45882409827141     
  0.10239199980653067        2.4769230769230771E-003   488.88094105348404     
  0.10616597105900641        2.4769230769230771E-003   509.93601808079177     
  0.10999999999999999        2.4769230769230771E-003   536.96861459173613     
  
   6.8077428705258236E-002   2.5307692307692305E-003   540.57025635475918     
   7.1220723408232281E-002   2.5307692307692305E-003   519.59735966287383     
   7.4429404772449650E-002   2.5307692307692305E-003   501.62464029115591     
   7.7702983490304176E-002   2.5307692307692305E-003   486.91392162276298     
   8.1040960357672956E-002   2.5307692307692305E-003   475.73564777410098     
   8.4442826350042507E-002   2.5307692307692305E-003   468.36908433648426     
   8.7908062700132419E-002   2.5307692307692305E-003   465.10252580107459     
   9.1436140977004560E-002   2.5307692307692305E-003   466.23350982920113     
   9.5026523166646296E-002   2.5307692307692305E-003   472.06903853545595     
   9.8678661754014921E-002   2.5307692307692305E-003   482.92580695621194     
  0.10239199980653067        2.5307692307692305E-003   499.13043888164123     
  0.10616597105900641        2.5307692307692305E-003   521.01973023470362     
  0.10999999999999999        2.5307692307692305E-003   548.94090018637905     
  
   6.8077428705258236E-002   2.5846153846153844E-003   547.90829035966317     
   7.1220723408232281E-002   2.5846153846153844E-003   527.47618895369692     
   7.4429404772449650E-002   2.5846153846153844E-003   510.07690766302301     
   7.7702983490304176E-002   2.5846153846153844E-003   495.97394196193966     
   8.1040960357672956E-002   2.5846153846153844E-003   485.43948021245626     
   8.4442826350042507E-002   2.5846153846153844E-003   478.75460692997115     
   8.7908062700132419E-002   2.5846153846153844E-003   476.20951280993177     
   9.1436140977004560E-002   2.5846153846153844E-003   478.10371167880777     
   9.5026523166646296E-002   2.5846153846153844E-003   484.74626453767405     
   9.8678661754014921E-002   2.5846153846153844E-003   496.45601087215795     
  0.10239199980653067        2.5846153846153844E-003   513.56180740754485     
  0.10616597105900641        2.5846153846153844E-003   536.40277449355369     
  0.10999999999999999        2.5846153846153844E-003   565.32855030879659     
  
   6.8077428705258236E-002   2.6384615384615383E-003   558.18684599221194     
   7.1220723408232281E-002   2.6384615384615383E-003   538.41626366476351     
   7.4429404772449650E-002   2.6384615384615383E-003   521.71204458893305     
   7.7702983490304176E-002   2.6384615384615383E-003   508.33920357086231     
   8.1040960357672956E-002   2.6384615384615383E-003   498.57151436917798     
   8.4442826350042507E-002   2.6384615384615383E-003   492.69171530488052     
   8.7908062700132419E-002   2.6384615384615383E-003   490.99172170611644     
   9.1436140977004560E-002   2.6384615384615383E-003   493.77284535202620     
   9.5026523166646296E-002   2.6384615384615383E-003   501.34602108524757     
   9.8678661754014921E-002   2.6384615384615383E-003   514.03204076751933     
  0.10239199980653067        2.6384615384615383E-003   532.16179475846286     
  0.10616597105900641        2.6384615384615383E-003   556.07652110269612     
  0.10999999999999999        2.6384615384615383E-003   586.12806261639548     
  
   6.8077428705258236E-002   2.6923076923076922E-003   571.34079463215858     
   7.1220723408232281E-002   2.6923076923076922E-003   552.35111513554102     
   7.4429404772449650E-002   2.6923076923076922E-003   536.46238064829333     
   7.7702983490304176E-002   2.6923076923076922E-003   523.94098513220297     
   8.1040960357672956E-002   2.6923076923076922E-003   515.06214189425759     
   8.4442826350042507E-002   2.6923076923076922E-003   510.11009137452891     
   8.7908062700132419E-002   2.6923076923076922E-003   509.37831583966698     
   9.1436140977004560E-002   2.6923076923076922E-003   513.16976114736099     
   9.5026523166646296E-002   2.6923076923076922E-003   521.79706575250941     
   9.8678661754014921E-002   2.6923076923076922E-003   535.58279713065815     
  0.10239199980653067        2.6923076923076922E-003   554.85969579983748     
  0.10616597105900641        2.6923076923076922E-003   579.97092712713265     
  0.10999999999999999        2.6923076923076922E-003   611.27034111181376     
  
   6.8077428705258236E-002   2.7461538461538461E-003   587.27936172507270     
   7.1220723408232281E-002   2.7461538461538461E-003   569.18659322762073     
   7.4429404772449650E-002   2.7461538461538461E-003   554.23040044813490     
   7.7702983490304176E-002   2.7461538461538461E-003   542.67842274065515     
   8.1040960357672956E-002   2.7461538461538461E-003   534.80717371962044     
   8.4442826350042507E-002   2.7461538461538461E-003   530.90225106494438     
   8.7908062700132419E-002   2.7461538461538461E-003   531.25855330068612     
   9.1436140977004560E-002   2.7461538461538461E-003   536.18050371427898     
   9.5026523166646296E-002   2.7461538461538461E-003   545.98228158811617     
   9.8678661754014921E-002   2.7461538461538461E-003   560.98806092048846     
  0.10239199980653067        2.7461538461538461E-003   581.53225681821743     
  0.10616597105900641        2.7461538461538461E-003   607.95977974853213     
  0.10999999999999999        2.7461538461538461E-003   640.62629784327441     
  
   6.8077428705258236E-002   2.8000000000000000E-003   605.88902325857032     
   7.1220723408232281E-002   2.8000000000000000E-003   588.80399610266124     
   7.4429404772449650E-002   2.8000000000000000E-003   574.89212191349998     
   7.7702983490304176E-002   2.8000000000000000E-003   564.42215271316127     
   8.1040960357672956E-002   2.8000000000000000E-003   557.67176422718330     
   8.4442826350042507E-002   2.8000000000000000E-003   554.92776754469196     
   8.7908062700132419E-002   2.8000000000000000E-003   556.48632781789001     
   9.1436140977004560E-002   2.8000000000000000E-003   562.65319016904232     
   9.5026523166646296E-002   2.8000000000000000E-003   573.74391297842351     
   9.8678661754014921E-002   2.8000000000000000E-003   590.08410873166895     
  0.10239199980653067        2.8000000000000000E-003   612.00969261035107     
  0.10616597105900641        2.8000000000000000E-003   639.86713901472217     
  0.10999999999999999        2.8000000000000000E-003   674.01374621325613     
  
