   6.8077428705258236E-002   2.1538461538461538E-003   574.36048944208221     
   7.1220723408232281E-002   2.1538461538461538E-003   553.32946659399545     
   7.4429404772449650E-002   2.1538461538461538E-003   535.03144939646882     
   7.7702983490304176E-002   2.1538461538461538E-003   519.70641178658059     
   8.1040960357672956E-002   2.1538461538461538E-003   507.60201291469735     
   8.4442826350042507E-002   2.1538461538461538E-003   498.97376296368782     
   8.7908062700132419E-002   2.1538461538461538E-003   494.08519424827443     
   9.1436140977004560E-002   2.1538461538461538E-003   493.20803770842849     
   9.5026523166646296E-002   2.1538461538461538E-003   496.62240491403327     
   9.8678661754014921E-002   2.1538461538461538E-003   504.61697570134390     
  0.10239199980653067        2.1538461538461538E-003   517.48919156539762     
  0.10616597105900641        2.1538461538461538E-003   535.54545493594946     
  0.10999999999999999        2.1538461538461538E-003   559.10133446817213     
  
   6.8077428705258236E-002   2.2076923076923076E-003   562.78900890313980     
   7.1220723408232281E-002   2.2076923076923076E-003   541.79141455642798     
   7.4429404772449650E-002   2.2076923076923076E-003   523.58703309983639     
   7.7702983490304176E-002   2.2076923076923076E-003   508.42064005011639     
   8.1040960357672956E-002   2.2076923076923076E-003   496.54489065354448     
   8.4442826350042507E-002   2.2076923076923076E-003   488.22049208067801     
   8.7908062700132419E-002   2.2076923076923076E-003   483.71638110759659     
   9.1436140977004560E-002   2.2076923076923076E-003   483.30990740152913     
   9.5026523166646296E-002   2.2076923076923076E-003   487.28702253190988     
   9.8678661754014921E-002   2.2076923076923076E-003   495.94247483164941     
  0.10239199980653067        2.2076923076923076E-003   509.58001023656368     
  0.10616597105900641        2.2076923076923076E-003   528.51257923480875     
  0.10999999999999999        2.2076923076923076E-003   553.06255006151127     
  
   6.8077428705258236E-002   2.2615384615384615E-003   553.61065158070858     
   7.1220723408232281E-002   2.2615384615384615E-003   532.70502896596270     
   7.4429404772449650E-002   2.2615384615384615E-003   514.64880828817820     
   7.7702983490304176E-002   2.2615384615384615E-003   499.69116353702100     
   8.1040960357672956E-002   2.2615384615384615E-003   488.08932998056639     
   8.4442826350042507E-002   2.2615384615384615E-003   480.10878248930686     
   8.7908062700132419E-002   2.2615384615384615E-003   476.02341954904415     
   9.1436140977004560E-002   2.2615384615384615E-003   476.11575308458839     
   9.5026523166646296E-002   2.2615384615384615E-003   480.67710421947595     
   9.8678661754014921E-002   2.2615384615384615E-003   490.00780510033633     
  0.10239199980653067        2.2615384615384615E-003   504.41740691829926     
  0.10616597105900641        2.2615384615384615E-003   524.22489426305538     
  0.10999999999999999        2.2615384615384615E-003   549.75890594918110     
  
   6.8077428705258236E-002   2.3153846153846154E-003   546.91055184650315     
   7.1220723408232281E-002   2.3153846153846154E-003   526.16360057680095     
   7.4429404772449650E-002   2.3153846153846154E-003   508.31880920271317     
   7.7702983490304176E-002   2.3153846153846154E-003   493.62937668267875     
   8.1040960357672956E-002   2.3153846153846154E-003   482.35673287066538     
   8.4442826350042507E-002   2.3153846153846154E-003   474.77072276713909     
   8.7908062700132419E-002   2.3153846153846154E-003   471.14979666097298     
   9.1436140977004560E-002   2.3153846153846154E-003   471.78120628859580     
   9.5026523166646296E-002   2.3153846153846154E-003   476.96120714000784     
   9.8678661754014921E-002   2.3153846153846154E-003   486.99526704472913     
  0.10239199980653067        2.3153846153846154E-003   502.19828117456120     
  0.10616597105900641        2.3153846153846154E-003   522.89479360324117     
  0.10999999999999999        2.3153846153846154E-003   549.41922556714633     
  
   6.8077428705258236E-002   2.3692307692307693E-003   542.75018857802922     
   7.1220723408232281E-002   2.3692307692307693E-003   522.23523351257586     
   7.4429404772449650E-002   2.3692307692307693E-003   504.67227329772965     
   7.7702983490304176E-002   2.3692307692307693E-003   490.31818408858862     
   8.1040960357672956E-002   2.3692307692307693E-003   479.43823143709943     
   8.4442826350042507E-002   2.3692307692307693E-003   472.30626029726528     
   8.7908062700132419E-002   2.3692307692307693E-003   469.20489112570436     
   9.1436140977004560E-002   2.3692307692307693E-003   470.42572220860353     
   9.5026523166646296E-002   2.3692307692307693E-003   476.26953834974438     
   9.8678661754014921E-002   2.3692307692307693E-003   487.04652605778608     
  0.10239199980653067        2.3692307692307693E-003   503.07649537450845     
  0.10616597105900641        2.3692307692307693E-003   524.68910848957034     
  0.10999999999999999        2.3692307692307693E-003   552.22411529073929     
  
   6.8077428705258236E-002   2.4230769230769228E-003   541.16601161937967     
   7.1220723408232281E-002   2.4230769230769228E-003   520.96129622383364     
   7.4429404772449650E-002   2.4230769230769228E-003   503.75590181548478     
   7.7702983490304176E-002   2.4230769230769228E-003   489.81005500091976     
   8.1040960357672956E-002   2.4230769230769228E-003   479.39251973122731     
   8.4442826350042507E-002   2.4230769230769228E-003   472.78079290229300     
   8.7908062700132419E-002   2.4230769230769228E-003   470.26130625842598     
   9.1436140977004560E-002   2.4230769230769228E-003   472.12963473603861     
   9.5026523166646296E-002   2.4230769230769228E-003   478.69071138775286     
   9.8678661754014921E-002   2.4230769230769228E-003   490.25904903079197     
  0.10239199980653067        2.4230769230769228E-003   507.15896876740743     
  0.10616597105900641        2.4230769230769228E-003   529.72483552865378     
  0.10999999999999999        2.4230769230769228E-003   558.30130079663809     
  
   6.8077428705258236E-002   2.4769230769230771E-003   542.16900069408166     
   7.1220723408232281E-002   2.4769230769230771E-003   522.35589583726187     
   7.4429404772449650E-002   2.4769230769230771E-003   505.58724172122811     
   7.7702983490304176E-002   2.4769230769230771E-003   492.12630457866010     
   8.1040960357672956E-002   2.4769230769230771E-003   482.24502567928710     
   8.4442826350042507E-002   2.4769230769230771E-003   476.22422236295728     
   8.7908062700132419E-002   2.4769230769230771E-003   474.35379558814492     
   9.1436140977004560E-002   2.4769230769230771E-003   476.93294413895740     
   9.5026523166646296E-002   2.4769230769230771E-003   484.27038563744043     
   9.8678661754014921E-002   2.4769230769230771E-003   496.68458451178105     
  0.10239199980653067        2.4769230769230771E-003   514.50398707484601     
  0.10616597105900641        2.4769230769230771E-003   538.06726387132562     
  0.10999999999999999        2.4769230769230771E-003   567.72355945550657     
  
   6.8077428705258236E-002   2.5307692307692305E-003   545.74510397844710     
   7.1220723408232281E-002   2.5307692307692305E-003   526.40631746578947     
   7.4429404772449650E-002   2.5307692307692305E-003   510.15512438961122     
   7.7702983490304176E-002   2.5307692307692305E-003   497.25753058089299     
   8.1040960357672956E-002   2.5307692307692305E-003   487.98834439039774     
   8.4442826350042507E-002   2.5307692307692305E-003   482.63138297386581     
   8.7908062700132419E-002   2.5307692307692305E-003   481.47968530791883     
   9.1436140977004560E-002   2.5307692307692305E-003   484.83573208695589     
   9.5026523166646296E-002   2.5307692307692305E-003   493.01167265506308     
   9.8678661754014921E-002   2.5307692307692305E-003   506.32955913115057     
  0.10239199980653067        2.5307692307692305E-003   525.12158788934221     
  0.10616597105900641        2.5307692307692305E-003   549.73034856084132     
  0.10999999999999999        2.5307692307692305E-003   580.50908072753180     
  
   6.8077428705258236E-002   2.5846153846153844E-003   551.85646723839182     
   7.1220723408232281E-002   2.5846153846153844E-003   533.07433021411953     
   7.4429404772449650E-002   2.5846153846153844E-003   517.42105280864894     
   7.7702983490304176E-002   2.5846153846153844E-003   505.16508640963923     
   8.1040960357672956E-002   2.5846153846153844E-003   496.58380201649766     
   8.4442826350042507E-002   2.5846153846153844E-003   491.96370156514342     
   8.7908062700132419E-002   2.5846153846153844E-003   491.60063620027978     
   9.1436140977004560E-002   2.5846153846153844E-003   495.80003165317760     
   9.5026523166646296E-002   2.5846153846153844E-003   504.87712088721651     
   9.8678661754014921E-002   2.5846153846153844E-003   519.15718417763298     
  0.10239199980653067        2.5846153846153844E-003   538.97579679626176     
  0.10616597105900641        2.5846153846153844E-003   564.67908447623677     
  0.10999999999999999        2.5846153846153844E-003   596.62398683607876     
  
   6.8077428705258236E-002   2.6384615384615383E-003   560.44333655418450     
   7.1220723408232281E-002   2.6384615384615383E-003   542.29823113970201     
   7.4429404772449650E-002   2.6384615384615383E-003   527.32139582105515     
   7.7702983490304176E-002   2.6384615384615383E-003   515.78343524366153     
   8.1040960357672956E-002   2.6384615384615383E-003   507.96397999708330     
   8.4442826350042507E-002   2.6384615384615383E-003   504.15190272431704     
   8.7908062700132419E-002   2.6384615384615383E-003   504.64554139401400     
   9.1436140977004560E-002   2.6384615384615383E-003   509.75292990223693     
   9.5026523166646296E-002   2.6384615384615383E-003   519.79203617469966     
   9.8678661754014921E-002   2.6384615384615383E-003   535.09100794498613     
  0.10239199980653067        2.6384615384615383E-003   555.98842638905512     
  0.10616597105900641        2.6384615384615383E-003   582.83356780064344     
  0.10999999999999999        2.6384615384615383E-003   615.98667349716004     
  
   6.8077428705258236E-002   2.6923076923076922E-003   571.42649854645356     
   7.1220723408232281E-002   2.6923076923076922E-003   553.99547764932299     
   7.4429404772449650E-002   2.6923076923076922E-003   539.77022537983669     
   7.7702983490304176E-002   2.6923076923076922E-003   529.02320559586315     
   8.1040960357672956E-002   2.6923076923076922E-003   522.03600316141512     
   8.4442826350042507E-002   2.6923076923076922E-003   519.09954453499222     
   8.7908062700132419E-002   2.6923076923076922E-003   520.51432573191153     
   9.1436140977004560E-002   2.6923076923076922E-003   526.59064783590679     
   9.5026523166646296E-002   2.6923076923076922E-003   537.64886024027896     
   9.8678661754014921E-002   2.6923076923076922E-003   554.01961180390776     
  0.10239199980653067        2.6923076923076922E-003   576.04411011212301     
  0.10616597105900641        2.6923076923076922E-003   604.07438903786306     
  0.10999999999999999        2.6923076923076922E-003   638.47358480329581     
  
   6.8077428705258236E-002   2.7461538461538461E-003   584.71011150543382     
   7.1220723408232281E-002   2.7461538461538461E-003   568.06574750171717     
   7.4429404772449650E-002   2.7461538461538461E-003   554.66262066290744     
   7.7702983490304176E-002   2.7461538461538461E-003   544.77475565148325     
   8.1040960357672956E-002   2.7461538461538461E-003   538.68538132368928     
   8.4442826350042507E-002   2.7461538461538461E-003   536.68715543684925     
   8.7908062700132419E-002   2.7461538461538461E-003   539.08239693313078     
   9.1436140977004560E-002   2.7461538461538461E-003   546.18332598431596     
   9.5026523166646296E-002   2.7461538461538461E-003   558.31231198725129     
   9.8678661754014921E-002   2.7461538461538461E-003   575.80212970534512     
  0.10239199980653067        2.7461538461538461E-003   598.99622375648073     
  0.10616597105900641        2.7461538461538461E-003   628.24898165369655     
  0.10999999999999999        2.7461538461538461E-003   663.92601561000970     
  
   6.8077428705258236E-002   2.8000000000000000E-003   600.18477833976021     
   7.1220723408232281E-002   2.8000000000000000E-003   584.39426307851988     
   7.4429404772449650E-002   2.8000000000000000E-003   571.87826039461197     
   7.7702983490304176E-002   2.8000000000000000E-003   562.91205129865568     
   8.1040960357672956E-002   2.8000000000000000E-003   557.78019166046829     
   8.4442826350042507E-002   2.8000000000000000E-003   556.77674061895095     
   8.7908062700132419E-002   2.8000000000000000E-003   560.20549675853010     
   9.1436140977004560E-002   2.8000000000000000E-003   568.38024224562844     
   9.5026523166646296E-002   2.8000000000000000E-003   581.62499512461204     
   9.8678661754014921E-002   2.8000000000000000E-003   600.27426997837540     
  0.10239199980653067        2.8000000000000000E-003   624.67334716452888     
  0.10616597105900641        2.8000000000000000E-003   655.17855084447035     
  0.10999999999999999        2.8000000000000000E-003   692.15753602826248     
  
