   6.8077428705258236E-002   2.1538461538461538E-003   593.99846892645826     
   7.1220723408232281E-002   2.1538461538461538E-003   567.72295415573410     
   7.4429404772449650E-002   2.1538461538461538E-003   544.55890799379949     
   7.7702983490304176E-002   2.1538461538461538E-003   524.78276066702574     
   8.1040960357672956E-002   2.1538461538461538E-003   508.67969632088170     
   8.4442826350042507E-002   2.1538461538461538E-003   496.54383460446462     
   8.7908062700132419E-002   2.1538461538461538E-003   488.67841776376633     
   9.1436140977004560E-002   2.1538461538461538E-003   485.39600334147724     
   9.5026523166646296E-002   2.1538461538461538E-003   487.01866258267853     
   9.8678661754014921E-002   2.1538461538461538E-003   493.87818464774239     
  0.10239199980653067        2.1538461538461538E-003   506.31628673555792     
  0.10616597105900641        2.1538461538461538E-003   524.68483022180237     
  0.10999999999999999        2.1538461538461538E-003   549.34604291868686     
  
   6.8077428705258236E-002   2.2076923076923076E-003   581.13710289506571     
   7.1220723408232281E-002   2.2076923076923076E-003   554.81646554208010     
   7.4429404772449650E-002   2.2076923076923076E-003   531.66480418285312     
   7.7702983490304176E-002   2.2076923076923076E-003   511.96341337889191     
   8.1040960357672956E-002   2.2076923076923076E-003   496.00255526178489     
   8.4442826350042507E-002   2.2076923076923076E-003   484.08164934989156     
   8.7908062700132419E-002   2.2076923076923076E-003   476.50946821152058     
   9.1436140977004560E-002   2.2076923076923076E-003   473.60433908472191     
   9.5026523166646296E-002   2.2076923076923076E-003   475.69435156641327     
   9.8678661754014921E-002   2.2076923076923076E-003   483.11757148573008     
  0.10239199980653067        2.2076923076923076E-003   496.22226107905368     
  0.10616597105900641        2.2076923076923076E-003   515.36710558628261     
  0.10999999999999999        2.2076923076923076E-003   540.92144639048945     
  
   6.8077428705258236E-002   2.2615384615384615E-003   570.95963446040901     
   7.1220723408232281E-002   2.2615384615384615E-003   544.63973345228567     
   7.4429404772449650E-002   2.2615384615384615E-003   521.53938228808352     
   7.7702983490304176E-002   2.2615384615384615E-003   501.94413464910332     
   8.1040960357672956E-002   2.2615384615384615E-003   486.14870505786644     
   8.4442826350042507E-002   2.2615384615384615E-003   474.45716643876551     
   8.7908062700132419E-002   2.2615384615384615E-003   467.18315384787957     
   9.1436140977004560E-002   2.2615384615384615E-003   464.65007449456573     
   9.5026523166646296E-002   2.2615384615384615E-003   467.19132418021007     
   9.8678661754014921E-002   2.2615384615384615E-003   475.15051028267857     
  0.10239199980653067        2.2615384615384615E-003   488.88168141780892     
  0.10616597105900641        2.2615384615384615E-003   508.74956391237311     
  0.10999999999999999        2.2615384615384615E-003   535.12980522584371     
  
   6.8077428705258236E-002   2.3153846153846154E-003   563.57259633817716     
   7.1220723408232281E-002   2.3153846153846154E-003   537.31010437104419     
   7.4429404772449650E-002   2.3153846153846154E-003   514.31159377509005     
   7.7702983490304176E-002   2.3153846153846154E-003   494.86630885523277     
   8.1040960357672956E-002   2.3153846153846154E-003   479.27282831415476     
   8.4442826350042507E-002   2.3153846153846154E-003   467.83927003496149     
   8.7908062700132419E-002   2.3153846153846154E-003   460.88350233678597     
   9.1436140977004560E-002   2.3153846153846154E-003   458.73336183754043     
   9.5026523166646296E-002   2.3153846153846154E-003   461.72687806161463     
   9.8678661754014921E-002   2.3153846153846154E-003   470.21250493368257     
  0.10239199980653067        2.3153846153846154E-003   484.54935930354895     
  0.10616597105900641        2.3153846153846154E-003   505.10746665027432     
  0.10999999999999999        2.3153846153846154E-003   532.26801411749625     
  
   6.8077428705258236E-002   2.3692307692307693E-003   559.06206215103896     
   7.1220723408232281E-002   2.3692307692307693E-003   532.92346295164259     
   7.4429404772449650E-002   2.3692307692307693E-003   510.08789735890525     
   7.7702983490304176E-002   2.3692307692307693E-003   490.84776789713311     
   8.1040960357672956E-002   2.3692307692307693E-003   475.50496594236455     
   8.4442826350042507E-002   2.3692307692307693E-003   464.37108316778142     
   8.7908062700132419E-002   2.3692307692307693E-003   457.76762974253711     
   9.1436140977004560E-002   2.3692307692307693E-003   456.02625942899624     
   9.5026523166646296E-002   2.3692307692307693E-003   459.48900172732669     
   9.8678661754014921E-002   2.3692307692307693E-003   468.50850122055391     
  0.10239199980653067        2.3692307692307693E-003   483.44826427701275     
  0.10616597105900641        2.3692307692307693E-003   504.68291327142748     
  0.10999999999999999        2.3692307692307693E-003   532.59844848984858     
  
   6.8077428705258236E-002   2.4230769230769228E-003   557.49136198018277     
   7.1220723408232281E-002   2.4230769230769228E-003   531.55167241935226     
   7.4429404772449650E-002   2.4230769230769228E-003   508.94940237968319     
   7.7702983490304176E-002   2.4230769230769228E-003   489.97961467027937     
   8.1040960357672956E-002   2.4230769230769228E-003   474.94699685921273     
   8.4442826350042507E-002   2.4230769230769228E-003   464.16607878503510     
   8.7908062700132419E-002   2.4230769230769228E-003   457.96145707490740     
   9.1436140977004560E-002   2.4230769230769228E-003   456.66802682379489     
   9.5026523166646296E-002   2.4230769230769228E-003   460.63122059379856     
   9.8678661754014921E-002   2.4230769230769228E-003   470.20725489660776     
  0.10239199980653067        2.4230769230769228E-003   485.76338432727545     
  0.10616597105900641        2.4230769230769228E-003   507.67816352136617     
  0.10999999999999999        2.4230769230769228E-003   536.34171711255863     
  
   6.8077428705258236E-002   2.4769230769230771E-003   558.89964953591050     
   7.1220723408232281E-002   2.4769230769230771E-003   533.24094914929367     
   7.4429404772449650E-002   2.4769230769230771E-003   510.95003524537969     
   7.7702983490304176E-002   2.4769230769230771E-003   492.32416520861790     
   8.1040960357672956E-002   2.4769230769230771E-003   477.67033905623862     
   8.4442826350042507E-002   2.4769230769230771E-003   467.30552238575854     
   8.7908062700132419E-002   2.4769230769230771E-003   461.55687655178968     
   9.1436140977004560E-002   2.4769230769230771E-003   460.76199623451532     
   9.5026523166646296E-002   2.4769230769230771E-003   465.26915456711066     
   9.8678661754014921E-002   2.4769230769230771E-003   475.43755599394729     
  0.10239199980653067        2.4769230769230771E-003   491.63759703630581     
  0.10616597105900641        2.4769230769230771E-003   514.25113514745192     
  0.10999999999999999        2.4769230769230771E-003   543.67176584341917     
  
   6.8077428705258236E-002   2.5307692307692305E-003   563.30130331269936     
   7.1220723408232281E-002   2.5307692307692305E-003   538.01115142261722     
   7.4429404772449650E-002   2.5307692307692305E-003   516.11570620716248     
   7.7702983490304176E-002   2.5307692307692305E-003   497.91398359325257     
   8.1040960357672956E-002   2.5307692307692305E-003   483.71484247509858     
   8.4442826350042507E-002   2.5307692307692305E-003   473.83721244226535     
   8.7908062700132419E-002   2.5307692307692305E-003   468.61032892673768     
   9.1436140977004560E-002   2.5307692307692305E-003   468.37397593774017     
   9.5026523166646296E-002   2.5307692307692305E-003   473.47873655790073     
   9.8678661754014921E-002   2.5307692307692305E-003   484.28625137941634     
  0.10239199980653067        2.5307692307692305E-003   501.16948506398700     
  0.10616597105900641        2.5307692307692305E-003   524.51300121542590     
  0.10999999999999999        2.5307692307692305E-003   554.71324575896176     
  
   6.8077428705258236E-002   2.5846153846153844E-003   570.68610631521108     
   7.1220723408232281E-002   2.5846153846153844E-003   545.85592086663246     
   7.4429404772449650E-002   2.5846153846153844E-003   524.44440824791695     
   7.7702983490304176E-002   2.5846153846153844E-003   506.75193397115959     
   8.1040960357672956E-002   2.5846153846153844E-003   493.08878981308555     
   8.4442826350042507E-002   2.5846153846153844E-003   483.77542565400745     
   8.7908062700132419E-002   2.5846153846153844E-003   479.14268889145370     
   9.1436140977004560E-002   2.5846153846153844E-003   479.53207160175793     
   9.5026523166646296E-002   2.5846153846153844E-003   485.29596562789965     
   9.8678661754014921E-002   2.5846153846153844E-003   496.79792577702278     
  0.10239199980653067        2.5846153846153844E-003   514.41294131636710     
  0.10616597105900641        2.5846153846153844E-003   538.52771596145328     
  0.10999999999999999        2.5846153846153844E-003   569.54095655596143     
  
   6.8077428705258236E-002   2.6384615384615383E-003   581.02011879014810     
   7.1220723408232281E-002   2.6384615384615383E-003   556.74358211583922     
   7.4429404772449650E-002   2.6384615384615383E-003   535.90714390378753     
   7.7702983490304176E-002   2.6384615384615383E-003   518.81213489912102     
   8.1040960357672956E-002   2.6384615384615383E-003   505.76987890718112     
   8.4442826350042507E-002   2.6384615384615383E-003   497.10192807267708     
   8.7908062700132419E-002   2.6384615384615383E-003   493.14030585543753     
   9.1436140977004560E-002   2.6384615384615383E-003   494.22775787886292     
   9.5026523166646296E-002   2.6384615384615383E-003   500.71801083227973     
   9.8678661754014921E-002   2.6384615384615383E-003   512.97603961348455     
  0.10239199980653067        2.6384615384615383E-003   531.37834290320575     
  0.10616597105900641        2.6384615384615383E-003   556.31322736834227     
  0.10999999999999999        2.6384615384615383E-003   588.18110069645047     
  
   6.8077428705258236E-002   2.6923076923076922E-003   594.24713644573069     
   7.1220723408232281E-002   2.6923076923076922E-003   570.61868237219596     
   7.4429404772449650E-002   2.6923076923076922E-003   550.44954998529704     
   7.7702983490304176E-002   2.6923076923076922E-003   534.04167329491383     
   8.1040960357672956E-002   2.6923076923076922E-003   521.70703025277339     
   8.4442826350042507E-002   2.6923076923076922E-003   513.76788081441543     
   8.7908062700132419E-002   2.6923076923076922E-003   510.55701278742117     
   9.1436140977004560E-002   2.6923076923076922E-003   512.41799564332587     
   9.5026523166646296E-002   2.6923076923076922E-003   519.70544247560792     
   9.8678661754014921E-002   2.6923076923076922E-003   532.78528029134441     
  0.10239199980653067        2.6923076923076922E-003   552.03502882937414     
  0.10616597105900641        2.6923076923076922E-003   577.84408810303330     
  0.10999999999999999        2.6923076923076922E-003   610.61403487087682     
  
   6.8077428705258236E-002   2.7461538461538461E-003   610.29061290705374     
   7.1220723408232281E-002   2.7461538461538461E-003   587.40403776475750     
   7.4429404772449650E-002   2.7461538461538461E-003   567.99407432492615     
   7.7702983490304176E-002   2.7461538461538461E-003   552.36291836784892     
   8.1040960357672956E-002   2.7461538461538461E-003   540.82284523494104     
   8.4442826350042507E-002   2.7461538461538461E-003   533.69645004311940     
   8.7908062700132419E-002   2.7461538461538461E-003   531.31689574568043     
   9.1436140977004560E-002   2.7461538461538461E-003   534.02816921689509     
   9.5026523166646296E-002   2.7461538461538461E-003   542.18534554275254     
   9.8678661754014921E-002   2.7461538461538461E-003   556.15486070522627     
  0.10239199980653067        2.7461538461538461E-003   576.31479285244313     
  0.10616597105900641        2.7461538461538461E-003   603.05515235255052     
  0.10999999999999999        2.7461538461538461E-003   636.77818083414411     
  
   6.8077428705258236E-002   2.8000000000000000E-003   629.05591921812368     
   7.1220723408232281E-002   2.8000000000000000E-003   607.00314719573896     
   7.4429404772449650E-002   2.8000000000000000E-003   588.44255222733977     
   7.7702983490304176E-002   2.8000000000000000E-003   573.67626926290882     
   8.1040960357672956E-002   2.8000000000000000E-003   563.01653388791419     
   8.4442826350042507E-002   2.8000000000000000E-003   556.78592409902217     
   8.7908062700132419E-002   2.8000000000000000E-003   555.31760996060461     
   9.1436140977004560E-002   2.8000000000000000E-003   558.95561131827162     
   9.5026523166646296E-002   2.8000000000000000E-003   568.05506375070149     
   9.8678661754014921E-002   2.8000000000000000E-003   582.98249294578409     
  0.10239199980653067        2.8000000000000000E-003   604.11609769212930     
  0.10616597105900641        2.8000000000000000E-003   631.84604168197620     
  0.10999999999999999        2.8000000000000000E-003   666.57475432670185     
  
