   6.8077428705258236E-002   2.1538461538461538E-003   559.67098588013152     
   7.1220723408232281E-002   2.1538461538461538E-003   538.76602061629274     
   7.4429404772449650E-002   2.1538461538461538E-003   520.60280376563628     
   7.7702983490304176E-002   2.1538461538461538E-003   505.42286045452528     
   8.1040960357672956E-002   2.1538461538461538E-003   493.47558535017072     
   8.4442826350042507E-002   2.1538461538461538E-003   485.01842162262301     
   8.7908062700132419E-002   2.1538461538461538E-003   480.31704584982253     
   9.1436140977004560E-002   2.1538461538461538E-003   479.64555900752919     
   9.5026523166646296E-002   2.1538461538461538E-003   483.28668369010546     
   9.8678661754014921E-002   2.1538461538461538E-003   491.53196771229739     
  0.10239199980653067        2.1538461538461538E-003   504.68199424673048     
  0.10616597105900641        2.1538461538461538E-003   523.04659865589929     
  0.10999999999999999        2.1538461538461538E-003   546.94509218212283     
  
   6.8077428705258236E-002   2.2076923076923076E-003   548.20104067644411     
   7.1220723408232281E-002   2.2076923076923076E-003   527.21076518828625     
   7.4429404772449650E-002   2.2076923076923076E-003   509.00736905122147     
   7.7702983490304176E-002   2.2076923076923076E-003   493.83623341442336     
   8.1040960357672956E-002   2.2076923076923076E-003   481.95077241741950     
   8.4442826350042507E-002   2.2076923076923076E-003   473.61261818734209     
   8.7908062700132419E-002   2.2076923076923076E-003   469.09181202485337     
   9.1436140977004560E-002   2.2076923076923076E-003   468.66700192956023     
   9.5026523166646296E-002   2.2076923076923076E-003   472.62564662047737     
   9.8678661754014921E-002   2.2076923076923076E-003   481.26422621166626     
  0.10239199980653067        2.2076923076923076E-003   494.88845970798889     
  0.10616597105900641        2.2076923076923076E-003   513.81352949075995     
  0.10999999999999999        2.2076923076923076E-003   538.36431296801311     
  
   6.8077428705258236E-002   2.2615384615384615E-003   539.22820569840439     
   7.1220723408232281E-002   2.2615384615384615E-003   518.21090593675660     
   7.4429404772449650E-002   2.2615384615384615E-003   500.02093380221652     
   7.7702983490304176E-002   2.2615384615384615E-003   484.90705076276060     
   8.1040960357672956E-002   2.2615384615384615E-003   473.12619638926066     
   8.4442826350042507E-002   2.2615384615384615E-003   464.94367878809317     
   8.7908062700132419E-002   2.2615384615384615E-003   460.63337144376771     
   9.1436140977004560E-002   2.2615384615384615E-003   460.47791663067056     
   9.5026523166646296E-002   2.2615384615384615E-003   464.76893555810966     
   9.8678661754014921E-002   2.2615384615384615E-003   473.80724541772850     
  0.10239199980653067        2.2615384615384615E-003   487.90308350775558     
  0.10616597105900641        2.2615384615384615E-003   507.37633861362275     
  0.10999999999999999        2.2615384615384615E-003   532.55678983000155     
  
   6.8077428705258236E-002   2.3153846153846154E-003   532.87720910261135     
   7.1220723408232281E-002   2.3153846153846154E-003   511.90371160478196     
   7.4429404772449650E-002   2.3153846153846154E-003   493.79425523731248     
   7.7702983490304176E-002   2.3153846153846154E-003   478.80055671674239     
   8.1040960357672956E-002   2.3153846153846154E-003   467.18263947622870     
   8.4442826350042507E-002   2.3153846153846154E-003   459.20902899135547     
   8.7908062700132419E-002   2.3153846153846154E-003   455.15695471587867     
   9.1436140977004560E-002   2.3153846153846154E-003   455.31255879378847     
   9.5026523166646296E-002   2.3153846153846154E-003   459.97111171976428     
   9.8678661754014921E-002   2.3153846153846154E-003   469.43723512530198     
  0.10239199980653067        2.3153846153846154E-003   484.02513187353674     
  0.10616597105900641        2.3153846153846154E-003   504.05882365124359     
  0.10999999999999999        2.3153846153846154E-003   529.87239625242432     
  
   6.8077428705258236E-002   2.3692307692307693E-003   529.25019931858048     
   7.1220723408232281E-002   2.3692307692307693E-003   508.40257023870720     
   7.4429404772449650E-002   2.3692307692307693E-003   490.45285820527096     
   7.7702983490304176E-002   2.3692307692307693E-003   475.65535949582386     
   8.1040960357672956E-002   2.3692307692307693E-003   464.27279104950003     
   8.4442826350042507E-002   2.3692307692307693E-003   456.57649020377028     
   8.7908062700132419E-002   2.3692307692307693E-003   452.84662122188092     
   9.1436140977004560E-002   2.3692307692307693E-003   453.37238878435852     
   9.5026523166646296E-002   2.3692307692307693E-003   458.45225862383006     
   9.8678661754014921E-002   2.3692307692307693E-003   468.39418548787495     
  0.10239199980653067        2.3692307692307693E-003   483.51584862074230     
  0.10616597105900641        2.3692307692307693E-003   504.14489496070951     
  0.10999999999999999        2.3692307692307693E-003   530.61919025597717     
  
   6.8077428705258236E-002   2.4230769230769228E-003   528.42417907875119     
   7.1220723408232281E-002   2.4230769230769228E-003   507.79412060679914     
   7.4429404772449650E-002   2.4230769230769228E-003   490.09383839904001     
   7.7702983490304176E-002   2.4230769230769228E-003   475.57987920147093     
   8.1040960357672956E-002   2.4230769230769228E-003   464.51731144999849     
   8.4442826350042507E-002   2.4230769230769228E-003   457.17992899349201     
   8.7908062700132419E-002   2.4230769230769228E-003   453.85046177216475     
   9.1436140977004560E-002   2.4230769230769228E-003   454.82079363087382     
   9.5026523166646296E-002   2.4230769230769228E-003   460.39218745321853     
   9.8678661754014921E-002   2.4230769230769228E-003   470.87551780799032     
  0.10239199980653067        2.4230769230769228E-003   486.59151130616101     
  0.10616597105900641        2.4230769230769228E-003   507.87099487259422     
  0.10999999999999999        2.4230769230769228E-003   535.05515214340528     
  
   6.8077428705258236E-002   2.4769230769230771E-003   530.44933431088839     
   7.1220723408232281E-002   2.4769230769230771E-003   510.13636379172806     
   7.4429404772449650E-002   2.4769230769230771E-003   492.78373739376713     
   7.7702983490304176E-002   2.4769230769230771E-003   478.64996586537427     
   8.1040960357672956E-002   2.4769230769230771E-003   468.00217137532536     
   8.4442826350042507E-002   2.4769230769230771E-003   461.11629485125070     
   8.7908062700132419E-002   2.4769230769230771E-003   458.27731042389757     
   9.1436140977004560E-002   2.4769230769230771E-003   459.77944716281161     
   9.5026523166646296E-002   2.4769230769230771E-003   465.92641829523643     
   9.8678661754014921E-002   2.4769230769230771E-003   477.03165810640633     
  0.10239199980653067        2.4769230769230771E-003   493.41856672594076     
  0.10616597105900641        2.4769230769230771E-003   515.42076301163183     
  0.10999999999999999        2.4769230769230771E-003   543.38234574897206     
  
   6.8077428705258236E-002   2.5307692307692305E-003   535.34824610778423     
   7.1220723408232281E-002   2.5307692307692305E-003   515.45774211495200     
   7.4429404772449650E-002   2.5307692307692305E-003   498.55747549943851     
   7.7702983490304176E-002   2.5307692307692305E-003   484.90767236667079     
   8.1040960357672956E-002   2.5307692307692305E-003   474.77725012153519     
   8.4442826350042507E-002   2.5307692307692305E-003   468.44402809819474     
   8.7908062700132419E-002   2.5307692307692305E-003   466.19494543422582     
   9.1436140977004560E-002   2.5307692307692305E-003   468.32628638013364     
   9.5026523166646296E-002   2.5307692307692305E-003   475.14391324157486     
   9.8678661754014921E-002   2.5307692307692305E-003   486.96350715861701     
  0.10239199980653067        2.5307692307692305E-003   504.11081693281966     
  0.10616597105900641        2.5307692307692305E-003   526.92191612013266     
  0.10999999999999999        2.5307692307692305E-003   555.74346861460401     
  
   6.8077428705258236E-002   2.5846153846153844E-003   543.11593649260578     
   7.1220723408232281E-002   2.5846153846153844E-003   523.75713138963147     
   7.4429404772449650E-002   2.5846153846153844E-003   507.41828332060896     
   7.7702983490304176E-002   2.5846153846153844E-003   494.36111759985999     
   8.1040960357672956E-002   2.5846153846153844E-003   484.85612211607190     
   8.4442826350042507E-002   2.5846153846153844E-003   479.18276096904469     
   8.7908062700132419E-002   2.5846153846153844E-003   477.62969547838867     
   9.1436140977004560E-002   2.5846153846153844E-003   480.49501276045896     
   9.5026523166646296E-002   2.5846153846153844E-003   488.08646207612060     
   9.8678661754014921E-002   2.5846153846153844E-003   500.72169915901696     
  0.10239199980653067        2.5846153846153844E-003   518.72853874121779     
  0.10616597105900641        2.5846153846153844E-003   542.44521550008676     
  0.10999999999999999        2.5846153846153844E-003   572.22065365787853     
  
   6.8077428705258236E-002   2.6384615384615383E-003   553.72066819304382     
   7.1220723408232281E-002   2.6384615384615383E-003   535.00465909130787     
   7.4429404772449650E-002   2.6384615384615383E-003   519.33853640503366     
   7.7702983490304176E-002   2.6384615384615383E-003   506.98533544765002     
   8.1040960357672956E-002   2.6384615384615383E-003   498.21691781250263     
   8.4442826350042507E-002   2.6384615384615383E-003   493.31418776283920     
   8.7908062700132419E-002   2.6384615384615383E-003   492.56731611179868     
   9.1436140977004560E-002   2.6384615384615383E-003   496.27597179298982     
   9.5026523166646296E-002   2.6384615384615383E-003   504.74956132939815     
   9.8678661754014921E-002   2.6384615384615383E-003   518.30747641529865     
  0.10239199980653067        2.6384615384615383E-003   537.27934983326190     
  0.10616597105900641        2.6384615384615383E-003   562.00531993584559     
  0.10999999999999999        2.6384615384615383E-003   592.83630392926932     
  
   6.8077428705258236E-002   2.6923076923076922E-003   567.10539572605796     
   7.1220723408232281E-002   2.6923076923076922E-003   549.14323601498552     
   7.4429404772449650E-002   2.6923076923076922E-003   534.26137009456875     
   7.7702983490304176E-002   2.6923076923076922E-003   522.72397545572733     
   8.1040960357672956E-002   2.6923076923076922E-003   514.80411282351906     
   8.4442826350042507E-002   2.6923076923076922E-003   510.78394506947865     
   8.7908062700132419E-002   2.6923076923076922E-003   510.95496372223033     
   9.1436140977004560E-002   2.6923076923076922E-003   515.61822328139124     
   9.5026523166646296E-002   2.6923076923076922E-003   525.08458354670324     
   9.8678661754014921E-002   2.6923076923076922E-003   539.67496018176269     
  0.10239199980653067        2.6923076923076922E-003   559.72058373923915     
  0.10616597105900641        2.6923076923076922E-003   585.56326738218775     
  0.10999999999999999        2.6923076923076922E-003   617.55568354389607     
  
   6.8077428705258236E-002   2.7461538461538461E-003   583.18974989099593     
   7.1220723408232281E-002   2.7461538461538461E-003   566.09067244266055     
   7.4429404772449650E-002   2.7461538461538461E-003   552.10293373051627     
   7.7702983490304176E-002   2.7461538461538461E-003   541.49170164795726     
   8.1040960357672956E-002   2.7461538461538461E-003   534.53107813192980     
   8.4442826350042507E-002   2.7461538461538461E-003   531.50432038107283     
   8.7908062700132419E-002   2.7461538461538461E-003   532.70406977103733     
   9.1436140977004560E-002   2.7461538461538461E-003   538.43258867552822     
   9.5026523166646296E-002   2.7461538461538461E-003   549.00200540901824     
   9.8678661754014921E-002   2.7461538461538461E-003   564.73456751444553     
  0.10239199980653067        2.7461538461538461E-003   585.96290362702348     
  0.10616597105900641        2.7461538461538461E-003   613.03029415309970     
  0.10999999999999999        2.7461538461538461E-003   646.29095101099529     
  
   6.8077428705258236E-002   2.8000000000000000E-003   601.87242997675389     
   7.1220723408232281E-002   2.8000000000000000E-003   585.74224142559024     
   7.4429404772449650E-002   2.8000000000000000E-003   572.75513429004684     
   7.7702983490304176E-002   2.8000000000000000E-003   563.17712616361348     
   8.1040960357672956E-002   2.8000000000000000E-003   557.28321375428322     
   8.4442826350042507E-002   2.8000000000000000E-003   555.35759619955479     
   8.7908062700132419E-002   2.8000000000000000E-003   557.69390616732699     
   9.1436140977004560E-002   2.8000000000000000E-003   564.59544895464876     
   9.5026523166646296E-002   2.8000000000000000E-003   576.37544980338566     
   9.8678661754014921E-002   2.8000000000000000E-003   593.35730965965217     
  0.10239199980653067        2.8000000000000000E-003   615.87486961147363     
  0.10616597105900641        2.8000000000000000E-003   644.27268424725321     
  0.10999999999999999        2.8000000000000000E-003   678.90630418584635     
  
