   6.8077428705258236E-002   2.1538461538461538E-003   578.55629772088571     
   7.1220723408232281E-002   2.1538461538461538E-003   555.49815599968213     
   7.4429404772449650E-002   2.1538461538461538E-003   535.51236888203425     
   7.7702983490304176E-002   2.1538461538461538E-003   518.86785837606294     
   8.1040960357672956E-002   2.1538461538461538E-003   505.84217490072609     
   8.4442826350042507E-002   2.1538461538461538E-003   496.72168398516385     
   8.7908062700132419E-002   2.1538461538461538E-003   491.80175884611077     
   9.1436140977004560E-002   2.1538461538461538E-003   491.38697896033909     
   9.5026523166646296E-002   2.1538461538461538E-003   495.79133475165190     
   9.8678661754014921E-002   2.1538461538461538E-003   505.33843851437075     
  0.10239199980653067        2.1538461538461538E-003   520.36174169765445     
  0.10616597105900641        2.1538461538461538E-003   541.20475867748496     
  0.10999999999999999        2.1538461538461538E-003   568.22129714528035     
  
   6.8077428705258236E-002   2.2076923076923076E-003   566.85474870588530     
   7.1220723408232281E-002   2.2076923076923076E-003   543.96989802433473     
   7.4429404772449650E-002   2.2076923076923076E-003   524.23540434478082     
   7.7702983490304176E-002   2.2076923076923076E-003   507.92613124111432     
   8.1040960357672956E-002   2.2076923076923076E-003   495.32581016046078     
   8.4442826350042507E-002   2.2076923076923076E-003   486.72723533361903     
   8.7908062700132419E-002   2.2076923076923076E-003   482.43246488125430     
   9.1436140977004560E-002   2.2076923076923076E-003   482.75302824298376     
   9.5026523166646296E-002   2.2076923076923076E-003   488.01014005938629     
   9.8678661754014921E-002   2.2076923076923076E-003   498.53492063973357     
  0.10239199980653067        2.2076923076923076E-003   514.66862315096103     
  0.10616597105900641        2.2076923076923076E-003   536.76286766628391     
  0.10999999999999999        2.2076923076923076E-003   565.17988221438941     
  
   6.8077428705258236E-002   2.2615384615384615E-003   557.72508661602171     
   7.1220723408232281E-002   2.2615384615384615E-003   535.06137909804022     
   7.4429404772449650E-002   2.2615384615384615E-003   515.61979455322944     
   7.7702983490304176E-002   2.2615384615384615E-003   499.68057297684959     
   8.1040960357672956E-002   2.2615384615384615E-003   487.53304168467110     
   8.4442826350042507E-002   2.2615384615384615E-003   479.47581791049845     
   8.7908062700132419E-002   2.2615384615384615E-003   475.81701790260132     
   9.1436140977004560E-002   2.2615384615384615E-003   476.87447265625190     
   9.5026523166646296E-002   2.2615384615384615E-003   482.97595042300355     
   9.8678661754014921E-002   2.2615384615384615E-003   494.45938614039869     
  0.10239199980653067        2.2615384615384615E-003   511.67311792907265     
  0.10616597105900641        2.2615384615384615E-003   534.97613080723454     
  0.10999999999999999        2.2615384615384615E-003   564.73830777574449     
  
   6.8077428705258236E-002   2.3153846153846154E-003   551.24412670464335     
   7.1220723408232281E-002   2.3153846153846154E-003   528.85549562839151     
   7.4429404772449650E-002   2.3153846153846154E-003   509.75488352574700     
   7.7702983490304176E-002   2.3153846153846154E-003   494.22735663467341     
   8.1040960357672956E-002   2.3153846153846154E-003   482.56726820215795     
   8.4442826350042507E-002   2.3153846153846154E-003   475.07846823563307     
   8.7908062700132419E-002   2.3153846153846154E-003   472.07452004102402     
   9.1436140977004560E-002   2.3153846153846154E-003   473.87892369487963     
   9.5026523166646296E-002   2.3153846153846154E-003   480.82534660161690     
   9.8678661754014921E-002   2.3153846153846154E-003   493.25786129076766     
  0.10239199980653067        2.3153846153846154E-003   511.53119061237862     
  0.10616597105900641        2.3153846153846154E-003   536.01096049264561     
  0.10999999999999999        2.3153846153846154E-003   567.07396041520451     
  
   6.8077428705258236E-002   2.3692307692307693E-003   547.46783132609028     
   7.1220723408232281E-002   2.3692307692307693E-003   525.41318213914815     
   7.4429404772449650E-002   2.3692307692307693E-003   506.70690769746398     
   7.7702983490304176E-002   2.3692307692307693E-003   491.63836448242591     
   8.1040960357672956E-002   2.3692307692307693E-003   480.50637613280287     
   8.4442826350042507E-002   2.3692307692307693E-003   473.61944980266787     
   8.7908062700132419E-002   2.3692307692307693E-003   471.29599957695154     
   9.1436140977004560E-002   2.3692307692307693E-003   473.86457710214694     
   9.5026523166646296E-002   2.3692307692307693E-003   481.66410959368795     
   9.8678661754014921E-002   2.3692307692307693E-003   495.04414538570063     
  0.10239199980653067        2.3692307692307693E-003   514.36510719277146     
  0.10616597105900641        2.3692307692307693E-003   539.99855325757915     
  0.10999999999999999        2.3692307692307693E-003   572.32744656210389     
  
   6.8077428705258236E-002   2.4230769230769228E-003   546.43007433792627     
   7.1220723408232281E-002   2.4230769230769228E-003   524.77202120917514     
   7.4429404772449650E-002   2.4230769230769228E-003   506.51743844140515     
   7.7702983490304176E-002   2.4230769230769228E-003   491.95944944778546     
   8.1040960357672956E-002   2.4230769230769228E-003   481.40080556416694     
   8.4442826350042507E-002   2.4230769230769228E-003   475.15410844641821     
   8.7908062700132419E-002   2.4230769230769228E-003   473.54203977770680     
   9.1436140977004560E-002   2.4230769230769228E-003   476.89759845287307     
   9.5026523166646296E-002   2.4230769230769228E-003   485.56434541171188     
   9.8678661754014921E-002   2.4230769230769228E-003   499.89665629731411     
  0.10239199980653067        2.4230769230769228E-003   520.25998212026695     
  0.10616597105900641        2.4230769230769228E-003   547.03111811410872     
  0.10999999999999999        2.4230769230769228E-003   580.59848097195959     
  
   6.8077428705258236E-002   2.4769230769230771E-003   548.14222419959071     
   7.1220723408232281E-002   2.4769230769230771E-003   526.94574986692623     
   7.4429404772449650E-002   2.4769230769230771E-003   509.20280457255922     
   7.7702983490304176E-002   2.4769230769230771E-003   495.20976617048291     
   8.1040960357672956E-002   2.4769230769230771E-003   485.27278190825632     
   8.4442826350042507E-002   2.4769230769230771E-003   479.70799627233652     
   8.7908062700132419E-002   2.4769230769230771E-003   478.84178637431364     
   9.1436140977004560E-002   2.4769230769230771E-003   483.01100505426916     
   9.5026523166646296E-002   2.4769230769230771E-003   492.56323188273007     
   9.8678661754014921E-002   2.4769230769230771E-003   507.85703224734971     
  0.10239199980653067        2.4769230769230771E-003   529.26222471576295     
  0.10616597105900641        2.4769230769230771E-003   557.16015687080449     
  0.10999999999999999        2.4769230769230771E-003   591.94398981970232     
  
   6.8077428705258236E-002   2.5307692307692305E-003   552.59350131259941     
   7.1220723408232281E-002   2.5307692307692305E-003   531.92461342152603     
   7.4429404772449650E-002   2.5307692307692305E-003   514.75444084184107     
   7.7702983490304176E-002   2.5307692307692305E-003   501.38211225350847     
   8.1040960357672956E-002   2.5307692307692305E-003   492.11664793466502     
   8.4442826350042507E-002   2.5307692307692305E-003   487.27719243604719     
   8.7908062700132419E-002   2.5307692307692305E-003   487.19325500301454     
   9.1436140977004560E-002   2.5307692307692305E-003   492.20495792956137     
   9.5026523166646296E-002   2.5307692307692305E-003   502.66329303467523     
   9.8678661754014921E-002   2.5307692307692305E-003   518.93038645634829     
  0.10239199980653067        2.5307692307692305E-003   541.37977196422469     
  0.10616597105900641        2.5307692307692305E-003   570.39667299731514     
  0.10999999999999999        2.5307692307692305E-003   606.37829363872243     
  
   6.8077428705258236E-002   2.5846153846153844E-003   559.75203168429607     
   7.1220723408232281E-002   2.5846153846153844E-003   539.67648103424335     
   7.4429404772449650E-002   2.5846153846153844E-003   523.14006830293329     
   7.7702983490304176E-002   2.5846153846153844E-003   510.44417648802357     
   8.1040960357672956E-002   2.5846153846153844E-003   501.90018311025676     
   8.4442826350042507E-002   2.5846153846153844E-003   497.82969707013478     
   8.7908062700132419E-002   2.5846153846153844E-003   498.56480343123599     
   9.1436140977004560E-002   2.5846153846153844E-003   504.44831632235878     
   9.5026523166646296E-002   2.5846153846153844E-003   515.83404015606379     
   9.8678661754014921E-002   2.5846153846153844E-003   533.08703936730365     
  0.10239199980653067        2.5846153846153844E-003   556.58391688133895     
  0.10616597105900641        2.5846153846153844E-003   586.71310152641161     
  0.10999999999999999        2.5846153846153844E-003   623.87514461223032     
  
   6.8077428705258236E-002   2.6384615384615383E-003   569.56649299090009     
   7.1220723408232281E-002   2.6384615384615383E-003   550.14860890847172     
   7.4429404772449650E-002   2.6384615384615383E-003   534.30558142640598     
   7.7702983490304176E-002   2.6384615384615383E-003   522.34055706286722     
   8.1040960357672956E-002   2.6384615384615383E-003   514.56676047641668     
   8.4442826350042507E-002   2.6384615384615383E-003   511.30773483187039     
   8.7908062700132419E-002   2.6384615384615383E-003   512.89759024192779     
   9.1436140977004560E-002   2.6384615384615383E-003   519.68126048287593     
   9.5026523166646296E-002   2.6384615384615383E-003   532.01476818837511     
   9.8678661754014921E-002   2.6384615384615383E-003   550.26549873156273     
  0.10239199980653067        2.6384615384615383E-003   574.81248301174412     
  0.10616597105900641        2.6384615384615383E-003   606.04668936848702     
  0.10999999999999999        2.6384615384615383E-003   644.37132485190909     
  
   6.8077428705258236E-002   2.6923076923076922E-003   581.96823096696721     
   7.1220723408232281E-002   2.6923076923076922E-003   563.26991721051900     
   7.4429404772449650E-002   2.6923076923076922E-003   548.17749535410155     
   7.7702983490304176E-002   2.6923076923076922E-003   536.99538947147016     
   8.1040960357672956E-002   2.6923076923076922E-003   530.03816607475210     
   8.4442826350042507E-002   2.6923076923076922E-003   527.63077729515612     
   8.7908062700132419E-002   2.6923076923076922E-003   530.10881225648154     
   9.1436140977004560E-002   2.6923076923076922E-003   537.81875684422857     
   9.5026523166646296E-002   2.6923076923076922E-003   551.11826207923571     
   9.8678661754014921E-002   2.6923076923076922E-003   570.37642131111988     
  0.10239199980653067        2.6923076923076922E-003   595.97405645339995     
  0.10616597105900641        2.6923076923076922E-003   628.30401348849841     
  0.10999999999999999        2.6923076923076922E-003   667.77146747760935     
  
   6.8077428705258236E-002   2.7461538461538461E-003   596.87371371655797     
   7.1220723408232281E-002   2.7461538461538461E-003   578.95363565400635     
   7.4429404772449650E-002   2.7461538461538461E-003   564.66579462034304     
   7.7702983490304176E-002   2.7461538461538461E-003   554.31541083666934     
   8.1040960357672956E-002   2.7461538461538461E-003   548.21789197659598     
   8.4442826350042507E-002   2.7461538461538461E-003   546.69907845379566     
   8.7908062700132419E-002   2.7461538461538461E-003   550.09549698554110     
   9.1436140977004560E-002   2.7461538461538461E-003   558.75462263816405     
   9.5026523166646296E-002   2.7461538461538461E-003   573.03514956659933     
   9.8678661754014921E-002   2.7461538461538461E-003   593.30727066692180     
  0.10239199980653067        2.7461538461538461E-003   619.95296636726630     
  0.10616597105900641        2.7461538461538461E-003   653.36630278936093     
  0.10999999999999999        2.7461538461538461E-003   693.95373951972579     
  
   6.8077428705258236E-002   2.8000000000000000E-003   614.18718862738694     
   7.1220723408232281E-002   2.8000000000000000E-003   597.10016962292809     
   7.4429404772449650E-002   2.8000000000000000E-003   583.66702147750186     
   7.7702983490304176E-002   2.8000000000000000E-003   574.19328406936370     
   8.1040960357672956E-002   2.8000000000000000E-003   568.99471057146161     
   8.4442826350042507E-002   2.8000000000000000E-003   568.39751413306954     
   8.7908062700132419E-002   2.8000000000000000E-003   572.73862288633768     
   9.1436140977004560E-002   2.8000000000000000E-003   582.36594348511426     
   9.5026523166646296E-002   2.8000000000000000E-003   597.63863339015597     
   9.8678661754014921E-002   2.8000000000000000E-003   618.92738212129757     
  0.10239199980653067        2.8000000000000000E-003   646.61470170405471     
  0.10616597105900641        2.8000000000000000E-003   681.09522654501188     
  0.10999999999999999        2.8000000000000000E-003   722.77602297731391     
  
