   6.8077428705258236E-002   2.1538461538461538E-003   580.85984648316185     
   7.1220723408232281E-002   2.1538461538461538E-003   556.48474826811344     
   7.4429404772449650E-002   2.1538461538461538E-003   535.35391258127549     
   7.7702983490304176E-002   2.1538461538461538E-003   517.74907815103256     
   8.1040960357672956E-002   2.1538461538461538E-003   503.96075649136355     
   8.4442826350042507E-002   2.1538461538461538E-003   494.28840473381058     
   8.7908062700132419E-002   2.1538461538461538E-003   489.04060355349839     
   9.1436140977004560E-002   2.1538461538461538E-003   488.53524027239553     
   9.5026523166646296E-002   2.1538461538461538E-003   493.09969722424125     
   9.8678661754014921E-002   2.1538461538461538E-003   503.07104546746621     
  0.10239199980653067        2.1538461538461538E-003   518.79624393375650     
  0.10616597105900641        2.1538461538461538E-003   540.63234410158771     
  0.10999999999999999        2.1538461538461538E-003   568.94670028531198     
  
   6.8077428705258236E-002   2.2076923076923076E-003   567.30803591941765     
   7.1220723408232281E-002   2.2076923076923076E-003   542.91790928517105     
   7.4429404772449650E-002   2.2076923076923076E-003   521.83626049396435     
   7.7702983490304176E-002   2.2076923076923076E-003   504.35011189233091     
   8.1040960357672956E-002   2.2076923076923076E-003   490.75548005365215     
   8.4442826350042507E-002   2.2076923076923076E-003   481.35755629392838     
   8.7908062700132419E-002   2.2076923076923076E-003   476.47089254924447     
   9.1436140977004560E-002   2.2076923076923076E-003   476.41959270526957     
   9.5026523166646296E-002   2.2076923076923076E-003   481.53750947073291     
   9.8678661754014921E-002   2.2076923076923076E-003   492.16844688887613     
  0.10239199980653067        2.2076923076923076E-003   508.66636858252610     
  0.10616597105900641        2.2076923076923076E-003   531.39561183044680     
  0.10999999999999999        2.2076923076923076E-003   560.73110757407937     
  
   6.8077428705258236E-002   2.2615384615384615E-003   556.49619002596557     
   7.1220723408232281E-002   2.2615384615384615E-003   532.14415402961981     
   7.4429404772449650E-002   2.2615384615384615E-003   511.15870911631538     
   7.7702983490304176E-002   2.2615384615384615E-003   493.83163673527855     
   8.1040960357672956E-002   2.2615384615384615E-003   480.46391998999536     
   8.4442826350042507E-002   2.2615384615384615E-003   471.36593174964980     
   8.7908062700132419E-002   2.2615384615384615E-003   466.85762839595066     
   9.1436140977004560E-002   2.2615384615384615E-003   467.26874930358815     
   9.5026523166646296E-002   2.2615384615384615E-003   472.93902215465596     
   9.8678661754014921E-002   2.2615384615384615E-003   484.21837418961741     
  0.10239199980653067        2.2615384615384615E-003   501.46714949951195     
  0.10616597105900641        2.2615384615384615E-003   525.05633246629600     
  0.10999999999999999        2.2615384615384615E-003   555.36777746030214     
  
   6.8077428705258236E-002   2.3153846153846154E-003   548.54472614770111     
   7.1220723408232281E-002   2.3153846153846154E-003   524.29534818540606     
   7.4429404772449650E-002   2.3153846153846154E-003   503.46539471484607     
   7.7702983490304176E-002   2.3153846153846154E-003   486.35092304709246     
   8.1040960357672956E-002   2.3153846153846154E-003   473.25738689139905     
   8.4442826350042507E-002   2.3153846153846154E-003   464.49983200891745     
   8.7908062700132419E-002   2.3153846153846154E-003   460.40309778289259     
   9.1436140977004560E-002   2.3153846153846154E-003   461.30202481250933     
   9.5026523166646296E-002   2.3153846153846154E-003   467.54166863981538     
   9.8678661754014921E-002   2.3153846153846154E-003   479.47751972196340     
  0.10239199980653067        2.3153846153846154E-003   497.47572976335573     
  0.10616597105900641        2.3153846153846154E-003   521.91334452499007     
  0.10999999999999999        2.3153846153846154E-003   553.17854323074698     
  
   6.8077428705258236E-002   2.3692307692307693E-003   543.55025014616433     
   7.1220723408232281E-002   2.3692307692307693E-003   519.47815835874576     
   7.4429404772449650E-002   2.3692307692307693E-003   498.87379858426948     
   7.7702983490304176E-002   2.3692307692307693E-003   482.03705762501261     
   8.1040960357672956E-002   2.3692307692307693E-003   469.27740169897152     
   8.4442826350042507E-002   2.3692307692307693E-003   460.91407958832201     
   8.7908062700132419E-002   2.3692307692307693E-003   457.27633199251682     
   9.1436140977004560E-002   2.3692307692307693E-003   458.70360720262426     
   9.5026523166646296E-002   2.3692307692307693E-003   465.54578321623342     
   9.8678661754014921E-002   2.3692307692307693E-003   478.16339641552560     
  0.10239199980653067        2.3692307692307693E-003   496.92787693381240     
  0.10616597105900641        2.3692307692307693E-003   522.22179083902029     
  0.10999999999999999        2.3692307692307693E-003   554.43908926551740     
  
   6.8077428705258236E-002   2.4230769230769228E-003   541.58287710197169     
   7.1220723408232281E-002   2.4230769230769228E-003   517.77106092573115     
   7.4429404772449650E-002   2.4230769230769228E-003   497.47141837483417     
   7.7702983490304176E-002   2.4230769230769228E-003   480.98725040382089     
   8.1040960357672956E-002   2.4230769230769228E-003   468.63160920531743     
   8.4442826350042507E-002   2.4230769230769228E-003   460.72750878208916     
   8.7908062700132419E-002   2.4230769230769228E-003   457.60814201606104     
   9.1436140977004560E-002   2.4230769230769228E-003   459.61710436094700     
   9.5026523166646296E-002   2.4230769230769228E-003   467.10862428830478     
   9.8678661754014921E-002   2.4230769230769228E-003   480.44780062010540     
  0.10239199980653067        2.4230769230769228E-003   500.01084688449953     
  0.10616597105900641        2.4230769230769228E-003   526.18534283476231     
  0.10999999999999999        2.4230769230769228E-003   559.37049327493924     
  
   6.8077428705258236E-002   2.4769230769230771E-003   542.68453843314296     
   7.1220723408232281E-002   2.4769230769230771E-003   519.22243722345922     
   7.4429404772449650E-002   2.4769230769230771E-003   499.31363411783110     
   7.7702983490304176E-002   2.4769230769230771E-003   483.26445325238348     
   8.1040960357672956E-002   2.4769230769230771E-003   471.39113072403023     
   8.4442826350042507E-002   2.4769230769230771E-003   464.02003246301558     
   8.7908062700132419E-002   2.4769230769230771E-003   461.48787889495298     
   9.1436140977004560E-002   2.4769230769230771E-003   464.14197652908211     
   9.5026523166646296E-002   2.4769230769230771E-003   472.34045661277435     
   9.8678661754014921E-002   2.4769230769230771E-003   486.45252099635331     
  0.10239199980653067        2.4769230769230771E-003   506.85869535595896     
  0.10616597105900641        2.4769230769230771E-003   533.95108992603480     
  0.10999999999999999        2.4769230769230771E-003   568.13366789701706     
  
   6.8077428705258236E-002   2.5307692307692305E-003   546.86826788428004     
   7.1220723408232281E-002   2.5307692307692305E-003   523.84974640015685     
   7.4429404772449650E-002   2.5307692307692305E-003   504.42275890759714     
   7.7702983490304176E-002   2.5307692307692305E-003   488.89627920938091     
   8.1040960357672956E-002   2.5307692307692305E-003   477.58934237885921     
   8.4442826350042507E-002   2.5307692307692305E-003   470.83126973491630     
   8.7908062700132419E-002   2.5307692307692305E-003   468.96190089372749     
   9.1436140977004560E-002   2.5307692307692305E-003   472.33183304338780     
   9.5026523166646296E-002   2.5307692307692305E-003   481.30266759176254     
   9.8678661754014921E-002   2.5307692307692305E-003   496.24726434183253     
  0.10239199980653067        2.5307692307692305E-003   517.55000335296768     
  0.10616597105900641        2.5307692307692305E-003   545.60705465084754     
  0.10999999999999999        2.5307692307692305E-003   580.82665595291257     
  
   6.8077428705258236E-002   2.5846153846153844E-003   554.11841429935453     
   7.1220723408232281E-002   2.5846153846153844E-003   531.63971793201779     
   7.4429404772449650E-002   2.5846153846153844E-003   512.78820970246966     
   7.7702983490304176E-002   2.5846153846153844E-003   497.87515036708635     
   8.1040960357672956E-002   2.5846153846153844E-003   487.22199918575507     
   8.4442826350042507E-002   2.5846153846153844E-003   481.16064570956860     
   8.7908062700132419E-002   2.5846153846153844E-003   480.03364892084886     
   9.1436140977004560E-002   2.5846153846153844E-003   484.19448388072999     
   9.5026523166646296E-002   2.5846153846153844E-003   494.00779604383058     
   9.8678661754014921E-002   2.5846153846153844E-003   509.84966340388644     
  0.10239199980653067        2.5846153846153844E-003   532.10786663865895     
  0.10616597105900641        2.5846153846153844E-003   561.18216742674349     
  0.10999999999999999        2.5846153846153844E-003   597.48459511364058     
  
   6.8077428705258236E-002   2.6384615384615383E-003   564.39169225143326     
   7.1220723408232281E-002   2.6384615384615383E-003   542.54946512926153     
   7.4429404772449650E-002   2.6384615384615383E-003   524.36768884986850     
   7.7702983490304176E-002   2.6384615384615383E-003   510.15955323347140     
   8.1040960357672956E-002   2.6384615384615383E-003   500.24857082546418     
   8.4442826350042507E-002   2.6384615384615383E-003   494.96881510570370     
   8.7908062700132419E-002   2.6384615384615383E-003   494.66516630816557     
   9.1436140977004560E-002   2.6384615384615383E-003   499.69356501417815     
   9.5026523166646296E-002   2.6384615384615383E-003   510.42127368701551     
   9.8678661754014921E-002   2.6384615384615383E-003   527.22714632007842     
  0.10239199980653067        2.6384615384615383E-003   550.50190637561525     
  0.10616597105900641        2.6384615384615383E-003   580.64843319537476     
  0.10999999999999999        2.6384615384615383E-003   618.08205706938998     
  
   6.8077428705258236E-002   2.6923076923076922E-003   577.61895346783808     
   7.1220723408232281E-002   2.6923076923076922E-003   556.50838998554764     
   7.4429404772449650E-002   2.6923076923076922E-003   539.08923291638087     
   7.7702983490304176E-002   2.6923076923076922E-003   525.67624308717757     
   8.1040960357672956E-002   2.6923076923076922E-003   516.59461414734392     
   8.4442826350042507E-002   2.6923076923076922E-003   512.18021670563758     
   8.7908062700132419E-002   2.6923076923076922E-003   512.77985031207299     
   9.1436140977004560E-002   2.6923076923076922E-003   518.75150345501845     
   9.5026523166646296E-002   2.6923076923076922E-003   530.46462174829776     
   9.8678661754014921E-002   2.6923076923076922E-003   548.30038448748473     
  0.10239199980653067        2.6923076923076922E-003   572.65198975954763     
  0.10616597105900641        2.6923076923076922E-003   603.92494829442728     
  0.10999999999999999        2.6923076923076922E-003   642.53738625208587     
  
   6.8077428705258236E-002   2.7461538461538461E-003   593.70754293860386     
   7.1220723408232281E-002   2.7461538461538461E-003   573.42072887032987     
   7.4429404772449650E-002   2.7461538461538461E-003   556.85396262555400     
   7.7702983490304176E-002   2.7461538461538461E-003   544.32321401374134     
   8.1040960357672956E-002   2.7461538461538461E-003   536.15498044474271     
   8.4442826350042507E-002   2.7461538461538461E-003   532.68653640084244     
   8.7908062700132419E-002   2.7461538461538461E-003   534.26619096072045     
   9.1436140977004560E-002   2.7461538461538461E-003   541.25355355127920     
   9.5026523166646296E-002   2.7461538461538461E-003   554.01980810727616     
   9.8678661754014921E-002   2.7461538461538461E-003   572.94799582404983     
  0.10239199980653067        2.7461538461538461E-003   598.43330669271245     
  0.10616597105900641        2.7461538461538461E-003   630.88338001235809     
  0.10999999999999999        2.7461538461538461E-003   670.71861407833217     
  
   6.8077428705258236E-002   2.8000000000000000E-003   612.54409346079251     
   7.1220723408232281E-002   2.8000000000000000E-003   593.16857760614107     
   7.4429404772449650E-002   2.8000000000000000E-003   577.53935589985883     
   7.7702983490304176E-002   2.8000000000000000E-003   565.97323863619181     
   8.1040960357672956E-002   2.8000000000000000E-003   558.79764198216697     
   8.4442826350042507E-002   2.8000000000000000E-003   556.35084210509854     
   8.7908062700132419E-002   2.8000000000000000E-003   558.98223752776266     
   9.1436140977004560E-002   2.8000000000000000E-003   567.05261989098926     
   9.5026523166646296E-002   2.8000000000000000E-003   580.93445330831833     
   9.8678661754014921E-002   2.8000000000000000E-003   601.01216250172092     
  0.10239199980653067        2.8000000000000000E-003   627.68242991229727     
  0.10616597105900641        2.8000000000000000E-003   661.35450198446563     
  0.10999999999999999        2.8000000000000000E-003   702.45050482680767     
  
