   6.8077428705258236E-002   2.1538461538461538E-003   693.85429722520519     
   7.1220723408232281E-002   2.1538461538461538E-003   670.89379676318947     
   7.4429404772449650E-002   2.1538461538461538E-003   650.94344278175618     
   7.7702983490304176E-002   2.1538461538461538E-003   634.26732361747634     
   8.1040960357672956E-002   2.1538461538461538E-003   621.13802334976162     
   8.4442826350042507E-002   2.1538461538461538E-003   611.83681120618064     
   8.7908062700132419E-002   2.1538461538461538E-003   606.65383751444404     
   9.1436140977004560E-002   2.1538461538461538E-003   605.88833638133860     
   9.5026523166646296E-002   2.1538461538461538E-003   609.84883528550768     
   9.8678661754014921E-002   2.1538461538461538E-003   618.85337177830820     
  0.10239199980653067        2.1538461538461538E-003   633.22971749411818     
  0.10616597105900641        2.1538461538461538E-003   653.31560967918654     
  0.10999999999999999        2.1538461538461538E-003   679.45899045594263     
  
   6.8077428705258236E-002   2.2076923076923076E-003   680.29768558302158     
   7.1220723408232281E-002   2.2076923076923076E-003   657.34810531525443     
   7.4429404772449650E-002   2.2076923076923076E-003   637.47602803261498     
   7.7702983490304176E-002   2.2076923076923076E-003   620.95102463993237     
   8.1040960357672956E-002   2.2076923076923076E-003   608.05139284914515     
   8.4442826350042507E-002   2.2076923076923076E-003   599.06435501798569     
   8.7908062700132419E-002   2.2076923076923076E-003   594.28626287275563     
   9.1436140977004560E-002   2.2076923076923076E-003   594.02280930741199     
   9.5026523166646296E-002   2.2076923076923076E-003   598.58924745850504     
   9.8678661754014921E-002   2.2076923076923076E-003   608.31061726319865     
  0.10239199980653067        2.2076923076923076E-003   623.52197971549265     
  0.10616597105900641        2.2076923076923076E-003   644.56865904388178     
  0.10999999999999999        2.2076923076923076E-003   671.80649304228189     
  
   6.8077428705258236E-002   2.2615384615384615E-003   669.15795091436758     
   7.1220723408232281E-002   2.2615384615384615E-003   646.25970573218694     
   7.4429404772449650E-002   2.2615384615384615E-003   626.49990548978212     
   7.7702983490304176E-002   2.2615384615384615E-003   610.15303786132949     
   8.1040960357672956E-002   2.2615384615384615E-003   597.50252817784394     
   8.4442826350042507E-002   2.2615384615384615E-003   588.84094512987213     
   8.7908062700132419E-002   2.2615384615384615E-003   584.47021367047000     
   9.1436140977004560E-002   2.2615384615384615E-003   584.70183532215390     
   9.5026523166646296E-002   2.2615384615384615E-003   589.85711609910834     
   9.8678661754014921E-002   2.2615384615384615E-003   600.26740226421146     
  0.10239199980653067        2.2615384615384615E-003   616.27432414902808     
  0.10616597105900641        2.2615384615384615E-003   638.23004827333818     
  0.10999999999999999        2.2615384615384615E-003   666.49753801003135     
  
   6.8077428705258236E-002   2.3153846153846154E-003   660.54705768664076     
   7.1220723408232281E-002   2.3153846153846154E-003   637.75036614478836     
   7.4429404772449650E-002   2.3153846153846154E-003   618.14729451441622     
   7.7702983490304176E-002   2.3153846153846154E-003   602.01671019715047     
   8.1040960357672956E-002   2.3153846153846154E-003   589.64660951660755     
   8.4442826350042507E-002   2.3153846153846154E-003   581.33433071297031     
   8.7908062700132419E-002   2.3153846153846154E-003   577.38677443278095     
   9.1436140977004560E-002   2.3153846153846154E-003   578.12063192811013     
   9.5026523166646296E-002   2.3153846153846154E-003   583.86262118765239     
   9.8678661754014921E-002   2.3153846153846154E-003   594.94973123097736     
  0.10239199980653067        2.3153846153846154E-003   611.72947480594576     
  0.10616597105900641        2.3153846153846154E-003   634.56014973876290     
  0.10999999999999999        2.3153846153846154E-003   663.81110919545370     
  
   6.8077428705258236E-002   2.3692307692307693E-003   654.55932931235611     
   7.1220723408232281E-002   2.3692307692307693E-003   631.92340095957957     
   7.4429404772449650E-002   2.3692307692307693E-003   612.53113290880924     
   7.7702983490304176E-002   2.3692307692307693E-003   596.66526448481238     
   8.1040960357672956E-002   2.3692307692307693E-003   584.61783628556464     
   8.4442826350042507E-002   2.3692307692307693E-003   576.69040989654650     
   8.7908062700132419E-002   2.3692307692307693E-003   573.19429537363135     
   9.1436140977004560E-002   2.3692307692307693E-003   574.45078671863223     
   9.5026523166646296E-002   2.3692307692307693E-003   580.79140558056247     
   9.8678661754014921E-002   2.3692307692307693E-003   592.55815342456208     
  0.10239199980653067        2.3692307692307693E-003   610.10377241992285     
  0.10616597105900641        2.3692307692307693E-003   633.79201530842442     
  0.10999999999999999        2.3692307692307693E-003   663.99792452417228     
  
   6.8077428705258236E-002   2.4230769230769228E-003   651.26904603928779     
   7.1220723408232281E-002   2.4230769230769228E-003   628.86099894307858     
   7.4429404772449650E-002   2.4230769230769228E-003   609.74211402036985     
   7.7702983490304176E-002   2.4230769230769228E-003   594.19852336012468     
   8.1040960357672956E-002   2.4230769230769228E-003   582.52581444296823     
   8.4442826350042507E-002   2.4230769230769228E-003   575.02925600510184     
   8.7908062700132419E-002   2.4230769230769228E-003   572.02403192263216     
   9.1436140977004560E-002   2.4230769230769228E-003   573.83548334980208     
   9.5026523166646296E-002   2.4230769230769228E-003   580.79935935376193     
   9.8678661754014921E-002   2.4230769230769228E-003   593.26207629791486     
  0.10239199980653067        2.4230769230769228E-003   611.58098623584885     
  0.10616597105900641        2.4230769230769228E-003   636.12465458801125     
  0.10999999999999999        2.4230769230769228E-003   667.27314738382802     
  
   6.8077428705258236E-002   2.4769230769230771E-003   650.72879956546603     
   7.1220723408232281E-002   2.4769230769230771E-003   628.62237987384026     
   7.4429404772449650E-002   2.4769230769230771E-003   609.84662955800059     
   7.7702983490304176E-002   2.4769230769230771E-003   594.69062158100451     
   8.1040960357672956E-002   2.4769230769230771E-003   583.45302085588560     
   8.4442826350042507E-002   2.4769230769230771E-003   576.44231569310944     
   8.7908062700132419E-002   2.4769230769230771E-003   573.97705749907061     
   9.1436140977004560E-002   2.4769230769230771E-003   576.38610896763089     
   9.5026523166646296E-002   2.4769230769230771E-003   584.00890101627874     
   9.8678661754014921E-002   2.4769230769230771E-003   597.19569872838281     
  0.10239199980653067        2.4769230769230771E-003   616.30787657324368     
  0.10616597105900641        2.4769230769230771E-003   641.71820318622281     
  0.10999999999999999        2.4769230769230771E-003   673.81113600234221     
  
   6.8077428705258236E-002   2.5307692307692305E-003   652.96860546068478     
   7.1220723408232281E-002   2.5307692307692305E-003   631.24278042772096     
   7.4429404772449650E-002   2.5307692307692305E-003   612.88561821013775     
   7.7702983490304176E-002   2.5307692307692305E-003   598.18870612513626     
   8.1040960357672956E-002   2.5307692307692305E-003   587.45334309161490     
   8.4442826350042507E-002   2.5307692307692305E-003   580.99077610130337     
   8.7908062700132419E-002   2.5307692307692305E-003   579.12244515051486     
   9.1436140977004560E-002   2.5307692307692305E-003   582.18023688230744     
   9.5026523166646296E-002   2.5307692307692305E-003   590.50674719896517     
   9.8678661754014921E-002   2.5307692307692305E-003   604.45555311486487     
  0.10239199980653067        2.5307692307692305E-003   624.39149413037853     
  0.10616597105900641        2.5307692307692305E-003   650.69096341857369     
  0.10999999999999999        2.5307692307692305E-003   683.74220912774956     
  
   6.8077428705258236E-002   2.5846153846153844E-003   657.99573918333579     
   7.1220723408232281E-002   2.5846153846153844E-003   636.73323126272930     
   7.4429404772449650E-002   2.5846153846153844E-003   618.87427780960093     
   7.7702983490304176E-002   2.5846153846153844E-003   604.71257715043203     
   8.1040960357672956E-002   2.5846153846153844E-003   594.55164258827494     
   8.4442826350042507E-002   2.5846153846153844E-003   588.70504334606153     
   8.7908062700132419E-002   2.5846153846153844E-003   587.49665415926711     
   9.1436140977004560E-002   2.5846153846153844E-003   591.26091377509101     
   9.5026523166646296E-002   2.5846153846153844E-003   600.34309262558338     
   9.8678661754014921E-002   2.5846153846153844E-003   615.09956995259415     
  0.10239199980653067        2.5846153846153844E-003   635.89812067361026     
  0.10616597105900641        2.5846153846153844E-003   663.11821228868632     
  0.10999999999999999        2.5846153846153844E-003   697.15131214062785     
  
   6.8077428705258236E-002   2.6384615384615383E-003   665.79523228541950     
   7.1220723408232281E-002   2.6384615384615383E-003   645.08105538526786     
   7.4429404772449650E-002   2.6384615384615383E-003   627.80256404922147     
   7.7702983490304176E-002   2.6384615384615383E-003   614.25518513642567     
   8.1040960357672956E-002   2.6384615384615383E-003   604.74424818533521     
   8.4442826350042507E-002   2.6384615384615383E-003   599.58523028800096     
   8.7908062700132419E-002   2.6384615384615383E-003   599.10400978224004     
   9.1436140977004560E-002   2.6384615384615383E-003   603.63712902549344     
   9.5026523166646296E-002   2.6384615384615383E-003   613.53206652457482     
   9.8678661754014921E-002   2.6384615384615383E-003   629.14751870653765     
  0.10239199980653067        2.6384615384615383E-003   650.85369162715438     
  0.10616597105900641        2.6384615384615383E-003   679.03260292511095     
  0.10999999999999999        2.6384615384615383E-003   714.07839434228447     
  
   6.8077428705258236E-002   2.6923076923076922E-003   676.33094298087963     
   7.1220723408232281E-002   2.6923076923076922E-003   656.25099351763220     
   7.4429404772449650E-002   2.6923076923076922E-003   639.63637234329724     
   7.7702983490304176E-002   2.6923076923076922E-003   626.78387096623135     
   8.1040960357672956E-002   2.6923076923076922E-003   618.00025618453469     
   8.4442826350042507E-002   2.6923076923076922E-003   613.60251836252542     
   8.7908062700132419E-002   2.6923076923076922E-003   613.91812867380054     
   9.1436140977004560E-002   2.6923076923076922E-003   619.28530558067621     
   9.5026523166646296E-002   2.6923076923076922E-003   630.05329083050572     
   9.8678661754014921E-002   2.6923076923076922E-003   646.58263526058022     
  0.10239199980653067        2.6923076923076922E-003   669.24549471490866     
  0.10616597105900641        2.6923076923076922E-003   698.42593638825554     
  0.10999999999999999        2.6923076923076922E-003   734.52025592510711     
  
   6.8077428705258236E-002   2.7461538461538461E-003   689.54709981202529     
   7.1220723408232281E-002   2.7461538461538461E-003   670.18684552054140     
   7.4429404772449650E-002   2.7461538461538461E-003   654.31928149275382     
   7.7702983490304176E-002   2.7461538461538461E-003   642.24221645801560     
   8.1040960357672956E-002   2.7461538461538461E-003   634.26349250919770     
   8.4442826350042507E-002   2.7461538461538461E-003   630.70123626647171     
   8.7908062700132419E-002   2.7461538461538461E-003   631.88411913714469     
   9.1436140977004560E-002   2.7461538461538461E-003   638.15162694658989     
   9.5026523166646296E-002   2.7461538461538461E-003   649.85433922655864     
   9.8678661754014921E-002   2.7461538461538461E-003   667.35421845827170     
  0.10239199980653067        2.7461538461538461E-003   691.02490958000692     
  0.10616597105900641        2.7461538461538461E-003   721.25205008060834     
  0.10999999999999999        2.7461538461538461E-003   758.43359101366821     
  
   6.8077428705258236E-002   2.8000000000000000E-003   705.37020848342900     
   7.1220723408232281E-002   2.8000000000000000E-003   686.81350769024880     
   7.4429404772449650E-002   2.8000000000000000E-003   671.77472800926557     
   7.7702983490304176E-002   2.8000000000000000E-003   660.55236248971198     
   8.1040960357672956E-002   2.8000000000000000E-003   653.45498161306136     
   8.4442826350042507E-002   2.8000000000000000E-003   650.80148684442543     
   8.7908062700132419E-002   2.8000000000000000E-003   652.92137339053465     
   9.1436140977004560E-002   2.8000000000000000E-003   660.15500244439454     
   9.5026523166646296E-002   2.8000000000000000E-003   672.85388320761524     
   9.8678661754014921E-002   2.8000000000000000E-003   691.38096499326855     
  0.10239199980653067        2.8000000000000000E-003   716.11093972425419     
  0.10616597105900641        2.8000000000000000E-003   747.43055515462038     
  0.10999999999999999        2.8000000000000000E-003   785.73893915435701     
  
