   6.8077428705258236E-002   2.1538461538461538E-003   599.61258478022091     
   7.1220723408232281E-002   2.1538461538461538E-003   574.42169377738765     
   7.4429404772449650E-002   2.1538461538461538E-003   552.20438155392787     
   7.7702983490304176E-002   2.1538461538461538E-003   533.22448693800231     
   8.1040960357672956E-002   2.1538461538461538E-003   517.75416575764893     
   8.4442826350042507E-002   2.1538461538461538E-003   506.07406373591829     
   8.7908062700132419E-002   2.1538461538461538E-003   498.47349493828006     
   9.1436140977004560E-002   2.1538461538461538E-003   495.25062589649463     
   9.5026523166646296E-002   2.1538461538461538E-003   496.71266553702685     
   9.8678661754014921E-002   2.1538461538461538E-003   503.17606104608922     
  0.10239199980653067        2.1538461538461538E-003   514.96669980711181     
  0.10616597105900641        2.1538461538461538E-003   532.42011755084513     
  0.10999999999999999        2.1538461538461538E-003   555.88171286204874     
  
   6.8077428705258236E-002   2.2076923076923076E-003   583.79654897055241     
   7.1220723408232281E-002   2.2076923076923076E-003   558.58822659315604     
   7.4429404772449650E-002   2.2076923076923076E-003   536.42717543059223     
   7.7702983490304176E-002   2.2076923076923076E-003   517.58314111527557     
   8.1040960357672956E-002   2.2076923076923076E-003   502.33441971492744     
   8.4442826350042507E-002   2.2076923076923076E-003   490.96803842266297     
   8.7908062700132419E-002   2.2076923076923076E-003   483.77994210544335     
   9.1436140977004560E-002   2.2076923076923076E-003   481.07518584607834     
   9.5026523166646296E-002   2.2076923076923076E-003   483.16813361827457     
   9.8678661754014921E-002   2.2076923076923076E-003   490.38266323869976     
  0.10239199980653067        2.2076923076923076E-003   503.05237774452314     
  0.10616597105900641        2.2076923076923076E-003   521.52082334949341     
  0.10999999999999999        2.2076923076923076E-003   546.14171413647364     
  
   6.8077428705258236E-002   2.2615384615384615E-003   570.69267418383163     
   7.1220723408232281E-002   2.2615384615384615E-003   545.53741279612075     
   7.4429404772449650E-002   2.2615384615384615E-003   523.49915695431605     
   7.7702983490304176E-002   2.2615384615384615E-003   504.85315056210743     
   8.1040960357672956E-002   2.2615384615384615E-003   489.88340906518198     
   8.4442826350042507E-002   2.2615384615384615E-003   478.88290768746572     
   8.7908062700132419E-002   2.2615384615384615E-003   472.15377582055964     
   9.1436140977004560E-002   2.2615384615384615E-003   470.00749771205403     
   9.5026523166646296E-002   2.2615384615384615E-003   472.76511960277497     
   9.8678661754014921E-002   2.2615384615384615E-003   480.75746346840646     
  0.10239199980653067        2.2615384615384615E-003   494.32534752558001     
  0.10616597105900641        2.2615384615384615E-003   513.81981366787227     
  0.10999999999999999        2.2615384615384615E-003   539.60236200237296     
  
   6.8077428705258236E-002   2.3153846153846154E-003   560.42592175348443     
   7.1220723408232281E-002   2.3153846153846154E-003   535.40436431309672     
   7.4429404772449650E-002   2.3153846153846154E-003   513.56622769079354     
   7.7702983490304176E-002   2.3153846153846154E-003   495.19187413413931     
   8.1040960357672956E-002   2.3153846153846154E-003   480.57064690134939     
   8.4442826350042507E-002   2.3153846153846154E-003   470.00106578661439     
   8.7908062700132419E-002   2.3153846153846154E-003   463.79102908035100     
   9.1436140977004560E-002   2.3153846153846154E-003   462.25802211936673     
   9.5026523166646296E-002   2.3153846153846154E-003   465.72933258710736     
   9.8678661754014921E-002   2.3153846153846154E-003   474.54227272957684     
  0.10239199980653067        2.3153846153846154E-003   489.04440865788206     
  0.10616597105900641        2.3153846153846154E-003   509.59379691391882     
  0.10999999999999999        2.3153846153846154E-003   536.55922848161174     
  
   6.8077428705258236E-002   2.3692307692307693E-003   553.09680322937345     
   7.1220723408232281E-002   2.3692307692307693E-003   528.29820493198929     
   7.4429404772449650E-002   2.3692307692307693E-003   506.74668406924326     
   7.7702983490304176E-002   2.3692307692307693E-003   488.72736590687327     
   8.1040960357672956E-002   2.3692307692307693E-003   474.53455503089043     
   8.4442826350042507E-002   2.3692307692307693E-003   464.47193788869879     
   8.7908062700132419E-002   2.3692307692307693E-003   458.85279203139930     
   9.1436140977004560E-002   2.3692307692307693E-003   458.00020222081446     
   9.5026523166646296E-002   2.3692307692307693E-003   462.24728357022946     
   9.8678661754014921E-002   2.3692307692307693E-003   471.93741189356103     
  0.10239199980653067        2.3692307692307693E-003   487.42446144331632     
  0.10616597105900641        2.3692307692307693E-003   509.07305022378529     
  0.10999999999999999        2.3692307692307693E-003   537.25879307195146     
  
   6.8077428705258236E-002   2.4230769230769228E-003   548.77921208944974     
   7.1220723408232281E-002   2.4230769230769228E-003   524.29966843633008     
   7.4429404772449650E-002   2.4230769230769228E-003   503.12856449008552     
   7.7702983490304176E-002   2.4230769230769228E-003   485.55545304228696     
   8.1040960357672956E-002   2.4230769230769228E-003   471.87925362010407     
   8.4442826350042507E-002   2.4230769230769228E-003   462.40846174782894     
   8.7908062700132419E-002   2.4230769230769228E-003   457.46136515870086     
   9.1436140977004560E-002   2.4230769230769228E-003   457.36626712791775     
   9.5026523166646296E-002   2.4230769230769228E-003   462.46171710334755     
   9.8678661754014921E-002   2.4230769230769228E-003   473.09674881658236     
  0.10239199980653067        2.4230769230769228E-003   489.63112606260535     
  0.10616597105900641        2.4230769230769228E-003   512.43559634281883     
  0.10999999999999999        2.4230769230769228E-003   541.89215257241699     
  
   6.8077428705258236E-002   2.4769230769230771E-003   547.51919719988894     
   7.1220723408232281E-002   2.4769230769230771E-003   523.45973071389642     
   7.4429404772449650E-002   2.4769230769230771E-003   502.76812977948134     
   7.7702983490304176E-002   2.4769230769230771E-003   485.73805394239196     
   8.1040960357672956E-002   2.4769230769230771E-003   472.67270607004042     
   8.4442826350042507E-002   2.4769230769230771E-003   463.88504801319760     
   8.7908062700132419E-002   2.4769230769230771E-003   459.69802344858186     
   9.1436140977004560E-002   2.4769230769230771E-003   460.44478807925179     
   9.5026523166646296E-002   2.4769230769230771E-003   466.46894737577713     
   9.8678661754014921E-002   2.4769230769230771E-003   478.12480204691627     
  0.10239199980653067        2.4769230769230771E-003   495.77760143491406     
  0.10616597105900641        2.4769230769230771E-003   519.80380503666731     
  0.10999999999999999        2.4769230769230771E-003   550.59135235848464     
  
   6.8077428705258236E-002   2.5307692307692305E-003   549.33464569946341     
   7.1220723408232281E-002   2.5307692307692305E-003   525.79923906839440     
   7.4429404772449650E-002   2.5307692307692305E-003   505.68943519741981     
   7.7702983490304176E-002   2.5307692307692305E-003   489.30268923213885     
   8.1040960357672956E-002   2.5307692307692305E-003   476.94616528758075     
   8.4442826350042507E-002   2.5307692307692305E-003   468.93695816482256     
   8.7908062700132419E-002   2.5307692307692305E-003   465.60232245973066     
   9.1436140977004560E-002   2.5307692307692305E-003   467.27990924577551     
   9.5026523166646296E-002   2.5307692307692305E-003   474.31801051860015     
   9.8678661754014921E-002   2.5307692307692305E-003   487.07581159639170     
  0.10239199980653067        2.5307692307692305E-003   505.92365167614651     
  0.10616597105900641        2.5307692307692305E-003   531.24329275217679     
  0.10999999999999999        2.5307692307692305E-003   563.42819710983042     
  
   6.8077428705258236E-002   2.5846153846153844E-003   554.21580486184314     
   7.1220723408232281E-002   2.5846153846153844E-003   531.30946017950623     
   7.4429404772449650E-002   2.5846153846153844E-003   511.88490651126796     
   7.7702983490304176E-002   2.5846153846153844E-003   496.24308825069971     
   8.1040960357672956E-002   2.5846153846153844E-003   484.69481321776215     
   8.4442826350042507E-002   2.5846153846153844E-003   477.56098006181742     
   8.7908062700132419E-002   2.5846153846153844E-003   475.17281324857942     
   9.1436140977004560E-002   2.5846153846153844E-003   477.87210581666267     
   9.5026523166646296E-002   2.5846153846153844E-003   486.01147009557809     
   9.8678661754014921E-002   2.5846153846153844E-003   499.95459658275041     
  0.10239199980653067        2.5846153846153844E-003   520.07652118362091     
  0.10616597105900641        2.5846153846153844E-003   546.76390102487096     
  0.10999999999999999        2.5846153846153844E-003   580.41529905744892     
  
   6.8077428705258236E-002   2.6384615384615383E-003   562.12654264106789     
   7.1220723408232281E-002   2.6384615384615383E-003   539.95343562893936     
   7.4429404772449650E-002   2.6384615384615383E-003   521.31679729050234     
   7.7702983490304176E-002   2.6384615384615383E-003   506.52075539658904     
   8.1040960357672956E-002   2.6384615384615383E-003   495.87944404555537     
   8.4442826350042507E-002   2.6384615384615383E-003   489.71723636331717     
   8.7908062700132419E-002   2.6384615384615383E-003   488.36898496032518     
   9.1436140977004560E-002   2.6384615384615383E-003   492.18027033407770     
   9.5026523166646296E-002   2.6384615384615383E-003   501.50765741182613     
   9.8678661754014921E-002   2.6384615384615383E-003   516.71896043396805     
  0.10239199980653067        2.6384615384615383E-003   538.19351638481908     
  0.10616597105900641        2.6384615384615383E-003   566.32246718356078     
  0.10999999999999999        2.6384615384615383E-003   601.50905085449915     
  
   6.8077428705258236E-002   2.6923076923076922E-003   573.00622541302766     
   7.1220723408232281E-002   2.6923076923076922E-003   551.66801099878728     
   7.4429404772449650E-002   2.6923076923076922E-003   533.91937988571647     
   7.7702983490304176E-002   2.6923076923076922E-003   520.06733414324083     
   8.1040960357672956E-002   2.6923076923076922E-003   510.42901306333943     
   8.4442826350042507E-002   2.6923076923076922E-003   505.33193075044687     
   8.7908062700132419E-002   2.6923076923076922E-003   505.11422162333076     
   9.1436140977004560E-002   2.6923076923076922E-003   510.12489402000199     
   9.5026523166646296E-002   2.6923076923076922E-003   520.72409210231422     
   9.8678661754014921E-002   2.6923076923076922E-003   537.28336626288421     
  0.10239199980653067        2.6923076923076922E-003   560.18595224287583     
  0.10616597105900641        2.6923076923076922E-003   589.82705917538419     
  0.10999999999999999        2.6923076923076922E-003   626.61416677525574     
  
   6.8077428705258236E-002   2.7461538461538461E-003   586.77207872214365     
   7.1220723408232281E-002   2.7461538461538461E-003   566.36639100400782     
   7.4429404772449650E-002   2.7461538461538461E-003   549.60170817816550     
   7.7702983490304176E-002   2.7461538461538461E-003   536.78759135053360     
   8.1040960357672956E-002   2.7461538461538461E-003   528.24385722668274     
   8.4442826350042507E-002   2.7461538461538461E-003   524.30082016826975     
   8.7908062700132419E-002   2.7461538461538461E-003   525.29954230014891     
   9.1436140977004560E-002   2.7461538461538461E-003   531.59209186080398     
   9.5026523166646296E-002   2.7461538461538461E-003   543.54180999449864     
   9.8678661754014921E-002   2.7461538461538461E-003   561.52358618924939     
  0.10239199980653067        2.7461538461538461E-003   585.92414257069026     
  0.10616597105900641        2.7461538461538461E-003   617.14232726785326     
  0.10999999999999999        2.7461538461538461E-003   655.58941707292229     
  
   6.8077428705258236E-002   2.8000000000000000E-003   603.32189203569294     
   7.1220723408232281E-002   2.8000000000000000E-003   583.94106823305731     
   7.4429404772449650E-002   2.8000000000000000E-003   568.25078527556377     
   7.7702983490304176E-002   2.8000000000000000E-003   556.56283963676469     
   8.1040960357672956E-002   2.8000000000000000E-003   549.19938869426824     
   8.4442826350042507E-002   2.8000000000000000E-003   546.49319681411771     
   8.7908062700132419E-002   2.8000000000000000E-003   548.78788960926749     
   9.1436140977004560E-002   2.8000000000000000E-003   556.43821656602404     
   9.5026523166646296E-002   2.8000000000000000E-003   569.81032223831437     
   9.8678661754014921E-002   2.8000000000000000E-003   589.28202621512844     
  0.10239199980653067        2.8000000000000000E-003   615.24311207238054     
  0.10616597105900641        2.8000000000000000E-003   648.09562552633520     
  0.10999999999999999        2.8000000000000000E-003   688.25418201162984     
  
