   6.8077428705258236E-002   2.1538461538461538E-003   582.57023052110026     
   7.1220723408232281E-002   2.1538461538461538E-003   559.49101292422165     
   7.4429404772449650E-002   2.1538461538461538E-003   539.11756949209553     
   7.7702983490304176E-002   2.1538461538461538E-003   521.68954311251127     
   8.1040960357672956E-002   2.1538461538461538E-003   507.45404313151198     
   8.4442826350042507E-002   2.1538461538461538E-003   496.66579410263535     
   8.7908062700132419E-002   2.1538461538461538E-003   489.58728909827602     
   9.1436140977004560E-002   2.1538461538461538E-003   486.48894767124096     
   9.5026523166646296E-002   2.1538461538461538E-003   487.64927855752785     
   9.8678661754014921E-002   2.1538461538461538E-003   493.35504721339481     
  0.10239199980653067        2.1538461538461538E-003   503.90144828255859     
  0.10616597105900641        2.1538461538461538E-003   519.59228309174114     
  0.10999999999999999        2.1538461538461538E-003   540.74014227545740     
  
   6.8077428705258236E-002   2.2076923076923076E-003   569.55187467398571     
   7.1220723408232281E-002   2.2076923076923076E-003   546.48320297441478     
   7.4429404772449650E-002   2.2076923076923076E-003   526.18368808084665     
   7.7702983490304176E-002   2.2076923076923076E-003   508.89794571760331     
   8.1040960357672956E-002   2.2076923076923076E-003   494.87824623722543     
   8.4442826350042507E-002   2.2076923076923076E-003   484.38466893822488     
   8.7908062700132419E-002   2.2076923076923076E-003   477.68526112277135     
   9.1436140977004560E-002   2.2076923076923076E-003   475.05620198657016     
   9.5026523166646296E-002   2.2076923076923076E-003   476.78197143558998     
   9.8678661754014921E-002   2.2076923076923076E-003   483.15552392692399     
  0.10239199980653067        2.2076923076923076E-003   494.47846743370388     
  0.10616597105900641        2.2076923076923076E-003   511.06124763659989     
  0.10999999999999999        2.2076923076923076E-003   533.22333744722800     
  
   6.8077428705258236E-002   2.2615384615384615E-003   559.15017330308751     
   7.1220723408232281E-002   2.2615384615384615E-003   536.16789901180380     
   7.4429404772449650E-002   2.2615384615384615E-003   516.01532333701380     
   7.7702983490304176E-002   2.2615384615384615E-003   498.94170611403558     
   8.1040960357672956E-002   2.2615384615384615E-003   485.20414119520842     
   8.4442826350042507E-002   2.2615384615384615E-003   475.06771628009398     
   8.7908062700132419E-002   2.2615384615384615E-003   468.80567766728876     
   9.1436140977004560E-002   2.2615384615384615E-003   466.69960002416593     
   9.5026523166646296E-002   2.2615384615384615E-003   469.03956127367957     
   9.8678661754014921E-002   2.2615384615384615E-003   476.12432270013602     
  0.10239199980653067        2.2615384615384615E-003   488.26151437833136     
  0.10616597105900641        2.2615384615384615E-003   505.76782603378393     
  0.10999999999999999        2.2615384615384615E-003   528.96920344400041     
  
   6.8077428705258236E-002   2.3153846153846154E-003   551.47130194471254     
   7.1220723408232281E-002   2.3153846153846154E-003   528.66097751174129     
   7.4429404772449650E-002   2.3153846153846154E-003   508.73876019477927     
   7.7702983490304176E-002   2.3153846153846154E-003   491.95826526527054     
   8.1040960357672956E-002   2.3153846153846154E-003   478.58111441008600     
   8.4442826350042507E-002   2.3153846153846154E-003   468.87710109464854     
   8.7908062700132419E-002   2.3153846153846154E-003   463.12436103630722     
   9.1436140977004560E-002   2.3153846153846154E-003   461.60954788918929     
   9.5026523166646296E-002   2.3153846153846154E-003   464.62801424469927     
   9.8678661754014921E-002   2.3153846153846154E-003   472.48399805465829     
  0.10239199980653067        2.3153846153846154E-003   485.49081458699311     
  0.10616597105900641        2.3153846153846154E-003   503.97105402705324     
  0.10999999999999999        2.3153846153846154E-003   528.25678484043738     
  
   6.8077428705258236E-002   2.3692307692307693E-003   546.59457359257192     
   7.1220723408232281E-002   2.3692307692307693E-003   524.04961338358112     
   7.4429404772449650E-002   2.3692307692307693E-003   504.44963820353689     
   7.7702983490304176E-002   2.3692307692307693E-003   488.05236438400283     
   8.1040960357672956E-002   2.3692307692307693E-003   475.12368153149322     
   8.4442826350042507E-002   2.3692307692307693E-003   465.93782349841052     
   8.7908062700132419E-002   2.3692307692307693E-003   460.77754466224792     
   9.1436140977004560E-002   2.3692307692307693E-003   459.93430161965921     
   9.5026523166646296E-002   2.3692307692307693E-003   463.70844040517920     
   9.8678661754014921E-002   2.3692307692307693E-003   472.40938934748669     
  0.10239199980653067        2.3692307692307693E-003   486.35585767916280     
  0.10616597105900641        2.3692307692307693E-003   505.87604001906334     
  0.10999999999999999        2.3692307692307693E-003   531.30782684990629     
  
   6.8077428705258236E-002   2.4230769230769228E-003   544.57048141026939     
   7.1220723408232281E-002   2.4230769230769228E-003   522.39008219604955     
   7.4429404772449650E-002   2.4230769230769228E-003   503.21049179056757     
   7.7702983490304176E-002   2.4230769230769228E-003   487.29330036301337     
   8.1040960357672956E-002   2.4230769230769228E-003   474.90843372244399     
   8.4442826350042507E-002   2.4230769230769228E-003   466.33433000217133     
   8.7908062700132419E-002   2.4230769230769228E-003   461.85812186006035     
   9.1436140977004560E-002   2.4230769230769228E-003   461.77582430754393     
   9.5026523166646296E-002   2.4230769230769228E-003   466.39252828325027     
   9.8678661754014921E-002   2.4230769230769228E-003   476.02260009048052     
  0.10239199980653067        2.4230769230769228E-003   490.98988682118591     
  0.10616597105900641        2.4230769230769228E-003   511.62792789235789     
  0.10999999999999999        2.4230769230769228E-003   538.28017282432984     
  
   6.8077428705258236E-002   2.4769230769230771E-003   545.41978150442560     
   7.1220723408232281E-002   2.4769230769230771E-003   523.70670609899821     
   7.4429404772449650E-002   2.4769230769230771E-003   505.04954620037245     
   7.7702983490304176E-002   2.4769230769230771E-003   489.71355775876754     
   8.1040960357672956E-002   2.4769230769230771E-003   477.97249083860885     
   8.4442826350042507E-002   2.4769230769230771E-003   470.10877212805286     
   8.7908062700132419E-002   2.4769230769230771E-003   466.41369318135884     
   9.1436140977004560E-002   2.4769230769230771E-003   467.18760451312841     
   9.5026523166646296E-002   2.4769230769230771E-003   472.74011566704110     
   9.8678661754014921E-002   2.4769230769230771E-003   483.39030138511782     
  0.10239199980653067        2.4769230769230771E-003   499.46691400713496     
  0.10616597105900641        2.4769230769230771E-003   521.30860223339471     
  0.10999999999999999        2.4769230769230771E-003   549.26413638756821     
  
   6.8077428705258236E-002   2.5307692307692305E-003   549.13358622790429     
   7.1220723408232281E-002   2.5307692307692305E-003   527.99191123669152     
   7.4429404772449650E-002   2.5307692307692305E-003   509.96073400131172     
   7.7702983490304176E-002   2.5307692307692305E-003   495.30877906229068     
   8.1040960357672956E-002   2.5307692307692305E-003   484.31341981868769     
   8.4442826350042507E-002   2.5307692307692305E-003   477.26086695859794     
   8.7908062700132419E-002   2.5307692307692305E-003   474.44636284653046     
   9.1436140977004560E-002   2.5307692307692305E-003   476.17438199323476     
   9.5026523166646296E-002   2.5307692307692305E-003   482.75883773770306     
   9.8678661754014921E-002   2.5307692307692305E-003   494.52329527425945     
  0.10239199980653067        2.5307692307692305E-003   511.80119116174149     
  0.10616597105900641        2.5307692307692305E-003   534.93605945525064     
  0.10999999999999999        2.5307692307692305E-003   564.28176460496479     
  
   6.8077428705258236E-002   2.5846153846153844E-003   555.67439497008445     
   7.1220723408232281E-002   2.5846153846153844E-003   535.20731642549617     
   7.4429404772449650E-002   2.5846153846153844E-003   517.90484414284037     
   7.7702983490304176E-002   2.5846153846153844E-003   504.03897679459430     
   8.1040960357672956E-002   2.5846153846153844E-003   493.89051266713204     
   8.4442826350042507E-002   2.5846153846153844E-003   487.74924407287665     
   8.7908062700132419E-002   2.5846153846153844E-003   485.91415794757245     
   9.1436140977004560E-002   2.5846153846153844E-003   488.69364276575027     
   9.5026523166646296E-002   2.5846153846153844E-003   496.40570191056810     
   9.8678661754014921E-002   2.5846153846153844E-003   509.37817363844465     
  0.10239199980653067        2.5846153846153844E-003   527.94895778256000     
  0.10616597105900641        2.5846153846153844E-003   552.46624934336080     
  0.10999999999999999        2.5846153846153844E-003   583.28877911800282     
  
   6.8077428705258236E-002   2.6384615384615383E-003   564.97795347024362     
   7.1220723408232281E-002   2.6384615384615383E-003   545.28573327735296     
   7.4429404772449650E-002   2.6384615384615383E-003   528.81167198661831     
   7.7702983490304176E-002   2.6384615384615383E-003   515.83084312060214     
   8.1040960357672956E-002   2.6384615384615383E-003   506.62726594743958     
   8.4442826350042507E-002   2.6384615384615383E-003   501.49410588438042     
   8.7908062700132419E-002   2.6384615384615383E-003   500.73388131696311     
   9.1436140977004560E-002   2.6384615384615383E-003   504.65867697333101     
   9.5026523166646296E-002   2.6384615384615383E-003   513.59036399703666     
   9.8678661754014921E-002   2.6384615384615383E-003   527.86082686594364     
  0.10239199980653067        2.6384615384615383E-003   547.81219730836517     
  0.10616597105900641        2.6384615384615383E-003   573.79709537214694     
  0.10999999999999999        2.6384615384615383E-003   606.17887780603178     
  
   6.8077428705258236E-002   2.6923076923076922E-003   576.95580529088420     
   7.1220723408232281E-002   2.6923076923076922E-003   558.13392779467688     
   7.4429404772449650E-002   2.6923076923076922E-003   542.58300561158728     
   7.7702983490304176E-002   2.6923076923076922E-003   530.58097636117316     
   8.1040960357672956E-002   2.6923076923076922E-003   522.41486396312825     
   8.4442826350042507E-002   2.6923076923076922E-003   518.38098498079819     
   8.7908062700132419E-002   2.6923076923076922E-003   518.78516160934987     
   9.1436140977004560E-002   2.6923076923076922E-003   523.94294145480092     
   9.5026523166646296E-002   2.6923076923076922E-003   534.17982425422736     
   9.8678661754014921E-002   2.6923076923076922E-003   549.83149569154784     
  0.10239199980653067        2.6923076923076922E-003   571.24406846750412     
  0.10616597105900641        2.6923076923076922E-003   598.77433078654531     
  0.10999999999999999        2.6923076923076922E-003   632.79000242747668     
  
   6.8077428705258236E-002   2.7461538461538461E-003   591.49838060876607     
   7.1220723408232281E-002   2.7461538461538461E-003   573.63597316171831     
   7.4429404772449650E-002   2.7461538461538461E-003   559.09626144174081     
   7.7702983490304176E-002   2.7461538461538461E-003   548.15981944659029     
   8.1040960357672956E-002   2.7461538461538461E-003   541.11644124566988     
   8.4442826350042507E-002   2.7461538461538461E-003   538.26535314335388     
   8.7908062700132419E-002   2.7461538461538461E-003   539.91543271183787     
   9.1436140977004560E-002   2.7461538461538461E-003   546.38543484629054     
   9.5026523166646296E-002   2.7461538461538461E-003   558.00422499938236     
   9.8678661754014921E-002   2.7461538461538461E-003   575.11101975660893     
  0.10239199980653067        2.7461538461538461E-003   598.05563491788189     
  0.10616597105900641        2.7461538461538461E-003   627.19874125539832     
  0.10999999999999999        2.7461538461538461E-003   662.91212812200956     
  
   6.8077428705258236E-002   2.8000000000000000E-003   608.47845785366098     
   7.1220723408232281E-002   2.8000000000000000E-003   591.65701291232983     
   7.4429404772449650E-002   2.8000000000000000E-003   578.20857072933507     
   7.7702983490304176E-002   2.8000000000000000E-003   568.41609281689989     
   8.1040960357672956E-002   2.8000000000000000E-003   562.57188635747877     
   8.4442826350042507E-002   2.8000000000000000E-003   560.97782199419783     
   8.7908062700132419E-002   2.8000000000000000E-003   563.94555870884471     
   9.1436140977004560E-002   2.8000000000000000E-003   571.79677594673763     
   9.5026523166646296E-002   2.8000000000000000E-003   584.86341315235893     
   9.8678661754014921E-002   2.8000000000000000E-003   603.48791688358085     
  0.10239199980653067        2.8000000000000000E-003   628.02349567744602     
  0.10616597105900641        2.8000000000000000E-003   658.83438284417116     
  0.10999999999999999        2.8000000000000000E-003   696.29610737113762     
  
