   6.8077428705258236E-002   2.1538461538461538E-003   11602.708812391897     
   7.1220723408232281E-002   2.1538461538461538E-003   11430.507644188572     
   7.4429404772449650E-002   2.1538461538461538E-003   11257.163609633990     
   7.7702983490304176E-002   2.1538461538461538E-003   11082.889484553707     
   8.1040960357672956E-002   2.1538461538461538E-003   10907.905014588147     
   8.4442826350042507E-002   2.1538461538461538E-003   10732.437078236751     
   8.7908062700132419E-002   2.1538461538461538E-003   10556.719855663980     
   9.1436140977004560E-002   2.1538461538461538E-003   10380.995003433638     
   9.5026523166646296E-002   2.1538461538461538E-003   10205.511835343397     
   9.8678661754014921E-002   2.1538461538461538E-003   10030.527509541569     
  0.10239199980653067        2.1538461538461538E-003   9856.3072221094499     
  0.10616597105900641        2.1538461538461538E-003   9683.1244073061644     
  0.10999999999999999        2.1538461538461538E-003   9511.2609446759016     
  
   6.8077428705258236E-002   2.2076923076923076E-003   11564.463429169347     
   7.1220723408232281E-002   2.2076923076923076E-003   11390.915926128842     
   7.4429404772449650E-002   2.2076923076923076E-003   11216.242326028336     
   7.7702983490304176E-002   2.2076923076923076E-003   11040.659347166682     
   8.1040960357672956E-002   2.2076923076923076E-003   10864.390847186634     
   8.4442826350042507E-002   2.2076923076923076E-003   10687.667992516421     
   8.7908062700132419E-002   2.2076923076923076E-003   10510.729433837521     
   9.1436140977004560E-002   2.2076923076923076E-003   10333.821487754620     
   9.5026523166646296E-002   2.2076923076923076E-003   10157.198324851583     
   9.8678661754014921E-002   2.2076923076923076E-003   9981.1221643237695     
  0.10239199980653067        2.2076923076923076E-003   9805.8634753852639     
  0.10616597105900641        2.2076923076923076E-003   9631.7011856565023     
  0.10999999999999999        2.2076923076923076E-003   9458.9228967463896     
  
   6.8077428705258236E-002   2.2615384615384615E-003   11534.713455165776     
   7.1220723408232281E-002   2.2615384615384615E-003   11360.171506712617     
   7.4429404772449650E-002   2.2615384615384615E-003   11184.523300397479     
   7.7702983490304176E-002   2.2615384615384615E-003   11007.989095739755     
   8.1040960357672956E-002   2.2615384615384615E-003   10830.796445526947     
   8.4442826350042507E-002   2.2615384615384615E-003   10653.180371142062     
   8.7908062700132419E-002   2.2615384615384615E-003   10475.383544160457     
   9.1436140977004560E-002   2.2615384615384615E-003   10297.656474402436     
   9.5026523166646296E-002   2.2615384615384615E-003   10120.257704636035     
   9.8678661754014921E-002   2.2615384615384615E-003   9943.4540121279715     
  0.10239199980653067        2.2615384615384615E-003   9767.5206172553135     
  0.10616597105900641        2.2615384615384615E-003   9592.7413993908413     
  0.10999999999999999        2.2615384615384615E-003   9419.4091202917225     
  
   6.8077428705258236E-002   2.3153846153846154E-003   11513.403746783613     
   7.1220723408232281E-002   2.3153846153846154E-003   11338.220247603938     
   7.4429404772449650E-002   2.3153846153846154E-003   11161.953767683470     
   7.7702983490304176E-002   2.3153846153846154E-003   10984.827731118261     
   8.1040960357672956E-002   2.3153846153846154E-003   10807.072994266930     
   8.4442826350042507E-002   2.3153846153846154E-003   10628.928026460288     
   8.7908062700132419E-002   2.3153846153846154E-003   10450.639097205669     
   9.1436140977004560E-002   2.3153846153846154E-003   10272.460470079513     
   9.5026523166646296E-002   2.3153846153846154E-003   10094.654603511333     
   9.8678661754014921E-002   2.3153846153846154E-003   9917.4923586685563     
  0.10239199980653067        2.3153846153846154E-003   9741.2532146619797     
  0.10616597105900641        2.3153846153846154E-003   9566.2254912982426     
  0.10999999999999999        2.3153846153846154E-003   9392.7065796156403     
  
   6.8077428705258236E-002   2.3692307692307693E-003   11500.427586966165     
   7.1220723408232281E-002   2.3692307692307693E-003   11324.953763082980     
   7.4429404772449650E-002   2.3692307692307693E-003   11148.423959732911     
   7.7702983490304176E-002   2.3692307692307693E-003   10971.064412468280     
   8.1040960357672956E-002   2.3692307692307693E-003   10793.108913855842     
   8.4442826350042507E-002   2.3692307692307693E-003   10614.798999079680     
   8.7908062700132419E-002   2.3692307692307693E-003   10436.384138242822     
   9.1436140977004560E-002   2.3692307692307693E-003   10258.121935571869     
   9.5026523166646296E-002   2.3692307692307693E-003   10080.278335732351     
   9.8678661754014921E-002   2.3692307692307693E-003   9903.1278374760150     
  0.10239199980653067        2.3692307692307693E-003   9726.9537148474556     
  0.10616597105900641        2.3692307692307693E-003   9552.0482461860556     
  0.10999999999999999        2.3692307692307693E-003   9378.7129511711391     
  
   6.8077428705258236E-002   2.4230769230769228E-003   11495.628356922110     
   7.1220723408232281E-002   2.4230769230769228E-003   11320.211080622008     
   7.4429404772449650E-002   2.4230769230769228E-003   11143.768745897156     
   7.7702983490304176E-002   2.4230769230769228E-003   10966.530068462109     
   8.1040960357672956E-002   2.4230769230769228E-003   10788.731432238608     
   8.4442826350042507E-002   2.4230769230769228E-003   10610.617079377706     
   8.7908062700132419E-002   2.4230769230769228E-003   10432.439307167469     
   9.1436140977004560E-002   2.4230769230769228E-003   10254.458672036166     
   9.5026523166646296E-002   2.4230769230769228E-003   10076.944200869049     
   9.8678661754014921E-002   2.4230769230769228E-003   9900.1736098655492     
  0.10239199980653067        2.4230769230769228E-003   9724.4335311736395     
  0.10616597105900641        2.4230769230769228E-003   9550.0197475460009     
  0.10999999999999999        2.4230769230769228E-003   9377.2374352753923     
  
   6.8077428705258236E-002   2.4769230769230771E-003   11498.802097182819     
   7.1220723408232281E-002   2.4769230769230771E-003   11323.781267777638     
   7.4429404772449650E-002   2.4769230769230771E-003   11147.770322105946     
   7.7702983490304176E-002   2.4769230769230771E-003   10971.000144519658     
   8.1040960357672956E-002   2.4769230769230771E-003   10793.709385880216     
   8.4442826350042507E-002   2.4769230769230771E-003   10616.144657545232     
   8.7908062700132419E-002   2.4769230769230771E-003   10438.560732408676     
   9.1436140977004560E-002   2.4769230769230771E-003   10261.220753212416     
   9.5026523166646296E-002   2.4769230769230771E-003   10084.396448353222     
   9.8678661754014921E-002   2.4769230769230771E-003   9908.3683554206291     
  0.10239199980653067        2.4769230769230771E-003   9733.4260527087245     
  0.10616597105900641        2.4769230769230771E-003   9559.8683989560559     
  0.10999999999999999        2.4769230769230771E-003   9388.0037815772084     
  
   6.8077428705258236E-002   2.5307692307692305E-003   11509.700880268714     
   7.1220723408232281E-002   2.5307692307692305E-003   11335.406941246476     
   7.4429404772449650E-002   2.5307692307692305E-003   11160.161857319183     
   7.7702983490304176E-002   2.5307692307692305E-003   10984.198387512737     
   8.1040960357672956E-002   2.5307692307692305E-003   10807.757143424647     
   8.4442826350042507E-002   2.5307692307692305E-003   10631.086786740190     
   8.7908062700132419E-002   2.5307692307692305E-003   10454.444233954093     
   9.1436140977004560E-002   2.5307692307692305E-003   10278.094868522776     
   9.5026523166646296E-002   2.5307692307692305E-003   10102.312760675140     
   9.8678661754014921E-002   2.5307692307692305E-003   9927.3808951265000     
  0.10239199980653067        2.5307692307692305E-003   9753.5914069437422     
  0.10616597105900641        2.5307692307692305E-003   9581.2458258250190     
  0.10999999999999999        2.5307692307692305E-003   9410.6553290639022     
  
   6.8077428705258236E-002   2.5846153846153844E-003   11528.036887520084     
   7.1220723408232281E-002   2.5846153846153844E-003   11354.788541479384     
   7.4429404772449650E-002   2.5846153846153844E-003   11180.631970905644     
   7.7702983490304176E-002   2.5846153846153844E-003   11005.801530905330     
   8.1040960357672956E-002   2.5846153846153844E-003   10830.539503605138     
   8.4442826350042507E-002   2.5846153846153844E-003   10655.096298786388     
   8.7908062700132419E-002   2.5846153846153844E-003   10479.730661861933     
   9.1436140977004560E-002   2.5846153846153844E-003   10304.709889424881     
   9.5026523166646296E-002   2.5846153846153844E-003   10130.310052603949     
   9.8678661754014921E-002   2.5846153846153844E-003   9956.8162284752943     
  0.10239199980653067        2.5846153846153844E-003   9784.5227397868275     
  0.10616597105900641        2.5846153846153844E-003   9613.7334032622166     
  0.10999999999999999        2.5846153846153844E-003   9444.7617867657609     
  
   6.8077428705258236E-002   2.6384615384615383E-003   11553.487060438685     
   7.1220723408232281E-002   2.6384615384615383E-003   11381.589232122475     
   7.4429404772449650E-002   2.6384615384615383E-003   11208.829888357435     
   7.7702983490304176E-002   2.6384615384615383E-003   11035.444715049947     
   8.1040960357672956E-002   2.6384615384615383E-003   10861.677388565473     
   8.4442826350042507E-002   2.6384615384615383E-003   10687.779779094250     
   8.7908062700132419E-002   2.6384615384615383E-003   10514.012161482206     
   9.1436140977004560E-002   2.6384615384615383E-003   10340.643433758745     
   9.5026523166646296E-002   2.6384615384615383E-003   10167.951343604869     
   9.8678661754014921E-002   2.6384615384615383E-003   9996.2227230142744     
  0.10239199980653067        2.6384615384615383E-003   9825.7537314103101     
  0.10616597105900641        2.6384615384615383E-003   9656.8501074930646     
  0.10999999999999999        2.6384615384615383E-003   9489.8274301020047     
  
   6.8077428705258236E-002   2.6923076923076922E-003   11585.698182444183     
   7.1220723408232281E-002   2.6923076923076922E-003   11415.440267990598     
   7.4429404772449650E-002   2.6923076923076922E-003   11244.371106029728     
   7.7702983490304176E-002   2.6923076923076922E-003   11072.727459458851     
   8.1040960357672956E-002   2.6923076923076922E-003   10900.754134639865     
   8.4442826350042507E-002   2.6923076923076922E-003   10728.704187136042     
   8.7908062700132419E-002   2.6923076923076922E-003   10556.839135020000     
   9.1436140977004560E-002   2.6923076923076922E-003   10385.429179991901     
   9.5026523166646296E-002   2.6923076923076922E-003   10214.753436555122     
   9.8678661754014921E-002   2.6923076923076922E-003   10045.100169507628     
  0.10239199980653067        2.6923076923076922E-003   9876.7670400163806     
  0.10616597105900641        2.6923076923076922E-003   9710.0613605560429     
  0.10999999999999999        2.6923076923076922E-003   9545.3003590016815     
  
   6.8077428705258236E-002   2.7461538461538461E-003   11624.292240074297     
   7.1220723408232281E-002   2.7461538461538461E-003   11455.946668006696     
   7.4429404772449650E-002   2.7461538461538461E-003   11286.843387945817     
   7.7702983490304176E-002   2.7461538461538461E-003   11117.219995861487     
   8.1040960357672956E-002   2.7461538461538461E-003   10947.322174309262     
   8.4442826350042507E-002   2.7461538461538461E-003   10777.403900199393     
   8.7908062700132419E-002   2.7461538461538461E-003   10607.727660233155     
   9.1436140977004560E-002   2.7461538461538461E-003   10438.564674248100     
   9.5026523166646296E-002   2.7461538461538461E-003   10270.195126725124     
   9.8678661754014921E-002   2.7461538461538461E-003   10102.908406718449     
  0.10239199980653067        2.7461538461538461E-003   9937.0033564831028     
  0.10616597105900641        2.7461538461538461E-003   9772.7885290839949     
  0.10999999999999999        2.7461538461538461E-003   9610.5824552830127     
  
   6.8077428705258236E-002   2.8000000000000000E-003   11668.871912778744     
   7.1220723408232281E-002   2.8000000000000000E-003   11502.693029891579     
   7.4429404772449650E-002   2.8000000000000000E-003   11335.812918342614     
   7.7702983490304176E-002   2.8000000000000000E-003   11168.469771849210     
   8.1040960357672956E-002   2.8000000000000000E-003   11000.909904461703     
   8.4442826350042507E-002   2.8000000000000000E-003   10833.387960052019     
   8.7908062700132419E-002   2.8000000000000000E-003   10666.167129553109     
   9.1436140977004560E-002   2.8000000000000000E-003   10499.519376194097     
   9.5026523166646296E-002   2.8000000000000000E-003   10333.725668987281     
   9.8678661754014921E-002   2.8000000000000000E-003   10169.076224734574     
  0.10239199980653067        2.8000000000000000E-003   10005.870758829657     
  0.10616597105900641        2.8000000000000000E-003   9844.4187451465441     
  0.10999999999999999        2.8000000000000000E-003   9685.0396853144885     
  
