   6.8077428705258236E-002   2.1538461538461538E-003   601.03761350304069     
   7.1220723408232281E-002   2.1538461538461538E-003   577.84460901823661     
   7.4429404772449650E-002   2.1538461538461538E-003   557.57120067973074     
   7.7702983490304176E-002   2.1538461538461538E-003   540.47449065330193     
   8.1040960357672956E-002   2.1538461538461538E-003   526.81976436310435     
   8.4442826350042507E-002   2.1538461538461538E-003   516.88066508605971     
   8.7908062700132419E-002   2.1538461538461538E-003   510.93937416442498     
   9.1436140977004560E-002   2.1538461538461538E-003   509.28679695841413     
   9.5026523166646296E-002   2.1538461538461538E-003   512.22275466410110     
   9.8678661754014921E-002   2.1538461538461538E-003   520.05618212479339     
  0.10239199980653067        2.1538461538461538E-003   533.10533176747072     
  0.10616597105900641        2.1538461538461538E-003   551.69798379896497     
  0.10999999999999999        2.1538461538461538E-003   576.17166279983326     
  
   6.8077428705258236E-002   2.2076923076923076E-003   587.95510926785562     
   7.1220723408232281E-002   2.2076923076923076E-003   564.71401263507846     
   7.4429404772449650E-002   2.2076923076923076E-003   544.44944486003715     
   7.7702983490304176E-002   2.2076923076923076E-003   527.42315399020686     
   8.1040960357672956E-002   2.2076923076923076E-003   513.90525609965766     
   8.4442826350042507E-002   2.2076923076923076E-003   504.17441596651531     
   8.7908062700132419E-002   2.2076923076923076E-003   498.51803358893670     
   9.1436140977004560E-002   2.2076923076923076E-003   497.23243666817871     
   9.5026523166646296E-002   2.2076923076923076E-003   500.62307919028899     
   9.8678661754014921E-002   2.2076923076923076E-003   509.00474624175740     
  0.10239199980653067        2.2076923076923076E-003   522.70176519776476     
  0.10616597105900641        2.2076923076923076E-003   542.04822342498539     
  0.10999999999999999        2.2076923076923076E-003   567.38819264469248     
  
   6.8077428705258236E-002   2.2615384615384615E-003   577.35388453212363     
   7.1220723408232281E-002   2.2615384615384615E-003   554.11171884973487     
   7.4429404772449650E-002   2.2615384615384615E-003   533.89707141517169     
   7.7702983490304176E-002   2.2615384615384615E-003   516.97578896759694     
   8.1040960357672956E-002   2.2615384615384615E-003   503.62225066382985     
   8.4442826350042507E-002   2.2615384615384615E-003   494.11955419688167     
   8.7908062700132419E-002   2.2615384615384615E-003   488.75970794744012     
   9.1436140977004560E-002   2.2615384615384615E-003   487.84382930210927     
   9.5026523166646296E-002   2.2615384615384615E-003   491.68234927605170     
   9.8678661754014921E-002   2.2615384615384615E-003   500.59522358117988     
  0.10239199980653067        2.2615384615384615E-003   514.91215028478155     
  0.10616597105900641        2.2615384615384615E-003   534.97279420716018     
  0.10999999999999999        2.2615384615384615E-003   561.12701821050268     
  
   6.8077428705258236E-002   2.3153846153846154E-003   569.33548665620901     
   7.1220723408232281E-002   2.3153846153846154E-003   546.14865772710618     
   7.4429404772449650E-002   2.3153846153846154E-003   526.03504974516704     
   7.7702983490304176E-002   2.3153846153846154E-003   509.26409287213323     
   8.1040960357672956E-002   2.3153846153846154E-003   496.11389465562360     
   8.4442826350042507E-002   2.3153846153846154E-003   486.87143096856698     
   8.7908062700132419E-002   2.3153846153846154E-003   481.83274315093439     
   9.1436140977004560E-002   2.3153846153846154E-003   481.30314149249926     
   9.5026523166646296E-002   2.3153846153846154E-003   485.59741519924523     
   9.8678661754014921E-002   2.3153846153846154E-003   495.04004898978957     
  0.10239199980653067        2.3153846153846154E-003   509.96544647223249     
  0.10616597105900641        2.3153846153846154E-003   530.71816045557921     
  0.10999999999999999        2.3153846153846154E-003   557.65313035396525     
  
   6.8077428705258236E-002   2.3692307692307693E-003   563.97955637915720     
   7.1220723408232281E-002   2.3692307692307693E-003   540.91261332391696     
   7.4429404772449650E-002   2.3692307692307693E-003   520.95991696382328     
   7.7702983490304176E-002   2.3692307692307693E-003   504.39399642165085     
   8.1040960357672956E-002   2.3692307692307693E-003   491.49618470286282     
   8.4442826350042507E-002   2.3692307692307693E-003   482.55681385968029     
   8.7908062700132419E-002   2.3692307692307693E-003   477.87541650346446     
   9.1436140977004560E-002   2.3692307692307693E-003   477.76093380827831     
   9.5026523166646296E-002   2.3692307692307693E-003   482.53193015259109     
   9.8678661754014921E-002   2.3692307692307693E-003   492.51681455014472     
  0.10239199980653067        2.3692307692307693E-003   508.05406902504711     
  0.10616597105900641        2.3692307692307693E-003   529.49248409032089     
  0.10999999999999999        2.3692307692307693E-003   557.19140149333930     
  
   6.8077428705258236E-002   2.4230769230769228E-003   561.34190974600267     
   7.1220723408232281E-002   2.4230769230769228E-003   538.46608247182780     
   7.4429404772449650E-002   2.4230769230769228E-003   518.74139599173327     
   7.7702983490304176E-002   2.4230769230769228E-003   502.44302276989794     
   8.1040960357672956E-002   2.4230769230769228E-003   489.85504810698478     
   8.4442826350042507E-002   2.4230769230769228E-003   481.27066895904119     
   8.7908062700132419E-002   2.4230769230769228E-003   476.99239922888597     
   9.1436140977004560E-002   2.4230769230769228E-003   477.33228167642017     
   9.5026523166646296E-002   2.4230769230769228E-003   482.61210659872256     
   9.8678661754014921E-002   2.4230769230769228E-003   493.16363743481725     
  0.10239199980653067        2.4230769230769228E-003   509.32884345449730     
  0.10616597105900641        2.4230769230769228E-003   531.46013969477053     
  0.10999999999999999        2.4230769230769228E-003   559.92063431206338     
  
   6.8077428705258236E-002   2.4769230769230771E-003   561.45352740353769     
   7.1220723408232281E-002   2.4769230769230771E-003   538.84512834681414     
   7.4429404772449650E-002   2.4769230769230771E-003   519.42110239218914     
   7.7702983490304176E-002   2.4769230769230771E-003   503.45883611265947     
   8.1040960357672956E-002   2.4769230769230771E-003   491.24472122902705     
   8.4442826350042507E-002   2.4769230769230771E-003   483.07435654300969     
   8.7908062700132419E-002   2.4769230769230771E-003   479.25275644696569     
   9.1436140977004560E-002   2.4769230769230771E-003   480.09456615979963     
   9.5026523166646296E-002   2.4769230769230771E-003   485.92428384325854     
   9.8678661754014921E-002   2.4769230769230771E-003   497.07648975698902     
  0.10239199980653067        2.4769230769230771E-003   513.89608261555009     
  0.10616597105900641        2.4769230769230771E-003   536.73852331486967     
  0.10999999999999999        2.4769230769230771E-003   565.97008620052407     
  
   6.8077428705258236E-002   2.5307692307692305E-003   564.32041868546264     
   7.1220723408232281E-002   2.5307692307692305E-003   542.05919209106287     
   7.4429404772449650E-002   2.5307692307692305E-003   523.01229855158897     
   7.7702983490304176E-002   2.5307692307692305E-003   507.45893326730118     
   8.1040960357672956E-002   2.5307692307692305E-003   495.68737313259840     
   8.4442826350042507E-002   2.5307692307692305E-003   487.99518127551300     
   8.7908062700132419E-002   2.5307692307692305E-003   484.68941825972445     
   9.1436140977004560E-002   2.5307692307692305E-003   486.08686010168026     
   9.5026523166646296E-002   2.5307692307692305E-003   492.51422325967479     
   9.8678661754014921E-002   2.5307692307692305E-003   504.30839675670302     
  0.10239199980653067        2.5307692307692305E-003   521.81668160350841     
  0.10616597105900641        2.5307692307692305E-003   545.39703769301161     
  0.10999999999999999        2.5307692307692305E-003   575.41833834252122     
  
   6.8077428705258236E-002   2.5846153846153844E-003   569.92428923900866     
   7.1220723408232281E-002   2.5846153846153844E-003   548.09178332725935     
   7.4429404772449650E-002   2.5846153846153844E-003   529.50060735424245     
   7.7702983490304176E-002   2.5846153846153844E-003   514.43138083968745     
   8.1040960357672956E-002   2.5846153846153844E-003   503.17386664307031     
   8.4442826350042507E-002   2.5846153846153844E-003   496.02717763831924     
   8.7908062700132419E-002   2.5846153846153844E-003   493.29999012102490     
   9.1436140977004560E-002   2.5846153846153844E-003   495.31076410320708     
   9.5026523166646296E-002   2.5846153846153844E-003   502.38797065523499     
   9.8678661754014921E-002   2.5846153846153844E-003   514.87032645956151     
  0.10239199980653067        2.5846153846153844E-003   533.10703574589263     
  0.10616597105900641        2.5846153846153844E-003   557.45803978248182     
  0.10999999999999999        2.5846153846153844E-003   588.29427410343203     
  
   6.8077428705258236E-002   2.6384615384615383E-003   578.22391044175356     
   7.1220723408232281E-002   2.6384615384615383E-003   556.90193711318375     
   7.4429404772449650E-002   2.6384615384615383E-003   538.84556125074766     
   7.7702983490304176E-002   2.6384615384615383E-003   524.33646121023389     
   8.1040960357672956E-002   2.6384615384615383E-003   513.66550629275514     
   8.4442826350042507E-002   2.6384615384615383E-003   507.13296512417418     
   8.7908062700132419E-002   2.6384615384615383E-003   505.04872082337317     
   9.1436140977004560E-002   2.6384615384615383E-003   507.73249311633697     
   9.5026523166646296E-002   2.6384615384615383E-003   515.51406755857033     
   9.8678661754014921E-002   2.6384615384615383E-003   528.73353203298075     
  0.10239199980653067        2.6384615384615383E-003   547.74152069601075     
  0.10616597105900641        2.6384615384615383E-003   572.89946554992002     
  0.10999999999999999        2.6384615384615383E-003   604.57985582475101     
  
   6.8077428705258236E-002   2.6923076923076922E-003   589.15706710840470     
   7.1220723408232281E-002   2.6923076923076922E-003   568.42630132923205     
   7.4429404772449650E-002   2.6923076923076922E-003   550.98283718089112     
   7.7702983490304176E-002   2.6923076923076922E-003   537.10906317659555     
   8.1040960357672956E-002   2.6923076923076922E-003   527.09659320367689     
   8.4442826350042507E-002   2.6923076923076922E-003   521.24647622157920     
   8.7908062700132419E-002   2.6923076923076922E-003   519.86941279313419     
   9.1436140977004560E-002   2.6923076923076922E-003   523.28597860866807     
   9.5026523166646296E-002   2.6923076923076922E-003   531.82685516750257     
   9.8678661754014921E-002   2.6923076923076922E-003   545.83306778696374     
  0.10239199980653067        2.6923076923076922E-003   565.65623111434422     
  0.10616597105900641        2.6923076923076922E-003   591.65880232324207     
  0.10999999999999999        2.6923076923076922E-003   624.21434218110426     
  
   6.8077428705258236E-002   2.7461538461538461E-003   602.64294700114283     
   7.1220723408232281E-002   2.7461538461538461E-003   582.58170462916735     
   7.4429404772449650E-002   2.7461538461538461E-003   565.82701307607624     
   7.7702983490304176E-002   2.7461538461538461E-003   552.66163749302257     
   8.1040960357672956E-002   2.7461538461538461E-003   543.37759052390129     
   8.4442826350042507E-002   2.7461538461538461E-003   538.27634298192640     
   8.7908062700132419E-002   2.7461538461538461E-003   537.66904139471126     
   9.1436140977004560E-002   2.7461538461538461E-003   541.87673257958545     
   9.5026523166646296E-002   2.7461538461538461E-003   551.23059541605903     
   9.8678661754014921E-002   2.7461538461538461E-003   566.07217998815145     
  0.10239199980653067        2.7461538461538461E-003   586.75365427501481     
  0.10616597105900641        2.7461538461538461E-003   613.63805857438786     
  0.10999999999999999        2.7461538461538461E-003   647.09956784936662     
  
   6.8077428705258236E-002   2.8000000000000000E-003   618.58483095771101     
   7.1220723408232281E-002   2.8000000000000000E-003   599.26805033697883     
   7.4429404772449650E-002   2.8000000000000000E-003   583.27467693591029     
   7.7702983490304176E-002   2.8000000000000000E-003   570.88753291140415     
   8.1040960357672956E-002   2.8000000000000000E-003   562.39869858561531     
   8.4442826350042507E-002   2.8000000000000000E-003   558.10972380805333     
   8.7908062700132419E-002   2.8000000000000000E-003   558.33184621412147     
   9.1436140977004560E-002   2.8000000000000000E-003   563.38621654379563     
   9.5026523166646296E-002   2.8000000000000000E-003   573.60413118977044     
   9.8678661754014921E-002   2.8000000000000000E-003   589.32727215038562     
  0.10239199980653067        2.8000000000000000E-003   610.90795456860531     
  0.10616597105900641        2.8000000000000000E-003   638.70938204482718     
  0.10999999999999999        2.8000000000000000E-003   673.10590991756624     
  
