   6.8077428705258236E-002   2.1538461538461538E-003   550.63728458016863     
   7.1220723408232281E-002   2.1538461538461538E-003   529.33080333851558     
   7.4429404772449650E-002   2.1538461538461538E-003   510.94924877266374     
   7.7702983490304176E-002   2.1538461538461538E-003   495.74652191007726     
   8.1040960357672956E-002   2.1538461538461538E-003   483.98456006266429     
   8.4442826350042507E-002   2.1538461538461538E-003   475.93350486978773     
   8.7908062700132419E-002   2.1538461538461538E-003   471.87187563443217     
   9.1436140977004560E-002   2.1538461538461538E-003   472.08674806149565     
   9.5026523166646296E-002   2.1538461538461538E-003   476.87393851016498     
   9.8678661754014921E-002   2.1538461538461538E-003   486.53819387512283     
  0.10239199980653067        2.1538461538461538E-003   501.39338721427077     
  0.10616597105900641        2.1538461538461538E-003   521.76271924354228     
  0.10999999999999999        2.1538461538461538E-003   547.97892582236659     
  
   6.8077428705258236E-002   2.2076923076923076E-003   543.95393976419041     
   7.1220723408232281E-002   2.2076923076923076E-003   523.21102686645190     
   7.4429404772449650E-002   2.2076923076923076E-003   505.49595314728640     
   7.7702983490304176E-002   2.2076923076923076E-003   491.06987364471286     
   8.1040960357672956E-002   2.2076923076923076E-003   480.20227419314915     
   8.4442826350042507E-002   2.2076923076923076E-003   473.17114937750409     
   8.7908062700132419E-002   2.2076923076923076E-003   470.26318612923586     
   9.1436140977004560E-002   2.2076923076923076E-003   471.77395308204871     
   9.5026523166646296E-002   2.2076923076923076E-003   478.00809580810886     
   9.8678661754014921E-002   2.2076923076923076E-003   489.27953805868651     
  0.10239199980653067        2.2076923076923076E-003   505.91168913615854     
  0.10616597105900641        2.2076923076923076E-003   528.23765752766747     
  0.10999999999999999        2.2076923076923076E-003   556.60047093343178     
  
   6.8077428705258236E-002   2.2615384615384615E-003   539.95191470307930     
   7.1220723408232281E-002   2.2615384615384615E-003   519.86071488366395     
   7.4429404772449650E-002   2.2615384615384615E-003   502.89839413376689     
   7.7702983490304176E-002   2.2615384615384615E-003   489.33305003455661     
   8.1040960357672956E-002   2.2615384615384615E-003   479.44139282022871     
   8.4442826350042507E-002   2.2615384615384615E-003   473.50893274721227     
   8.7908062700132419E-002   2.2615384615384615E-003   471.83017342861189     
   9.1436140977004560E-002   2.2615384615384615E-003   474.70881125911671     
   9.5026523166646296E-002   2.2615384615384615E-003   482.45794105910653     
   9.8678661754014921E-002   2.2615384615384615E-003   495.40026806958326     
  0.10239199980653067        2.2615384615384615E-003   513.86832643306116     
  0.10616597105900641        2.2615384615384615E-003   538.20470429865361     
  0.10999999999999999        2.2615384615384615E-003   568.76227569300306     
  
   6.8077428705258236E-002   2.3153846153846154E-003   538.58645208783787     
   7.1220723408232281E-002   2.3153846153846154E-003   519.23054953528708     
   7.4429404772449650E-002   2.3153846153846154E-003   503.10226684791922     
   7.7702983490304176E-002   2.3153846153846154E-003   490.47629776604595     
   8.1040960357672956E-002   2.3153846153846154E-003   481.63621564016512     
   8.4442826350042507E-002   2.3153846153846154E-003   476.87466962536428     
   8.7908062700132419E-002   2.3153846153846154E-003   476.49358713768561     
   9.1436140977004560E-002   2.3153846153846154E-003   480.80438270450196     
   9.5026523166646296E-002   2.3153846153846154E-003   490.12817334402337     
   9.8678661754014921E-002   2.3153846153846154E-003   504.79600061265501     
  0.10239199980653067        2.3153846153846154E-003   525.14905946209512     
  0.10616597105900641        2.3153846153846154E-003   551.53893405160898     
  0.10999999999999999        2.3153846153846154E-003   584.32784066412205     
  
   6.8077428705258236E-002   2.3692307692307693E-003   539.77967898474674     
   7.1220723408232281E-002   2.3692307692307693E-003   521.23566259918255     
   7.4429404772449650E-002   2.3692307692307693E-003   506.01515567460507     
   7.7702983490304176E-002   2.3692307692307693E-003   494.39906405653051     
   8.1040960357672956E-002   2.3692307692307693E-003   486.67742324320159     
   8.4442826350042507E-002   2.3692307692307693E-003   483.14960275079159     
   8.7908062700132419E-002   2.3692307692307693E-003   484.12451701167168     
   9.1436140977004560E-002   2.3692307692307693E-003   489.92084294325929     
   9.5026523166646296E-002   2.3692307692307693E-003   500.86724432881289     
   9.8678661754014921E-002   2.3692307692307693E-003   517.30260315466876     
  0.10239199980653067        2.3692307692307693E-003   539.57625805208988     
  0.10616597105900641        2.3692307692307693E-003   568.04824999512971     
  0.10999999999999999        2.3692307692307693E-003   603.08957540966151     
  
   6.8077428705258236E-002   2.4230769230769228E-003   543.42404444187514     
   7.1220723408232281E-002   2.4230769230769228E-003   525.75939818113170     
   7.4429404772449650E-002   2.4230769230769228E-003   511.51064899259194     
   7.7702983490304176E-002   2.4230769230769228E-003   500.96449216647704     
   8.1040960357672956E-002   2.4230769230769228E-003   494.41698406237856     
   8.4442826350042507E-002   2.4230769230769228E-003   492.17375395454621     
   8.7908062700132419E-002   2.4230769230769228E-003   494.55022265694407     
   9.1436140977004560E-002   2.4230769230769228E-003   501.87182807106558     
   9.5026523166646296E-002   2.4230769230769228E-003   514.47425780317758     
   9.8678661754014921E-002   2.4230769230769228E-003   532.70368900083690     
  0.10239199980653067        2.4230769230769228E-003   556.91703556248376     
  0.10616597105900641        2.4230769230769228E-003   587.48220287706124     
  0.10999999999999999        2.4230769230769228E-003   624.77835025433444     
  
   6.8077428705258236E-002   2.4769230769230771E-003   549.38685661195211     
   7.1220723408232281E-002   2.4769230769230771E-003   532.65826494650241     
   7.4429404772449650E-002   2.4769230769230771E-003   519.43373737664774     
   7.7702983490304176E-002   2.4769230769230771E-003   510.00529811265392     
   8.1040960357672956E-002   2.4769230769230771E-003   504.67454385597597     
   8.4442826350042507E-002   2.4769230769230771E-003   503.75286242101066     
   8.7908062700132419E-002   2.4769230769230771E-003   507.56165836170578     
   9.1436140977004560E-002   2.4769230769230771E-003   516.43258575096218     
   9.5026523166646296E-002   2.4769230769230771E-003   530.70778826430535     
   9.8678661754014921E-002   2.4769230769230771E-003   550.74014672307533     
  0.10239199980653067        2.4769230769230771E-003   576.89353425572347     
  0.10616597105900641        2.4769230769230771E-003   609.54307923963211     
  0.10999999999999999        2.4769230769230771E-003   649.07543618915986     
  
   6.8077428705258236E-002   2.5307692307692305E-003   557.51565570339585     
   7.1220723408232281E-002   2.5307692307692305E-003   541.76778769872544     
   7.4429404772449650E-002   2.5307692307692305E-003   529.60717664187928     
   7.7702983490304176E-002   2.5307692307692305E-003   521.33067948679241     
   8.1040960357672956E-002   2.5307692307692305E-003   517.24491608525557     
   8.4442826350042507E-002   2.5307692307692305E-003   517.66649388738836     
   8.7908062700132419E-002   2.5307692307692305E-003   522.92223985260489     
   9.1436140977004560E-002   2.5307692307692305E-003   533.34943972388271     
   9.5026523166646296E-002   2.5307692307692305E-003   549.29608482143783     
   9.8678661754014921E-002   2.5307692307692305E-003   571.12112651600023     
  0.10239199980653067        2.5307692307692305E-003   599.19473854529451     
  0.10616597105900641        2.5307692307692305E-003   633.89858734095230     
  0.10999999999999999        2.5307692307692305E-003   675.62611053677972     
  
   6.8077428705258236E-002   2.5846153846153844E-003   567.64414017496949     
   7.1220723408232281E-002   2.5846153846153844E-003   552.90894928566138     
   7.4429404772449650E-002   2.5846153846153844E-003   541.83847860815672     
   7.7702983490304176E-002   2.5846153846153844E-003   534.73388945568388     
   8.1040960357672956E-002   2.5846153846153844E-003   531.90627474174653     
   8.4442826350042507E-002   2.5846153846153844E-003   533.67688907979959     
   8.7908062700132419E-002   2.5846153846153844E-003   540.37738628189186     
   9.1436140977004560E-002   2.5846153846153844E-003   552.35006441343216     
   9.5026523166646296E-002   2.5846153846153844E-003   569.94811856524461     
   9.8678661754014921E-002   2.5846153846153844E-003   593.53590150775381     
  0.10239199980653067        2.5846153846153844E-003   623.48919239563850     
  0.10616597105900641        2.5846153846153844E-003   660.19547369532245     
  0.10999999999999999        2.5846153846153844E-003   704.05421651108134     
  
   6.8077428705258236E-002   2.6384615384615383E-003   579.59835898889969     
   7.1220723408232281E-002   2.6384615384615383E-003   565.89491034508649     
   7.4429404772449650E-002   2.6384615384615383E-003   555.92719040640463     
   7.7702983490304176E-002   2.6384615384615383E-003   550.00010868996321     
   8.1040960357672956E-002   2.6384615384615383E-003   548.42865292036947     
   8.4442826350042507E-002   2.6384615384615383E-003   551.53812387438370     
   8.7908062700132419E-002   2.6384615384615383E-003   559.66437779704563     
   9.1436140977004560E-002   2.6384615384615383E-003   573.15407655113790     
   9.5026523166646296E-002   2.6384615384615383E-003   592.36494566581871     
   9.8678661754014921E-002   2.6384615384615383E-003   617.66604045396730     
  0.10239199980653067        2.6384615384615383E-003   649.43802037158400     
  0.10616597105900641        2.6384615384615383E-003   688.07343179645136     
  0.10999999999999999        2.6384615384615383E-003   733.97699940681252     
  
   6.8077428705258236E-002   2.6923076923076922E-003   593.20289047892777     
   7.1220723408232281E-002   2.6923076923076922E-003   580.53770402353950     
   7.4429404772449650E-002   2.6923076923076922E-003   571.67213491041616     
   7.7702983490304176E-002   2.6923076923076922E-003   566.91426214537955     
   8.1040960357672956E-002   2.6923076923076922E-003   566.58236732028888     
   8.4442826350042507E-002   2.6923076923076922E-003   571.00517357594708     
   8.7908062700132419E-002   2.6923076923076922E-003   580.52209229404457     
   9.1436140977004560E-002   2.6923076923076922E-003   595.48347768454255     
   9.5026523166646296E-002   2.6923076923076922E-003   616.25088943906917     
   9.8678661754014921E-002   2.6923076923076922E-003   643.19736362462743     
  0.10239199980653067        2.6923076923076922E-003   676.70769199592098     
  0.10616597105900641        2.6923076923076922E-003   717.17870990840697     
  0.10999999999999999        2.6923076923076922E-003   765.01959301791021     
  
   6.8077428705258236E-002   2.7461538461538461E-003   608.28674653775806     
   7.1220723408232281E-002   2.7461538461538461E-003   596.65462334623169     
   7.4429404772449650E-002   2.7461538461538461E-003   588.87830803563941     
   7.7702983490304176E-002   2.7461538461538461E-003   585.26845361790674     
   8.1040960357672956E-002   2.7461538461538461E-003   586.14601792324459     
   8.4442826350042507E-002   2.7461538461538461E-003   591.84250608116758     
   8.7908062700132419E-002   2.7461538461538461E-003   602.70022087310952     
   9.1436140977004560E-002   2.7461538461538461E-003   619.07252112758147     
   9.5026523166646296E-002   2.7461538461538461E-003   641.32408833311035     
   9.8678661754014921E-002   2.7461538461538461E-003   669.83120164813226     
  0.10239199980653067        2.7461538461538461E-003   704.98202149093095     
  0.10616597105900641        2.7461538461538461E-003   747.17688189687874     
  0.10999999999999999        2.7461538461538461E-003   796.82859183386790     
  
   6.8077428705258236E-002   2.8000000000000000E-003   624.68876758783472     
   7.1220723408232281E-002   2.8000000000000000E-003   614.07404843061863     
   7.4429404772449650E-002   2.8000000000000000E-003   607.36316109556208     
   7.7702983490304176E-002   2.8000000000000000E-003   604.86872655531386     
   8.1040960357672956E-002   2.8000000000000000E-003   606.91375094739919     
   8.4442826350042507E-002   2.8000000000000000E-003   613.83187099660097     
   8.7908062700132419E-002   2.8000000000000000E-003   625.96760743580501     
   9.1436140977004560E-002   2.8000000000000000E-003   643.67662660087171     
   9.5026523166646296E-002   2.8000000000000000E-003   667.32601037926361     
   9.8678661754014921E-002   2.8000000000000000E-003   697.29453469634814     
  0.10239199980653067        2.8000000000000000E-003   733.97295672742564     
  0.10616597105900641        2.8000000000000000E-003   777.76431102756908     
  0.10999999999999999        2.8000000000000000E-003   829.08421477560262     
  
