   6.8077428705258236E-002   2.1538461538461538E-003   576.12359796593955     
   7.1220723408232281E-002   2.1538461538461538E-003   554.29828374905810     
   7.4429404772449650E-002   2.1538461538461538E-003   535.20416509432971     
   7.7702983490304176E-002   2.1538461538461538E-003   519.08337313876518     
   8.1040960357672956E-002   2.1538461538461538E-003   506.18590032700592     
   8.4442826350042507E-002   2.1538461538461538E-003   496.76977660344835     
   8.7908062700132419E-002   2.1538461538461538E-003   491.10125130899223     
   9.1436140977004560E-002   2.1538461538461538E-003   489.45498090696611     
   9.5026523166646296E-002   2.1538461538461538E-003   492.11422266567587     
   9.8678661754014921E-002   2.1538461538461538E-003   499.37103442840271     
  0.10239199980653067        2.1538461538461538E-003   511.52648060446950     
  0.10616597105900641        2.1538461538461538E-003   528.89084451832593     
  0.10999999999999999        2.1538461538461538E-003   551.78384725645128     
  
   6.8077428705258236E-002   2.2076923076923076E-003   565.03458918949957     
   7.1220723408232281E-002   2.2076923076923076E-003   543.13107951832410     
   7.4429404772449650E-002   2.2076923076923076E-003   524.00372718233962     
   7.7702983490304176E-002   2.2076923076923076E-003   507.89859890966170     
   8.1040960357672956E-002   2.2076923076923076E-003   495.06980090727018     
   8.4442826350042507E-002   2.2076923076923076E-003   485.77966217537613     
   8.7908062700132419E-002   2.2076923076923076E-003   480.29892382231571     
   9.1436140977004560E-002   2.2076923076923076E-003   478.90693451573702     
   9.5026523166646296E-002   2.2076923076923076E-003   481.89185220920518     
   9.8678661754014921E-002   2.2076923076923076E-003   489.55085228707304     
  0.10239199980653067        2.2076923076923076E-003   502.19034227410589     
  0.10616597105900641        2.2076923076923076E-003   520.12618325988626     
  0.10999999999999999        2.2076923076923076E-003   543.68391819174678     
  
   6.8077428705258236E-002   2.2615384615384615E-003   556.42111274171407     
   7.1220723408232281E-002   2.2615384615384615E-003   534.49894006466650     
   7.4429404772449650E-002   2.2615384615384615E-003   515.39348115591815     
   7.7702983490304176E-002   2.2615384615384615E-003   499.35428651359609     
   8.1040960357672956E-002   2.2615384615384615E-003   486.63910763073602     
   8.4442826350042507E-002   2.2615384615384615E-003   477.51408697591103     
   8.7908062700132419E-002   2.2615384615384615E-003   472.25395425898779     
   9.1436140977004560E-002   2.2615384615384615E-003   471.14222912892359     
   9.5026523166646296E-002   2.2615384615384615E-003   474.47143045470148     
   9.8678661754014921E-002   2.2615384615384615E-003   482.54329234453320     
  0.10239199980653067        2.2615384615384615E-003   495.66898706285338     
  0.10616597105900641        2.2615384615384615E-003   514.16935500871045     
  0.10999999999999999        2.2615384615384615E-003   538.37514192348942     
  
   6.8077428705258236E-002   2.3153846153846154E-003   550.37636723023752     
   7.1220723408232281E-002   2.3153846153846154E-003   528.50513505673337     
   7.4429404772449650E-002   2.3153846153846154E-003   509.48753301965837     
   7.7702983490304176E-002   2.3153846153846154E-003   493.57618032535879     
   8.1040960357672956E-002   2.3153846153846154E-003   481.03204286069035     
   8.4442826350042507E-002   2.3153846153846154E-003   472.12462937710006     
   8.7908062700132419E-002   2.3153846153846154E-003   467.13219423192089     
   9.1436140977004560E-002   2.3153846153846154E-003   466.34194684496981     
   9.5026523166646296E-002   2.3153846153846154E-003   470.05026803353132     
   9.8678661754014921E-002   2.3153846153846154E-003   478.56293339338208     
  0.10239199980653067        2.3153846153846154E-003   492.19534389842545     
  0.10616597105900641        2.3153846153846154E-003   511.27276389637171     
  0.10999999999999999        2.3153846153846154E-003   536.13056668282297     
  
   6.8077428705258236E-002   2.3692307692307693E-003   546.96749809085327     
   7.1220723408232281E-002   2.3692307692307693E-003   525.22513447850224     
   7.4429404772449650E-002   2.3692307692307693E-003   506.37035038374131     
   7.7702983490304176E-002   2.3692307692307693E-003   490.65845122105475     
   8.1040960357672956E-002   2.3692307692307693E-003   478.35321957253586     
   8.4442826350042507E-002   2.3692307692307693E-003   469.72711709459367     
   8.7908062700132419E-002   2.3692307692307693E-003   465.06149323912973     
   9.1436140977004560E-002   2.3692307692307693E-003   464.64680095875963     
   9.5026523166646296E-002   2.3692307692307693E-003   468.78281957063280     
   9.8678661754014921E-002   2.3692307692307693E-003   477.77888495918921     
  0.10239199980653067        2.3692307692307693E-003   491.95412730324369     
  0.10616597105900641        2.3692307692307693E-003   511.63771651865829     
  0.10999999999999999        2.3692307692307693E-003   537.16911561336576     
  
   6.8077428705258236E-002   2.4230769230769228E-003   546.23405183559214     
   7.1220723408232281E-002   2.4230769230769228E-003   524.70486128340042     
   7.4429404772449650E-002   2.4230769230769228E-003   506.09479700837022     
   7.7702983490304176E-002   2.4230769230769228E-003   490.66149572319642     
   8.1040960357672956E-002   2.4230769230769228E-003   478.67118702679556     
   8.4442826350042507E-002   2.4230769230769228E-003   470.39890052451420     
   8.7908062700132419E-002   2.4230769230769228E-003   466.12868000273778     
   9.1436140977004560E-002   2.4230769230769228E-003   466.15380483818768     
   9.5026523166646296E-002   2.4230769230769228E-003   470.77701882808861     
   9.8678661754014921E-002   2.4230769230769228E-003   480.31076663322659     
  0.10239199980653067        2.4230769230769228E-003   495.07743803225310     
  0.10616597105900641        2.4230769230769228E-003   515.40962019150516     
  0.10999999999999999        2.4230769230769228E-003   541.65035816135128     
  
   6.8077428705258236E-002   2.4769230769230771E-003   548.18753101409129     
   7.1220723408232281E-002   2.4769230769230771E-003   526.96015380343772     
   7.4429404772449650E-002   2.4769230769230771E-003   508.68149462485019     
   7.7702983490304176E-002   2.4769230769230771E-003   493.61118893516948     
   8.1040960357672956E-002   2.4769230769230771E-003   482.01756627229867     
   8.4442826350042507E-002   2.4769230769230771E-003   474.17786204452608     
   8.7908062700132419E-002   2.4769230769230771E-003   470.37843659322664     
   9.1436140977004560E-002   2.4769230769230771E-003   470.91500171954544     
   9.5026523166646296E-002   2.4769230769230771E-003   476.09285487169893     
   9.8678661754014921E-002   2.4769230769230771E-003   486.22712119639351     
  0.10239199980653067        2.4769230769230771E-003   501.64300366441216     
  0.10616597105900641        2.4769230769230771E-003   522.67604148724888     
  0.10999999999999999        2.4769230769230771E-003   549.67237704898639     
  
   6.8077428705258236E-002   2.5307692307692305E-003   552.81198817074755     
   7.1220723408232281E-002   2.5307692307692305E-003   531.97736937074319     
   7.4429404772449650E-002   2.5307692307692305E-003   514.11943596191827     
   7.7702983490304176E-002   2.5307692307692305E-003   499.49950689352863     
   8.1040960357672956E-002   2.5307692307692305E-003   488.38768196337094     
   8.4442826350042507E-002   2.5307692307692305E-003   481.06305769320187     
   8.7908062700132419E-002   2.5307692307692305E-003   477.81395067214430     
   9.1436140977004560E-002   2.5307692307692305E-003   478.93812856765754     
   9.5026523166646296E-002   2.5307692307692305E-003   484.74304901054398     
   9.8678661754014921E-002   2.5307692307692305E-003   495.54610656759860     
  0.10239199980653067        2.5307692307692305E-003   511.67488802263500     
  0.10616597105900641        2.5307692307692305E-003   533.46743619416407     
  0.10999999999999999        2.5307692307692305E-003   561.27252252572907     
  
   6.8077428705258236E-002   2.5846153846153844E-003   560.06555110957879     
   7.1220723408232281E-002   2.5846153846153844E-003   539.71501005447362     
   7.4429404772449650E-002   2.5846153846153844E-003   522.36771742069220     
   7.7702983490304176E-002   2.5846153846153844E-003   508.28637318431231     
   8.1040960357672956E-002   2.5846153846153844E-003   497.74253050862114     
   8.4442826350042507E-002   2.5846153846153844E-003   491.01681508508085     
   8.7908062700132419E-002   2.5846153846153844E-003   488.39915210877678     
   9.1436140977004560E-002   2.5846153846153844E-003   490.18900109598144     
   9.5026523166646296E-002   2.5846153846153844E-003   496.69559875847642     
   9.8678661754014921E-002   2.5846153846153844E-003   508.23821015700781     
  0.10239199980653067        2.5846153846153844E-003   525.14638836386507     
  0.10616597105900641        2.5846153846153844E-003   547.76024287256382     
  0.10999999999999999        2.5846153846153844E-003   576.43071700080009     
  
   6.8077428705258236E-002   2.6384615384615383E-003   569.88273596489410     
   7.1220723408232281E-002   2.6384615384615383E-003   550.10621218038000     
   7.4429404772449650E-002   2.6384615384615383E-003   533.35821694975004     
   7.7702983490304176E-002   2.6384615384615383E-003   519.90253787820257     
   8.1040960357672956E-002   2.6384615384615383E-003   510.01187362534904     
   8.4442826350042507E-002   2.6384615384615383E-003   503.96805605886135     
   8.7908062700132419E-002   2.6384615384615383E-003   502.06228017830773     
   9.1436140977004560E-002   2.6384615384615383E-003   504.59534202301882     
   9.5026523166646296E-002   2.6384615384615383E-003   511.87788478543212     
   9.8678661754014921E-002   2.6384615384615383E-003   524.23065335932517     
  0.10239199980653067        2.6384615384615383E-003   541.98475756026073     
  0.10616597105900641        2.6384615384615383E-003   565.48194426411442     
  0.10999999999999999        2.6384615384615383E-003   595.07487871794422     
  
   6.8077428705258236E-002   2.6923076923076922E-003   582.17737965961612     
   7.1220723408232281E-002   2.6923076923076922E-003   563.06191415495903     
   7.4429404772449650E-002   2.6923076923076922E-003   546.99901317264369     
   7.7702983490304176E-002   2.6923076923076922E-003   534.25326485967094     
   8.1040960357672956E-002   2.6923076923076922E-003   525.09821178623645     
   8.4442826350042507E-002   2.6923076923076922E-003   519.81657523621527     
   8.7908062700132419E-002   2.6923076923076922E-003   518.70048737037007     
   9.1436140977004560E-002   2.6923076923076922E-003   522.05173148073618     
   9.5026523166646296E-002   2.6923076923076922E-003   530.18199056255798     
   9.8678661754014921E-002   2.6923076923076922E-003   543.41310443828252     
  0.10239199980653067        2.6923076923076922E-003   562.07733567641480     
  0.10616597105900641        2.6923076923076922E-003   586.51764455662328     
  0.10999999999999999        2.6923076923076922E-003   617.08797334133465     
  
   6.8077428705258236E-002   2.7461538461538461E-003   596.84600936655511     
   7.1220723408232281E-002   2.7461538461538461E-003   578.47450207003783     
   7.4429404772449650E-002   2.7461538461538461E-003   563.17832566635809     
   7.7702983490304176E-002   2.7461538461538461E-003   551.22258634238574     
   8.1040960357672956E-002   2.7461538461538461E-003   542.88137361899578     
   8.4442826350042507E-002   2.7461538461538461E-003   538.43798609178953     
   8.7908062700132419E-002   2.7461538461538461E-003   538.18516511255120     
   9.1436140977004560E-002   2.7461538461538461E-003   542.42533663303425     
   9.5026523166646296E-002   2.7461538461538461E-003   551.47086144041634     
   9.8678661754014921E-002   2.7461538461538461E-003   565.64429402194469     
  0.10239199980653067        2.7461538461538461E-003   585.27865030495354     
  0.10616597105900641        2.7461538461538461E-003   610.71768452697017     
  0.10999999999999999        2.7461538461538461E-003   642.31617549971554     
  
   6.8077428705258236E-002   2.8000000000000000E-003   613.77146304362691     
   7.1220723408232281E-002   2.8000000000000000E-003   596.22172898751717     
   7.4429404772449650E-002   2.8000000000000000E-003   581.76875273605367     
   7.7702983490304176E-002   2.8000000000000000E-003   570.67787989795772     
   8.1040960357672956E-002   2.8000000000000000E-003   563.22345401966254     
   8.4442826350042507E-002   2.8000000000000000E-003   559.68904309257960     
   8.7908062700132419E-002   2.8000000000000000E-003   560.36767403509054     
   9.1436140977004560E-002   2.8000000000000000E-003   565.56207537173918     
   9.5026523166646296E-002   2.8000000000000000E-003   575.58492834012122     
   9.8678661754014921E-002   2.8000000000000000E-003   590.75912666428553     
  0.10239199980653067        2.8000000000000000E-003   611.41804524177371     
  0.10616597105900641        2.8000000000000000E-003   637.90581800027985     
  0.10999999999999999        2.8000000000000000E-003   670.57762518879292     
  
