   6.6325435236749400E-002   2.1233333333333334E-003   694.80290409879990     
   6.7663288940969402E-002   2.1233333333333334E-003   684.65227986488094     
   6.9013522802613594E-002   2.1233333333333334E-003   674.93799952451036     
   7.0376098157124103E-002   2.1233333333333334E-003   665.67796522888284     
   7.1750975986538901E-002   2.1233333333333334E-003   656.89033589777114     
   7.3138116920608953E-002   2.1233333333333334E-003   648.59352975470006     
   7.4537481237925807E-002   2.1233333333333334E-003   640.80622690085181     
   7.5949028867058649E-002   2.1233333333333334E-003   633.54737192817879     
   7.7372719387702238E-002   2.1233333333333334E-003   626.83617657201967     
   7.8808512031834088E-002   2.1233333333333334E-003   620.69212240410525     
   8.0256365684881856E-002   2.1233333333333334E-003   615.13496356581811     
   8.1716238886900786E-002   2.1233333333333334E-003   610.18472954278172     
   8.3188089833760956E-002   2.1233333333333334E-003   605.86172798091275     
   8.4671876378344224E-002   2.1233333333333334E-003   602.18654754457691     
   8.6167556031751233E-002   2.1233333333333334E-003   599.18006081731471     
   8.7675085964518090E-002   2.1233333333333334E-003   596.86342724571432     
   8.9194423007842721E-002   2.1233333333333334E-003   595.25809612686658     
   9.0725523654821158E-002   2.1233333333333334E-003   594.38580964003131     
   9.2268344061693347E-002   2.1233333333333334E-003   594.26860592306321     
   9.3822840049098494E-002   2.1233333333333334E-003   594.92882219400462     
   9.5388967103340369E-002   2.1233333333333334E-003   596.38909791859908     
   9.6966680377661818E-002   2.1233333333333334E-003   598.67237802420777     
   9.8555934693529135E-002   2.1233333333333334E-003   601.80191616070283     
  0.10015668454192549        2.1233333333333334E-003   605.80127800898254     
  0.10176888408465444        2.1233333333333334E-003   610.69434463756863     
  0.10339248715565225        2.1233333333333334E-003   616.50531590816809     
  0.10502744726231006        2.1233333333333334E-003   623.25871393050534     
  0.10667371758680515        2.1233333333333334E-003   630.97938656728047     
  0.10833125098744152        2.1233333333333334E-003   639.69251098980749     
  0.10999999999999999        2.1233333333333334E-003   649.42359728496683     
 
   6.6325435236749400E-002   2.1466666666666665E-003   688.59495828986326     
   6.7663288940969402E-002   2.1466666666666665E-003   678.42048200800025     
   6.9013522802613594E-002   2.1466666666666665E-003   668.68678575985109     
   7.0376098157124103E-002   2.1466666666666665E-003   659.41193964228160     
   7.1750975986538901E-002   2.1466666666666665E-003   650.61427358697927     
   7.3138116920608953E-002   2.1466666666666665E-003   642.31237994367802     
   7.4537481237925807E-002   2.1466666666666665E-003   634.52511610317799     
   7.5949028867058649E-002   2.1466666666666665E-003   627.27160716024014     
   7.7372719387702238E-002   2.1466666666666665E-003   620.57124861706097     
   7.8808512031834088E-002   2.1466666666666665E-003   614.44370912782517     
   8.0256365684881856E-002   2.1466666666666665E-003   608.90893328466382     
   8.1716238886900786E-002   2.1466666666666665E-003   603.98714444562631     
   8.3188089833760956E-002   2.1466666666666665E-003   599.69884760524496     
   8.4671876378344224E-002   2.1466666666666665E-003   596.06483230803985     
   8.6167556031751233E-002   2.1466666666666665E-003   593.10617560566641     
   8.7675085964518090E-002   2.1466666666666665E-003   590.84424505808192     
   8.9194423007842721E-002   2.1466666666666665E-003   589.30070177939433     
   9.0725523654821158E-002   2.1466666666666665E-003   588.49750352891351     
   9.2268344061693347E-002   2.1466666666666665E-003   588.45690784793646     
   9.3822840049098494E-002   2.1466666666666665E-003   589.20147524285801     
   9.5388967103340369E-002   2.1466666666666665E-003   590.75407241522817     
   9.6966680377661818E-002   2.1466666666666665E-003   593.13787553921679     
   9.8555934693529135E-002   2.1466666666666665E-003   596.37637358736174     
  0.10015668454192549        2.1466666666666665E-003   600.49337170476599     
  0.10176888408465444        2.1466666666666665E-003   605.51299463288035     
  0.10339248715565225        2.1466666666666665E-003   611.45969018305937     
  0.10502744726231006        2.1466666666666665E-003   618.35823276082237     
  0.10667371758680515        2.1466666666666665E-003   626.23372694132922     
  0.10833125098744152        2.1466666666666665E-003   635.11161109674788     
  0.10999999999999999        2.1466666666666665E-003   645.01766107625440     
 
   6.6325435236749400E-002   2.1700000000000001E-003   682.79023133796977     
   6.7663288940969402E-002   2.1700000000000001E-003   672.59542378701951     
   6.9013522802613594E-002   2.1700000000000001E-003   662.84565896526453     
   7.0376098157124103E-002   2.1700000000000001E-003   653.55916776530125     
   7.1750975986538901E-002   2.1700000000000001E-003   644.75444386755260     
   7.3138116920608953E-002   2.1700000000000001E-003   636.45024637038557     
   7.4537481237925807E-002   2.1700000000000001E-003   628.66560246053757     
   7.5949028867058649E-002   2.1700000000000001E-003   621.41981012455312     
   7.7372719387702238E-002   2.1700000000000001E-003   614.73244090156925     
   7.8808512031834088E-002   2.1700000000000001E-003   608.62334267792278     
   8.0256365684881856E-002   2.1700000000000001E-003   603.11264252420551     
   8.1716238886900786E-002   2.1700000000000001E-003   598.22074957529526     
   8.3188089833760956E-002   2.1700000000000001E-003   593.96835795364404     
   8.4671876378344224E-002   2.1700000000000001E-003   590.37644973666249     
   8.6167556031751233E-002   2.1700000000000001E-003   587.46629796856382     
   8.7675085964518090E-002   2.1700000000000001E-003   585.25946971731628     
   8.9194423007842721E-002   2.1700000000000001E-003   583.77782917710829     
   9.0725523654821158E-002   2.1700000000000001E-003   583.04354081708868     
   9.2268344061693347E-002   2.1700000000000001E-003   583.07907257686668     
   9.3822840049098494E-002   2.1700000000000001E-003   583.90719910929954     
   9.5388967103340369E-002   2.1700000000000001E-003   585.55100507130715     
   9.6966680377661818E-002   2.1700000000000001E-003   588.03388846322491     
   9.8555934693529135E-002   2.1700000000000001E-003   591.37956401727763     
  0.10015668454192549        2.1700000000000001E-003   595.61206663590974     
  0.10176888408465444        2.1700000000000001E-003   600.75575488062486     
  0.10339248715565225        2.1700000000000001E-003   606.83531451171916     
  0.10502744726231006        2.1700000000000001E-003   613.87576207997517     
  0.10667371758680515        2.1700000000000001E-003   621.90244857064226     
  0.10833125098744152        2.1700000000000001E-003   630.94106310057055     
  0.10999999999999999        2.1700000000000001E-003   641.01763666913087     
 
   6.6325435236749400E-002   2.1933333333333332E-003   677.39920751752459     
   6.7663288940969402E-002   2.1933333333333332E-003   667.18795813843155     
   6.9013522802613594E-002   2.1933333333333332E-003   657.42585086071949     
   7.0376098157124103E-002   2.1933333333333332E-003   648.13127042281349     
   7.1750975986538901E-002   2.1933333333333332E-003   639.32286719317119     
   7.3138116920608953E-002   2.1933333333333332E-003   631.01955984578649     
   7.4537481237925807E-002   2.1933333333333332E-003   623.24053807678615     
   7.5949028867058649E-002   2.1933333333333332E-003   616.00526536289749     
   7.7372719387702238E-002   2.1933333333333332E-003   609.33348176198774     
   7.8808512031834088E-002   2.1933333333333332E-003   603.24520675642839     
   8.0256365684881856E-002   2.1933333333333332E-003   597.76074213968366     
   8.1716238886900786E-002   2.1933333333333332E-003   592.90067494666016     
   8.3188089833760956E-002   2.1933333333333332E-003   588.68588042846636     
   8.4671876378344224E-002   2.1933333333333332E-003   585.13752507185757     
   8.6167556031751233E-002   2.1933333333333332E-003   582.27706966435244     
   8.7675085964518090E-002   2.1933333333333332E-003   580.12627240514098     
   8.9194423007842721E-002   2.1933333333333332E-003   578.70719206265710     
   9.0725523654821158E-002   2.1933333333333332E-003   578.04219117925936     
   9.2268344061693347E-002   2.1933333333333332E-003   578.15393932371160     
   9.3822840049098494E-002   2.1933333333333332E-003   579.06541639193995     
   9.5388967103340369E-002   2.1933333333333332E-003   580.79991595680531     
   9.6966680377661818E-002   2.1933333333333332E-003   583.38104866752667     
   9.8555934693529135E-002   2.1933333333333332E-003   586.83274569911305     
  0.10015668454192549        2.1933333333333332E-003   591.17926225296321     
  0.10176888408465444        2.1933333333333332E-003   596.44518110870797     
  0.10339248715565225        2.1933333333333332E-003   602.65541622845262     
  0.10502744726231006        2.1933333333333332E-003   609.83521641379195     
  0.10667371758680515        2.1933333333333332E-003   618.01016901634500     
  0.10833125098744152        2.1933333333333332E-003   627.20620370265499     
  0.10999999999999999        2.1933333333333332E-003   637.44959627396179     
 
   6.6325435236749400E-002   2.2166666666666667E-003   672.43187829607268     
   6.7663288940969402E-002   2.2166666666666667E-003   662.20843714739908     
   6.9013522802613594E-002   2.2166666666666667E-003   652.43808428179500     
   7.0376098157124103E-002   2.2166666666666667E-003   643.13935153679688     
   7.1750975986538901E-002   2.2166666666666667E-003   634.33103911384126     
   7.3138116920608953E-002   2.2166666666666667E-003   626.03221829764607     
   7.4537481237925807E-002   2.2166666666666667E-003   618.26223421769680     
   7.5949028867058649E-002   2.2166666666666667E-003   611.04070865210747     
   7.7372719387702238E-002   2.2166666666666667E-003   604.38754287470840     
   7.8808512031834088E-002   2.2166666666666667E-003   598.32292054552909     
   8.0256365684881856E-002   2.2166666666666667E-003   592.86731064542187     
   8.1716238886900786E-002   2.2166666666666667E-003   588.04147045537013     
   8.3188089833760956E-002   2.2166666666666667E-003   583.86644858089699     
   8.4671876378344224E-002   2.2166666666666667E-003   580.36358802231723     
   8.6167556031751233E-002   2.2166666666666667E-003   577.55452929124635     
   8.7675085964518090E-002   2.2166666666666667E-003   575.46121357400330     
   8.9194423007842721E-002   2.2166666666666667E-003   574.10588594255489     
   9.0725523654821158E-002   2.2166666666666667E-003   573.51109861351767     
   9.2268344061693347E-002   2.2166666666666667E-003   573.69971425587778     
   9.3822840049098494E-002   2.2166666666666667E-003   574.69490934799285     
   9.5388967103340369E-002   2.2166666666666667E-003   576.52017758459419     
   9.6966680377661818E-002   2.2166666666666667E-003   579.19933333436359     
   9.8555934693529135E-002   2.2166666666666667E-003   582.75651514872879     
  0.10015668454192549        2.2166666666666667E-003   587.21618932259992     
  0.10176888408465444        2.2166666666666667E-003   592.60315350763278     
  0.10339248715565225        2.2166666666666667E-003   598.94254037884400     
  0.10502744726231006        2.2166666666666667E-003   606.25982135507275     
  0.10667371758680515        2.2166666666666667E-003   614.58081037418435     
  0.10833125098744152        2.2166666666666667E-003   623.93166772362974     
  0.10999999999999999        2.2166666666666667E-003   634.33890392708918     
 
   6.6325435236749400E-002   2.2399999999999998E-003   667.89768732442758     
   6.7663288940969402E-002   2.2399999999999998E-003   657.66665453963572     
   6.9013522802613594E-002   2.2399999999999998E-003   647.89251308806604     
   7.0376098157124103E-002   2.2399999999999998E-003   638.59393536425182     
   7.1750975986538901E-002   2.2399999999999998E-003   629.78986475443060     
   7.3138116920608953E-002   2.2399999999999998E-003   621.49951839849007     
   7.4537481237925807E-002   2.2399999999999998E-003   613.74238999490501     
   7.5949028867058649E-002   2.2399999999999998E-003   606.53825264873876     
   7.7372719387702238E-002   2.2399999999999998E-003   599.90716176359399     
   7.8808512031834088E-002   2.2399999999999998E-003   593.86945797790349     
   8.0256365684881856E-002   2.2399999999999998E-003   588.44577014611002     
   8.1716238886900786E-002   2.2399999999999998E-003   583.65701836533015     
   8.3188089833760956E-002   2.2399999999999998E-003   579.52441704798434     
   8.4671876378344224E-002   2.2399999999999998E-003   576.06947804117806     
   8.6167556031751233E-002   2.2399999999999998E-003   573.31401379305271     
   8.7675085964518090E-002   2.2399999999999998E-003   571.28014056716063     
   8.9194423007842721E-002   2.2399999999999998E-003   569.99028170501310     
   9.0725523654821158E-002   2.2399999999999998E-003   569.46717093783514     
   9.2268344061693347E-002   2.2399999999999998E-003   569.73385574771044     
   9.3822840049098494E-002   2.2399999999999998E-003   570.81370077924760     
   9.5388967103340369E-002   2.2399999999999998E-003   572.73039130192853     
   9.6966680377661818E-002   2.2399999999999998E-003   575.50793672421889     
   9.8555934693529135E-002   2.2399999999999998E-003   579.17067415970746     
  0.10015668454192549        2.2399999999999998E-003   583.74327204635892     
  0.10176888408465444        2.2399999999999998E-003   589.25073381921879     
  0.10339248715565225        2.2399999999999998E-003   595.71840163745503     
  0.10502744726231006        2.2399999999999998E-003   603.17196016651951     
  0.10667371758680515        2.2399999999999998E-003   611.63744041584800     
  0.10833125098744152        2.2399999999999998E-003   621.14122363323258     
  0.10999999999999999        2.2399999999999998E-003   631.71004525628530     
 
   6.6325435236749400E-002   2.2633333333333333E-003   663.80547966449171     
   6.7663288940969402E-002   2.2633333333333333E-003   653.57179258750739     
   6.9013522802613594E-002   2.2633333333333333E-003   643.79866666886289     
   7.0376098157124103E-002   2.2633333333333333E-003   634.50490852179678     
   7.1750975986538901E-002   2.2633333333333333E-003   625.70959827534205     
   7.3138116920608953E-002   2.2633333333333333E-003   617.43209237775613     
   7.4537481237925807E-002   2.2633333333333333E-003   609.69202644324605     
   7.5949028867058649E-002   2.2633333333333333E-003   602.50931814282683     
   7.7372719387702238E-002   2.2633333333333333E-003   595.90417013974786     
   7.8808512031834088E-002   2.2633333333333333E-003   589.89707307006665     
   8.0256365684881856E-002   2.2633333333333333E-003   584.50880856890194     
   8.1716238886900786E-002   2.2633333333333333E-003   579.76045234298476     
   8.3188089833760956E-002   2.2633333333333333E-003   575.67337729003191     
   8.4671876378344224E-002   2.2633333333333333E-003   572.26925666552631     
   8.6167556031751233E-002   2.2633333333333333E-003   569.57006729762566     
   8.7675085964518090E-002   2.2633333333333333E-003   567.59809285059509     
   8.9194423007842721E-002   2.2633333333333333E-003   566.37592713757499     
   9.0725523654821158E-002   2.2633333333333333E-003   565.92647748320576     
   9.2268344061693347E-002   2.2633333333333333E-003   566.27296813680084     
   9.3822840049098494E-002   2.2633333333333333E-003   567.43894373667717     
   9.5388967103340369E-002   2.2633333333333333E-003   569.44827282632218     
   9.6966680377661818E-002   2.2633333333333333E-003   572.32515142313639     
   9.8555934693529135E-002   2.2633333333333333E-003   576.09410664023710     
  0.10015668454192549        2.2633333333333333E-003   580.78000036228741     
  0.10176888408465444        2.2633333333333333E-003   586.40803297585740     
  0.10339248715565225        2.2633333333333333E-003   593.00374715506643     
  0.10502744726231006        2.2633333333333333E-003   600.59303170333408     
  0.10667371758680515        2.2633333333333333E-003   609.20212545190122     
  0.10833125098744152        2.2633333333333333E-003   618.85762121580535     
  0.10999999999999999        2.2633333333333333E-003   629.58646980826552     
 
   6.6325435236749400E-002   2.2866666666666664E-003   660.16345554856002     
   6.7663288940969402E-002   2.2866666666666664E-003   649.93237373703687     
   6.9013522802613594E-002   2.2866666666666664E-003   640.16539936542449     
   7.0376098157124103E-002   2.2866666666666664E-003   630.88146712877870     
   7.1750975986538901E-002   2.2866666666666664E-003   622.09978766100744     
   7.3138116920608953E-002   2.2866666666666664E-003   613.83985037802495     
   7.4537481237925807E-002   2.2866666666666664E-003   606.12142636526903     
   7.5949028867058649E-002   2.2866666666666664E-003   598.96457130979218     
   7.7372719387702238E-002   2.2866666666666664E-003   592.38962847782147     
   7.8808512031834088E-002   2.2866666666666664E-003   586.41723173818127     
   8.0256365684881856E-002   2.2866666666666664E-003   581.06830863216237     
   8.1716238886900786E-002   2.2866666666666664E-003   576.36408349041540     
   8.3188089833760956E-002   2.2866666666666664E-003   572.32608059758627     
   8.4671876378344224E-002   2.2866666666666664E-003   568.97612740502188     
   8.6167556031751233E-002   2.2866666666666664E-003   566.33635779251506     
   8.7675085964518090E-002   2.2866666666666664E-003   564.42921537935774     
   8.9194423007842721E-002   2.2866666666666664E-003   563.27745688560401     
   9.0725523654821158E-002   2.2866666666666664E-003   562.90415554402250     
   9.2268344061693347E-002   2.2866666666666664E-003   563.33270456351897     
   9.3822840049098494E-002   2.2866666666666664E-003   564.58682064450409     
   9.5388967103340369E-002   2.2866666666666664E-003   566.69054754716910     
   9.6966680377661818E-002   2.2866666666666664E-003   569.66825971299613     
   9.8555934693529135E-002   2.2866666666666664E-003   573.54466594057817     
  0.10015668454192549        2.2866666666666664E-003   578.34481311616412     
  0.10176888408465444        2.2866666666666664E-003   584.09408999978928     
  0.10339248715565225        2.2866666666666664E-003   590.81823106768900     
  0.10502744726231006        2.2866666666666664E-003   598.54332041177793     
  0.10667371758680515        2.2866666666666664E-003   607.29579569695659     
  0.10833125098744152        2.2866666666666664E-003   617.10245217683860     
  0.10999999999999999        2.2866666666666664E-003   627.99044676900871     
 
   6.6325435236749400E-002   2.3100000000000000E-003   656.97912890905707     
   6.7663288940969402E-002   2.3100000000000000E-003   646.75621720437709     
   6.9013522802613594E-002   2.3100000000000000E-003   637.00084506844962     
   7.0376098157124103E-002   2.3100000000000000E-003   627.73206933899110     
   7.1750975986538901E-002   2.3100000000000000E-003   618.96922511665502     
   7.3138116920608953E-002   2.3100000000000000E-003   610.73192864680504     
   7.4537481237925807E-002   2.3100000000000000E-003   603.04008024615291     
   7.5949028867058649E-002   2.3100000000000000E-003   595.91386727493591     
   7.7372719387702238E-002   2.3100000000000000E-003   589.37376715510356     
   7.8808512031834088E-002   2.3100000000000000E-003   583.44055043514913     
   8.0256365684881856E-002   2.3100000000000000E-003   578.13528390215686     
   8.1716238886900786E-002   2.3100000000000000E-003   573.47933374159379     
   8.3188089833760956E-002   2.3100000000000000E-003   569.49436874565185     
   8.4671876378344224E-002   2.3100000000000000E-003   566.20236357038266     
   8.6167556031751233E-002   2.3100000000000000E-003   563.62560204269323     
   8.7675085964518090E-002   2.3100000000000000E-003   561.78668051745944     
   8.9194423007842721E-002   2.3100000000000000E-003   560.70851128570905     
   9.0725523654821158E-002   2.3100000000000000E-003   560.41432603423391     
   9.2268344061693347E-002   2.3100000000000000E-003   560.92767935755910     
   9.3822840049098494E-002   2.3100000000000000E-003   562.27245232279802     
   9.5388967103340369E-002   2.3100000000000000E-003   564.47285608812160     
   9.6966680377661818E-002   2.3100000000000000E-003   567.55343557555682     
   9.8555934693529135E-002   2.3100000000000000E-003   571.53907319877169     
  0.10015668454192549        2.3100000000000000E-003   576.45499264675504     
  0.10176888408465444        2.3100000000000000E-003   582.32676272377296     
  0.10339248715565225        2.3100000000000000E-003   589.18030124675226     
  0.10502744726231006        2.3100000000000000E-003   597.04187900058969     
  0.10667371758680515        2.3100000000000000E-003   605.93812375222615     
  0.10833125098744152        2.3100000000000000E-003   615.89602432437607     
  0.10999999999999999        2.3100000000000000E-003   626.94293472948993     
 
   6.6325435236749400E-002   2.3333333333333331E-003   654.25929086391716     
   6.7663288940969402E-002   2.3333333333333331E-003   644.05040073465295     
   6.9013522802613594E-002   2.3333333333333331E-003   634.31237719164210     
   7.0376098157124103E-002   2.3333333333333331E-003   625.06439346858667     
   7.1750975986538901E-002   2.3333333333333331E-003   616.32590328954973     
   7.3138116920608953E-002   2.3333333333333331E-003   608.11664378805062     
   7.4537481237925807E-002   2.3333333333333331E-003   600.45663847148319     
   7.5949028867058649E-002   2.3333333333333331E-003   593.36620023194780     
   7.7372719387702238E-002   2.3333333333333331E-003   586.86593440372417     
   7.8808512031834088E-002   2.3333333333333331E-003   580.97674186805784     
   8.0256365684881856E-002   2.3333333333333331E-003   575.71982220596271     
   8.1716238886900786E-002   2.3333333333333331E-003   571.11667689948035     
   8.3188089833760956E-002   2.3333333333333331E-003   567.18911258204889     
   8.4671876378344224E-002   2.3333333333333331E-003   563.95924433881316     
   8.6167556031751233E-002   2.3333333333333331E-003   561.44949905714134     
   8.7675085964518090E-002   2.3333333333333331E-003   559.68261882834838     
   8.9194423007842721E-002   2.3333333333333331E-003   558.68166440106529     
   9.0725523654821158E-002   2.3333333333333331E-003   558.47001868702000     
   9.2268344061693347E-002   2.3333333333333331E-003   559.07139031986515     
   9.3822840049098494E-002   2.3333333333333331E-003   560.50981726781845     
   9.5388967103340369E-002   2.3333333333333331E-003   562.80967050065442     
   9.6966680377661818E-002   2.3333333333333331E-003   565.99565771202128     
   9.8555934693529135E-002   2.3333333333333331E-003   570.09282709756349     
  0.10015668454192549        2.3333333333333331E-003   575.12657118968536     
  0.10176888408465444        2.3333333333333331E-003   581.12263074981161     
  0.10339248715565225        2.3333333333333331E-003   588.10709871871461     
  0.10502744726231006        2.3333333333333331E-003   596.10642422582566     
  0.10667371758680515        2.3333333333333331E-003   605.14741665823249     
  0.10833125098744152        2.3333333333333331E-003   615.25724979031020     
  0.10999999999999999        2.3333333333333331E-003   626.46346597461093     
 
   6.6325435236749400E-002   2.3566666666666666E-003   652.00997828931634     
   6.7663288940969402E-002   2.3566666666666666E-003   641.82122765969234     
   6.9013522802613594E-002   2.3566666666666666E-003   632.10657416274819     
   7.0376098157124103E-002   2.3566666666666666E-003   622.88530186763558     
   7.1750975986538901E-002   2.3566666666666666E-003   614.17697746692352     
   7.3138116920608953E-002   2.3566666666666666E-003   606.00145323142021     
   7.4537481237925807E-002   2.3566666666666666E-003   598.37887001135846     
   7.5949028867058649E-002   2.3566666666666666E-003   591.32966028429450     
   7.7372719387702238E-002   2.3566666666666666E-003   584.87455125057852     
   7.8808512031834088E-002   2.3566666666666666E-003   579.03456797668161     
   8.0256365684881856E-002   2.3566666666666666E-003   573.83103658724428     
   8.1716238886900786E-002   2.3566666666666666E-003   569.28558750635932     
   8.3188089833760956E-002   2.3566666666666666E-003   565.42015874868093     
   8.4671876378344224E-002   2.3566666666666666E-003   562.25699926108496     
   8.6167556031751233E-002   2.3566666666666666E-003   559.81867231539979     
   8.7675085964518090E-002   2.3566666666666666E-003   558.12805895308747     
   8.9194423007842721E-002   2.3566666666666666E-003   557.20836148227124     
   9.0725523654821158E-002   2.3566666666666666E-003   557.08310702800532     
   9.2268344061693347E-002   2.3566666666666666E-003   557.77615113640729     
   9.3822840049098494E-002   2.3566666666666666E-003   559.31168143330854     
   9.5388967103340369E-002   2.3566666666666666E-003   561.71422133823899     
   9.6966680377661818E-002   2.3566666666666666E-003   565.00863383439560     
   9.8555934693529135E-002   2.3566666666666666E-003   569.22012529535607     
  0.10015668454192549        2.3566666666666666E-003   574.37424936936100     
  0.10176888408465444        2.3566666666666666E-003   580.49691092180501     
  0.10339248715565225        2.3566666666666666E-003   587.61437003679771     
  0.10502744726231006        2.3566666666666666E-003   595.75324607859068     
  0.10667371758680515        2.3566666666666666E-003   604.94052181368352     
  0.10833125098744152        2.3566666666666666E-003   615.20354759434440     
  0.10999999999999999        2.3566666666666666E-003   626.57004560445034     
 
   6.6325435236749400E-002   2.3799999999999997E-003   650.23644755972168     
   6.7663288940969402E-002   2.3799999999999997E-003   640.07419933745132     
   6.9013522802613594E-002   2.3799999999999997E-003   630.38919051773541     
   7.0376098157124103E-002   2.3799999999999997E-003   621.20081062352267     
   7.1750975986538901E-002   2.3799999999999997E-003   612.52873384180532     
   7.3138116920608953E-002   2.3799999999999997E-003   604.39292201302726     
   7.4537481237925807E-002   2.3799999999999997E-003   596.81362766745497     
   7.5949028867058649E-002   2.3799999999999997E-003   589.81139710903722     
   7.7372719387702238E-002   2.3799999999999997E-003   583.40707354724532     
   7.8808512031834088E-002   2.3799999999999997E-003   577.62180027773388     
   8.0256365684881856E-002   2.3799999999999997E-003   572.47702391213033     
   8.1716238886900786E-002   2.3799999999999997E-003   567.99449765793008     
   8.3188089833760956E-002   2.3799999999999997E-003   564.19628464876041     
   8.4671876378344224E-002   2.3799999999999997E-003   561.10476132604765     
   8.6167556031751233E-002   2.3799999999999997E-003   558.74262087234513     
   8.7675085964518090E-002   2.3799999999999997E-003   557.13287669743556     
   8.9194423007842721E-002   2.3799999999999997E-003   556.29886597747634     
   9.0725523654821158E-002   2.3799999999999997E-003   556.26425324813022     
   9.2268344061693347E-002   2.3799999999999997E-003   557.05303405235315     
   9.3822840049098494E-002   2.3799999999999997E-003   558.68953864347611     
   9.5388967103340369E-002   2.3799999999999997E-003   561.19843574441086     
   9.6966680377661818E-002   2.3799999999999997E-003   564.60473636362565     
   9.8555934693529135E-002   2.3799999999999997E-003   568.93379766873284     
  0.10015668454192549        2.3799999999999997E-003   574.21132691842263     
  0.10176888408465444        2.3799999999999997E-003   580.46338545347498     
  0.10339248715565225        2.3799999999999997E-003   587.71639274775589     
  0.10502744726231006        2.3799999999999997E-003   595.99713051987544     
  0.10667371758680515        2.3799999999999997E-003   605.33274690643145     
  0.10833125098744152        2.3799999999999997E-003   615.75076069763043     
  0.10999999999999999        2.3799999999999997E-003   627.27906563613419     
 
   6.6325435236749400E-002   2.4033333333333333E-003   648.94315348505643     
   6.7663288940969402E-002   2.4033333333333333E-003   638.81399300352257     
   6.9013522802613594E-002   2.4033333333333333E-003   629.16513362889407     
   7.0376098157124103E-002   2.4033333333333333E-003   620.01606512709429     
   7.1750975986538901E-002   2.4033333333333333E-003   611.38656387825517     
   7.3138116920608953E-002   2.4033333333333333E-003   603.29669589949594     
   7.4537481237925807E-002   2.4033333333333333E-003   595.76681991516523     
   7.5949028867058649E-002   2.4033333333333333E-003   588.81759047514595     
   7.7372719387702238E-002   2.4033333333333333E-003   582.46996112201384     
   7.8808512031834088E-002   2.4033333333333333E-003   576.74518760728665     
   8.0256365684881856E-002   2.4033333333333333E-003   571.66483115783888     
   8.1716238886900786E-002   2.4033333333333333E-003   567.25076179271059     
   8.3188089833760956E-002   2.4033333333333333E-003   563.52516169128660     
   8.4671876378344224E-002   2.4033333333333333E-003   560.51052861328355     
   8.6167556031751233E-002   2.4033333333333333E-003   558.22967937137946     
   8.7675085964518090E-002   2.4033333333333333E-003   556.70575335694991     
   8.9194423007842721E-002   2.4033333333333333E-003   555.96221611994872     
   9.0725523654821158E-002   2.4033333333333333E-003   556.02286300326818     
   9.2268344061693347E-002   2.4033333333333333E-003   556.91182283250089     
   9.3822840049098494E-002   2.4033333333333333E-003   558.65356166194135     
   9.5388967103340369E-002   2.4033333333333333E-003   561.27288657716633     
   9.6966680377661818E-002   2.4033333333333333E-003   564.79494955549592     
   9.8555934693529135E-002   2.4033333333333333E-003   569.24525138457875     
  0.10015668454192549        2.4033333333333333E-003   574.64964564035779     
  0.10176888408465444        2.4033333333333333E-003   581.03434272472714     
  0.10339248715565225        2.4033333333333333E-003   588.42591396417117     
  0.10502744726231006        2.4033333333333333E-003   596.85129576982195     
  0.10667371758680515        2.4033333333333333E-003   606.33779385999719     
  0.10833125098744152        2.4033333333333333E-003   616.91308754598310     
  0.10999999999999999        2.4033333333333333E-003   628.60523408191511     
 
   6.6325435236749400E-002   2.4266666666666664E-003   648.13373342717728     
   6.7663288940969402E-002   2.4266666666666664E-003   638.04444501511557     
   6.9013522802613594E-002   2.4266666666666664E-003   628.43844604571279     
   7.0376098157124103E-002   2.4266666666666664E-003   619.33532147905544     
   7.1750975986538901E-002   2.4266666666666664E-003   610.75494475110327     
   7.3138116920608953E-002   2.4266666666666664E-003   602.71748082848876     
   7.4537481237925807E-002   2.4266666666666664E-003   595.24338931133286     
   7.5949028867058649E-002   2.4266666666666664E-003   588.35342758479771     
   7.7372719387702238E-002   2.4266666666666664E-003   582.06865401990888     
   7.8808512031834088E-002   2.4266666666666664E-003   576.41043122430563     
   8.0256365684881856E-002   2.4266666666666664E-003   571.40042934362589     
   8.1716238886900786E-002   2.4266666666666664E-003   567.06062941399841     
   8.3188089833760956E-002   2.4266666666666664E-003   563.41332676652860     
   8.4671876378344224E-002   2.4266666666666664E-003   560.48113448428740     
   8.6167556031751233E-002   2.4266666666666664E-003   558.28698691246120     
   8.7675085964518090E-002   2.4266666666666664E-003   556.85414322255747     
   8.9194423007842721E-002   2.4266666666666664E-003   556.20619103117849     
   9.0725523654821158E-002   2.4266666666666664E-003   556.36705007411808     
   9.2268344061693347E-002   2.4266666666666664E-003   557.36097593659758     
   9.3822840049098494E-002   2.4266666666666664E-003   559.21256384030767     
   9.5388967103340369E-002   2.4266666666666664E-003   561.94675248800445     
   9.6966680377661818E-002   2.4266666666666664E-003   565.58882796649925     
   9.8555934693529135E-002   2.4266666666666664E-003   570.16442770876222     
  0.10015668454192549        2.4266666666666664E-003   575.69954451590547     
  0.10176888408465444        2.4266666666666664E-003   582.22053063999692     
  0.10339248715565225        2.4266666666666664E-003   589.75410192834715     
  0.10502744726231006        2.4266666666666664E-003   598.32734203021653     
  0.10667371758680515        2.4266666666666664E-003   607.96770666675013     
  0.10833125098744152        2.4266666666666664E-003   618.70302796505598     
  0.10999999999999999        2.4266666666666664E-003   630.56151885720044     
 
   6.6325435236749400E-002   2.4499999999999999E-003   647.81099653239221     
   6.7663288940969402E-002   2.4499999999999999E-003   637.76853942124524     
   6.9013522802613594E-002   2.4499999999999999E-003   628.21229337850434     
   7.0376098157124103E-002   2.4499999999999999E-003   619.16193366245182     
   7.1750975986538901E-002   2.4499999999999999E-003   610.63742578223741     
   7.3138116920608953E-002   2.4499999999999999E-003   602.65902858324353     
   7.4537481237925807E-002   2.4499999999999999E-003   595.24729738135466     
   7.5949028867058649E-002   2.4499999999999999E-003   588.42308714619060     
   7.7372719387702238E-002   2.4499999999999999E-003   582.20755573448446     
   7.8808512031834088E-002   2.4499999999999999E-003   576.62216717378169     
   8.0256365684881856E-002   2.4499999999999999E-003   571.68869499747518     
   8.1716238886900786E-002   2.4499999999999999E-003   567.42922563154468     
   8.3188089833760956E-002   2.4499999999999999E-003   563.86616183389481     
   8.4671876378344224E-002   2.4499999999999999E-003   561.02222618681503     
   8.6167556031751233E-002   2.4499999999999999E-003   558.92046464330986     
   8.7675085964518090E-002   2.4499999999999999E-003   557.58425012808914     
   8.9194423007842721E-002   2.4499999999999999E-003   557.03728619376159     
   9.0725523654821158E-002   2.4499999999999999E-003   557.30361073311269     
   9.2268344061693347E-002   2.4499999999999999E-003   558.40759974812988     
   9.3822840049098494E-002   2.4499999999999999E-003   560.37397117663625     
   9.5388967103340369E-002   2.4499999999999999E-003   563.22778877701410     
   9.6966680377661818E-002   2.4499999999999999E-003   566.99446607225389     
   9.8555934693529135E-002   2.4499999999999999E-003   571.69977035368595     
  0.10015668454192549        2.4499999999999999E-003   577.36982674550165     
  0.10176888408465444        2.4499999999999999E-003   584.03112233064871     
  0.10339248715565225        2.4499999999999999E-003   591.71051033923516     
  0.10502744726231006        2.4499999999999999E-003   600.43521439990604     
  0.10667371758680515        2.4499999999999999E-003   610.23283285538446     
  0.10833125098744152        2.4499999999999999E-003   621.13134314300305     
  0.10999999999999999        2.4499999999999999E-003   633.15910624082767     
 
   6.6325435236749400E-002   2.4733333333333335E-003   647.97691797528523     
   6.7663288940969402E-002   2.4733333333333335E-003   637.98840174859038     
   6.9013522802613594E-002   2.4733333333333335E-003   628.48895760876280     
   7.0376098157124103E-002   2.4733333333333335E-003   619.49834635969785     
   7.1750975986538901E-002   2.4733333333333335E-003   611.03662074597867     
   7.3138116920608953E-002   2.4733333333333335E-003   603.12412856779372     
   7.4537481237925807E-002   2.4733333333333335E-003   595.78151584497493     
   7.5949028867058649E-002   2.4733333333333335E-003   589.02973003094382     
   7.7372719387702238E-002   2.4733333333333335E-003   582.89002327703281     
   7.8808512031834088E-002   2.4733333333333335E-003   577.38395574795788     
   8.0256365684881856E-002   2.4733333333333335E-003   572.53339898898707     
   8.1716238886900786E-002   2.4733333333333335E-003   568.36053934554604     
   8.3188089833760956E-002   2.4733333333333335E-003   564.88788143599322     
   8.4671876378344224E-002   2.4733333333333335E-003   562.13825167805214     
   8.6167556031751233E-002   2.4733333333333335E-003   560.13480186986624     
   8.7675085964518090E-002   2.4733333333333335E-003   558.90101282618843     
   8.9194423007842721E-002   2.4733333333333335E-003   558.46069807058325     
   9.0725523654821158E-002   2.4733333333333335E-003   558.83800758421546     
   9.2268344061693347E-002   2.4733333333333335E-003   560.05743161214355     
   9.3822840049098494E-002   2.4733333333333335E-003   562.14380452779392     
   9.5388967103340369E-002   2.4733333333333335E-003   565.12230875640319     
   9.6966680377661818E-002   2.4733333333333335E-003   569.01847875824728     
   9.8555934693529135E-002   2.4733333333333335E-003   573.85820507243488     
  0.10015668454192549        2.4733333333333335E-003   579.66773842211012     
  0.10176888408465444        2.4733333333333335E-003   586.47369388186053     
  0.10339248715565225        2.4733333333333335E-003   594.30305510824121     
  0.10502744726231006        2.4733333333333335E-003   603.18317863420657     
  0.10667371758680515        2.4733333333333335E-003   613.14179822837764     
  0.10833125098744152        2.4733333333333335E-003   624.20702931994219     
  0.10999999999999999        2.4733333333333335E-003   636.40737349033952     
 
   6.6325435236749400E-002   2.4966666666666666E-003   648.63263806936607     
   6.7663288940969402E-002   2.4966666666666666E-003   638.70529785216922     
   6.9013522802613594E-002   2.4966666666666666E-003   629.26983566843774     
   7.0376098157124103E-002   2.4966666666666666E-003   620.34609324864766     
   7.1750975986538901E-002   2.4966666666666666E-003   611.95420587034141     
   7.3138116920608953E-002   2.4966666666666666E-003   604.11460550112224     
   7.4537481237925807E-002   2.4966666666666666E-003   596.84802399141267     
   7.5949028867058649E-002   2.4966666666666666E-003   590.17549631756515     
   7.7372719387702238E-002   2.4966666666666666E-003   584.11836387597805     
   7.8808512031834088E-002   2.4966666666666666E-003   578.69827782878599     
   8.0256365684881856E-002   2.4966666666666666E-003   573.93720250194372     
   8.1716238886900786E-002   2.4966666666666666E-003   569.85741883622291     
   8.3188089833760956E-002   2.4966666666666666E-003   566.48152789192773     
   8.4671876378344224E-002   2.4966666666666666E-003   563.83245440800340     
   8.6167556031751233E-002   2.4966666666666666E-003   561.93345041617238     
   8.7675085964518090E-002   2.4966666666666666E-003   560.80809891095123     
   8.9194423007842721E-002   2.4966666666666666E-003   560.48031757618639     
   9.0725523654821158E-002   2.4966666666666666E-003   560.97436256894264     
   9.2268344061693347E-002   2.4966666666666666E-003   562.31483236137456     
   9.3822840049098494E-002   2.4966666666666666E-003   564.52667164156026     
   9.5388967103340369E-002   2.4966666666666666E-003   567.63517527384727     
   9.6966680377661818E-002   2.4966666666666666E-003   571.66599231978887     
   9.8555934693529135E-002   2.4966666666666666E-003   576.64513012019495     
  0.10015668454192549        2.4966666666666666E-003   582.59895843933896     
  0.10176888408465444        2.4966666666666666E-003   589.55421367212455     
  0.10339248715565225        2.4966666666666666E-003   597.53800311500117     
  0.10502744726231006        2.4966666666666666E-003   606.57780930158117     
  0.10667371758680515        2.4966666666666666E-003   616.70149440377236     
  0.10833125098744152        2.4966666666666666E-003   627.93730469943205     
  0.10999999999999999        2.4966666666666666E-003   640.31387510734839     
 
   6.6325435236749400E-002   2.5199999999999997E-003   649.77846606520336     
   6.7663288940969402E-002   2.5199999999999997E-003   639.91963764311799     
   6.9013522802613594E-002   2.5199999999999997E-003   630.55544309163838     
   7.0376098157124103E-002   2.5199999999999997E-003   621.70580057270661     
   7.1750975986538901E-002   2.5199999999999997E-003   613.39092331954203     
   7.3138116920608953E-002   2.5199999999999997E-003   605.63132280658249     
   7.4537481237925807E-002   2.5199999999999997E-003   598.44781196961537     
   7.5949028867058649E-002   2.5199999999999997E-003   591.86150847677982     
   7.7372719387702238E-002   2.5199999999999997E-003   585.89383805111345     
   7.8808512031834088E-002   2.5199999999999997E-003   580.56653784513446     
   8.0256365684881856E-002   2.5199999999999997E-003   575.90165986842908     
   8.1716238886900786E-002   2.5199999999999997E-003   571.92157446863973     
   8.3188089833760956E-002   2.5199999999999997E-003   568.64897386679797     
   8.4671876378344224E-002   2.5199999999999997E-003   566.10687574747817     
   8.6167556031751233E-002   2.5199999999999997E-003   564.31862690468722     
   8.7675085964518090E-002   2.5199999999999997E-003   563.30790694416964     
   8.9194423007842721E-002   2.5199999999999997E-003   563.09873204276857     
   9.0725523654821158E-002   2.5199999999999997E-003   563.71545876579796     
   9.2268344061693347E-002   2.5199999999999997E-003   565.18278794305547     
   9.3822840049098494E-002   2.5199999999999997E-003   567.52576860424995     
   9.5388967103340369E-002   2.5199999999999997E-003   570.76980197481521     
   9.6966680377661818E-002   2.5199999999999997E-003   574.94064553272506     
   9.8555934693529135E-002   2.5199999999999997E-003   580.06441712720289     
  0.10015668454192549        2.5199999999999997E-003   586.16759916028855     
  0.10176888408465444        2.5199999999999997E-003   593.27704283190474     
  0.10339248715565225        2.5199999999999997E-003   601.41997244952051     
  0.10502744726231006        2.5199999999999997E-003   610.62398980305568     
  0.10667371758680515        2.5199999999999997E-003   620.91707860615975     
  0.10833125098744152        2.5199999999999997E-003   632.32760900468963     
  0.10999999999999999        2.5199999999999997E-003   644.88434215319580     
 
   6.6325435236749400E-002   2.5433333333333332E-003   651.41388842461072     
   6.7663288940969402E-002   2.5433333333333332E-003   641.63098347246489     
   6.9013522802613594E-002   2.5433333333333332E-003   632.34542250805578     
   7.0376098157124103E-002   2.5433333333333332E-003   623.57719574367377     
   7.1750975986538901E-002   2.5433333333333332E-003   615.34658990637445     
   7.3138116920608953E-002   2.5433333333333332E-003   607.67419143362906     
   7.4537481237925807E-002   2.5433333333333332E-003   600.58088971954589     
   7.5949028867058649E-002   2.5433333333333332E-003   594.08788041242951     
   7.7372719387702238E-002   2.5433333333333332E-003   588.21666876443044     
   7.8808512031834088E-002   2.5433333333333332E-003   582.98907303375790     
   8.0256365684881856E-002   2.5433333333333332E-003   578.42722794027202     
   8.1716238886900786E-002   2.5433333333333332E-003   574.55358817523768     
   8.3188089833760956E-002   2.5433333333333332E-003   571.39093196561453     
   8.4671876378344224E-002   2.5433333333333332E-003   568.96236469406745     
   8.6167556031751233E-002   2.5433333333333332E-003   567.29132257502965     
   8.7675085964518090E-002   2.5433333333333332E-003   566.40157638775554     
   8.9194423007842721E-002   2.5433333333333332E-003   566.31723526712381     
   9.0725523654821158E-002   2.5433333333333332E-003   567.06275055287108     
   9.2268344061693347E-002   2.5433333333333332E-003   568.66291969815836     
   9.3822840049098494E-002   2.5433333333333332E-003   571.14289023812739     
   9.5388967103340369E-002   2.5433333333333332E-003   574.52816381943046     
   9.6966680377661818E-002   2.5433333333333332E-003   578.84460029130582     
   9.8555934693529135E-002   2.5433333333333332E-003   584.11842185942203     
  0.10015668454192549        2.5433333333333332E-003   590.37621730290380     
  0.10176888408465444        2.5433333333333332E-003   597.64494625571660     
  0.10339248715565225        2.5433333333333332E-003   605.95194355321928     
  0.10502744726231006        2.5433333333333332E-003   615.32492364474081     
  0.10667371758680515        2.5433333333333332E-003   625.79198507304272     
  0.10833125098744152        2.5433333333333332E-003   637.38161502176035     
  0.10999999999999999        2.5433333333333332E-003   650.12269393168458     
 
   6.6325435236749400E-002   2.5666666666666667E-003   653.53758133121426     
   6.7663288940969402E-002   2.5666666666666667E-003   643.83806292081545     
   6.9013522802613594E-002   2.5666666666666667E-003   634.63855671669421     
   7.0376098157124103E-002   2.5666666666666667E-003   625.95912070473548     
   7.1750975986538901E-002   2.5666666666666667E-003   617.82011074972809     
   7.3138116920608953E-002   2.5666666666666667E-003   610.24218381538208     
   7.4537481237925807E-002   2.5666666666666667E-003   603.24630123528016     
   7.5949028867058649E-002   2.5666666666666667E-003   596.85373203588563     
   7.7372719387702238E-002   2.5666666666666667E-003   591.08605631178534     
   7.8808512031834088E-002   2.5666666666666667E-003   585.96516865431090     
   8.0256365684881856E-002   2.5666666666666667E-003   581.51328163377400     
   8.1716238886900786E-002   2.5666666666666667E-003   577.75292933647074     
   8.3188089833760956E-002   2.5666666666666667E-003   574.70697095677110     
   8.4671876378344224E-002   2.5666666666666667E-003   572.39859444529009     
   8.6167556031751233E-002   2.5666666666666667E-003   570.85132021381548     
   8.7675085964518090E-002   2.5666666666666667E-003   570.08900489759981     
   8.9194423007842721E-002   2.5666666666666667E-003   570.13584517610502     
   9.0725523654821158E-002   2.5666666666666667E-003   571.01638165256611     
   9.2268344061693347E-002   2.5666666666666667E-003   572.75550279355491     
   9.3822840049098494E-002   2.5666666666666667E-003   575.37844892908242     
   9.5388967103340369E-002   2.5666666666666667E-003   578.91081631420036     
   9.6966680377661818E-002   2.5666666666666667E-003   583.37856125289807     
   9.8555934693529135E-002   2.5666666666666667E-003   588.80800428510315     
  0.10015668454192549        2.5666666666666667E-003   595.22583443774386     
  0.10176888408465444        2.5666666666666667E-003   602.65911354063019     
  0.10339248715565225        2.5666666666666667E-003   611.13528060822216     
  0.10502744726231006        2.5666666666666667E-003   620.68215628795838     
  0.10667371758680515        2.5666666666666667E-003   631.32794737627387     
  0.10833125098744152        2.5666666666666667E-003   643.10125140316495     
  0.10999999999999999        2.5666666666666667E-003   656.03106128625541     
 
   6.6325435236749400E-002   2.5899999999999999E-003   656.14742717308161     
   6.7663288940969402E-002   2.5899999999999999E-003   646.53878571831513     
   6.9013522802613594E-002   2.5899999999999999E-003   637.43278605267608     
   7.0376098157124103E-002   2.5899999999999999E-003   628.84954975402911     
   7.1750975986538901E-002   2.5899999999999999E-003   620.80949756507607     
   7.3138116920608953E-002   2.5899999999999999E-003   613.33335263629181     
   7.4537481237925807E-002   2.5899999999999999E-003   606.44214382064320     
   7.5949028867058649E-002   2.5899999999999999E-003   600.15720902044950     
   7.7372719387702238E-002   2.5899999999999999E-003   594.50019858721942     
   7.8808512031834088E-002   2.5899999999999999E-003   589.49307877507511     
   8.0256365684881856E-002   2.5899999999999999E-003   585.15813524843077     
   8.1716238886900786E-002   2.5899999999999999E-003   581.51797664485116     
   8.3188089833760956E-002   2.5899999999999999E-003   578.59553819346502     
   8.4671876378344224E-002   2.5899999999999999E-003   576.41408539000406     
   8.6167556031751233E-002   2.5899999999999999E-003   574.99721772901864     
   8.7675085964518090E-002   2.5899999999999999E-003   574.36887249408562     
   8.9194423007842721E-002   2.5899999999999999E-003   574.55332860680960     
   9.0725523654821158E-002   2.5899999999999999E-003   575.57521053538323     
   9.2268344061693347E-002   2.5899999999999999E-003   577.45949226348762     
   9.3822840049098494E-002   2.5899999999999999E-003   580.23150132041985     
   9.5388967103340369E-002   2.5899999999999999E-003   583.91692287320791     
   9.6966680377661818E-002   2.5899999999999999E-003   588.54180388152520     
   9.8555934693529135E-002   2.5899999999999999E-003   594.13255731649667     
  0.10015668454192549        2.5899999999999999E-003   600.71596644386284     
  0.10176888408465444        2.5899999999999999E-003   608.31918917283394     
  0.10339248715565225        2.5899999999999999E-003   616.96976247116424     
  0.10502744726231006        2.5899999999999999E-003   626.69560684765304     
  0.10667371758680515        2.5899999999999999E-003   637.52503090284767     
  0.10833125098744152        2.5899999999999999E-003   649.48673594892148     
  0.10999999999999999        2.5899999999999999E-003   662.60982069967338     
 
   6.6325435236749400E-002   2.6133333333333334E-003   659.24053471297839     
   6.7663288940969402E-002   2.6133333333333334E-003   649.73026449775909     
   6.9013522802613594E-002   2.6133333333333334E-003   640.72522973729906     
   7.0376098157124103E-002   2.6133333333333334E-003   632.24561150589932     
   7.1750975986538901E-002   2.6133333333333334E-003   624.31189125132823     
   7.3138116920608953E-002   2.6133333333333334E-003   616.94485405968851     
   7.4537481237925807E-002   2.6133333333333334E-003   610.16559197247614     
   7.5949028867058649E-002   2.6133333333333334E-003   603.99550735613434     
   7.7372719387702238E-002   2.6133333333333334E-003   598.45631632505558     
   7.8808512031834088E-002   2.6133333333333334E-003   593.57005221858878     
   8.0256365684881856E-002   2.6133333333333334E-003   589.35906913283338     
   8.1716238886900786E-002   2.6133333333333334E-003   585.84604550784491     
   8.3188089833760956E-002   2.6133333333333334E-003   583.05398777117318     
   8.4671876378344224E-002   2.6133333333333334E-003   581.00623403816962     
   8.6167556031751233E-002   2.6133333333333334E-003   579.72645787022475     
   8.7675085964518090E-002   2.6133333333333334E-003   579.23867209125865     
   8.9194423007842721E-002   2.6133333333333334E-003   579.56723266369306     
   9.0725523654821158E-002   2.6133333333333334E-003   580.73684262430129     
   9.2268344061693347E-002   2.6133333333333334E-003   582.77255608106657     
   9.3822840049098494E-002   2.6133333333333334E-003   585.69978227170168     
   9.5388967103340369E-002   2.6133333333333334E-003   589.54428968466016     
   9.6966680377661818E-002   2.6133333333333334E-003   594.33221024361865     
   9.8555934693529135E-002   2.6133333333333334E-003   600.09004355620277     
  0.10015668454192549        2.6133333333333334E-003   606.84466122783135     
  0.10176888408465444        2.6133333333333334E-003   614.62331124165348     
  0.10339248715565225        2.6133333333333334E-003   623.45362240541510     
  0.10502744726231006        2.6133333333333334E-003   633.36360886624436     
  0.10667371758680515        2.6133333333333334E-003   644.38167469423513     
  0.10833125098744152        2.6133333333333334E-003   656.53661853592689     
  0.10999999999999999        2.6133333333333334E-003   669.85763833843782     
 
   6.6325435236749400E-002   2.6366666666666665E-003   662.81326264420863     
   6.7663288940969402E-002   2.6366666666666665E-003   653.40883906640136     
   6.9013522802613594E-002   2.6366666666666665E-003   644.51221088361865     
   7.0376098157124103E-002   2.6366666666666665E-003   636.14361464825868     
   7.1750975986538901E-002   2.6366666666666665E-003   628.32358841871633     
   7.3138116920608953E-002   2.6366666666666665E-003   621.07297504496569     
   7.4537481237925807E-002   2.6366666666666665E-003   614.41292550659159     
   7.5949028867058649E-002   2.6366666666666665E-003   608.36490230390893     
   7.7372719387702238E-002   2.6366666666666665E-003   602.95068290270660     
   7.8808512031834088E-002   2.6366666666666665E-003   598.19236323368659     
   8.0256365684881856E-002   2.6366666666666665E-003   594.11236124679567     
   8.1716238886900786E-002   2.6366666666666665E-003   590.73342052174053     
   8.3188089833760956E-002   2.6366666666666665E-003   588.07861393495068     
   8.4671876378344224E-002   2.6366666666666665E-003   586.17134738402979     
   8.6167556031751233E-002   2.6366666666666665E-003   585.03536357033090     
   8.7675085964518090E-002   2.6366666666666665E-003   584.69474584053262     
   8.9194423007842721E-002   2.6366666666666665E-003   585.17392208787078     
   9.0725523654821158E-002   2.6366666666666665E-003   586.49766871399345     
   9.2268344061693347E-002   2.6366666666666665E-003   588.69111465210619     
   9.3822840049098494E-002   2.6366666666666665E-003   591.77974545236054     
   9.5388967103340369E-002   2.6366666666666665E-003   595.78940743028124     
   9.6966680377661818E-002   2.6366666666666665E-003   600.74631187912382     
   9.8555934693529135E-002   2.6366666666666665E-003   606.67703934692520     
  0.10015668454192549        2.6366666666666665E-003   613.60854397935941     
  0.10176888408465444        2.6366666666666665E-003   621.56815792913244     
  0.10339248715565225        2.6366666666666665E-003   630.58359583285642     
  0.10502744726231006        2.6366666666666665E-003   640.68295935644642     
  0.10667371758680515        2.6366666666666665E-003   651.89474180986974     
  0.10833125098744152        2.6366666666666665E-003   664.24783283229328     
  0.10999999999999999        2.6366666666666665E-003   677.77152314868215     
 
   6.6325435236749400E-002   2.6600000000000000E-003   666.86124621693648     
   6.7663288940969402E-002   2.6600000000000000E-003   657.57010386813522     
   6.9013522802613594E-002   2.6600000000000000E-003   648.78928481550167     
   7.0376098157124103E-002   2.6600000000000000E-003   640.53907714027196     
   7.1750975986538901E-002   2.6600000000000000E-003   632.84007148706792     
   7.3138116920608953E-002   2.6600000000000000E-003   625.71316436894597     
   7.4537481237925807E-002   2.6600000000000000E-003   619.17956152516797     
   7.5949028867058649E-002   2.6600000000000000E-003   613.26078133258113     
   7.7372719387702238E-002   2.6600000000000000E-003   607.97865827096916     
   7.8808512031834088E-002   2.6600000000000000E-003   603.35534644338827     
   8.0256365684881856E-002   2.6600000000000000E-003   599.41332315195802     
   8.1716238886900786E-002   2.6600000000000000E-003   596.17539253012239     
   8.3188089833760956E-002   2.6600000000000000E-003   593.66468923183595     
   8.4671876378344224E-002   2.6600000000000000E-003   591.90468217863076     
   8.6167556031751233E-002   2.6600000000000000E-003   590.91917836529774     
   8.7675085964518090E-002   2.6600000000000000E-003   590.73232672485881     
   8.9194423007842721E-002   2.6600000000000000E-003   591.36862205385103     
   9.0725523654821158E-002   2.6600000000000000E-003   592.85290899850338     
   9.2268344061693347E-002   2.6600000000000000E-003   595.21038610275662     
   9.3822840049098494E-002   2.6600000000000000E-003   598.46660991900353     
   9.5388967103340369E-002   2.6600000000000000E-003   602.64749918232985     
   9.6966680377661818E-002   2.6600000000000000E-003   607.77933904907547     
   9.8555934693529135E-002   2.6600000000000000E-003   613.88878540082555     
  0.10015668454192549        2.6600000000000000E-003   621.00286921442148     
  0.10176888408465444        2.6600000000000000E-003   629.14900099925148     
  0.10339248715565225        2.6600000000000000E-003   638.35497530241810     
  0.10502744726231006        2.6600000000000000E-003   648.64897528305823     
  0.10667371758680515        2.6600000000000000E-003   660.05957735641312     
  0.10833125098744152        2.6600000000000000E-003   672.61575590903340     
  0.10999999999999999        2.6600000000000000E-003   686.34688808584042     
 
   6.6325435236749400E-002   2.6833333333333331E-003   671.37942661037380     
   6.7663288940969402E-002   2.6833333333333331E-003   662.20893829775252     
   6.9013522802613594E-002   2.6833333333333331E-003   653.55127034813574     
   7.0376098157124103E-002   2.6833333333333331E-003   645.42675848370106     
   7.1750975986538901E-002   2.6833333333333331E-003   637.85604197308783     
   7.3138116920608953E-002   2.6833333333333331E-003   630.86006695471974     
   7.4537481237925807E-002   2.6833333333333331E-003   624.46008981323200     
   7.5949028867058649E-002   2.6833333333333331E-003   618.67768060968615     
   7.7372719387702238E-002   2.6833333333333331E-003   613.53472656628935     
   7.8808512031834088E-002   2.6833333333333331E-003   609.05343560642666     
   8.0256365684881856E-002   2.6833333333333331E-003   605.25633995052829     
   8.1716238886900786E-002   2.6833333333333331E-003   602.16629976872082     
   8.3188089833760956E-002   2.6833333333333331E-003   599.80650689096524     
   8.4671876378344224E-002   2.6833333333333331E-003   598.20048857528820     
   8.6167556031751233E-002   2.6833333333333331E-003   597.37211133512506     
   8.7675085964518090E-002   2.6833333333333331E-003   597.34558482640966     
   8.9194423007842721E-002   2.6833333333333331E-003   598.14546579531623     
   9.0725523654821158E-002   2.6833333333333331E-003   599.79666208733909     
   9.2268344061693347E-002   2.6833333333333331E-003   602.32443671874898     
   9.3822840049098494E-002   2.6833333333333331E-003   605.75441201106059     
   9.5388967103340369E-002   2.6833333333333331E-003   610.11257378954224     
   9.6966680377661818E-002   2.6833333333333331E-003   615.42527564654131     
   9.8555934693529135E-002   2.6833333333333331E-003   621.71924327061129     
  0.10015668454192549        2.6833333333333331E-003   629.02157884228598     
  0.10176888408465444        2.6833333333333331E-003   637.35976549745362     
  0.10339248715565225        2.6833333333333331E-003   646.76167185918109     
  0.10502744726231006        2.6833333333333331E-003   657.25555663921318     
  0.10667371758680515        2.6833333333333331E-003   668.87007330975734     
  0.10833125098744152        2.6833333333333331E-003   681.63427484683257     
  0.10999999999999999        2.6833333333333331E-003   695.57761854608827     
 
   6.6325435236749400E-002   2.7066666666666667E-003   676.36208271961266     
   6.7663288940969402E-002   2.7066666666666667E-003   667.31953952258709     
   6.9013522802613594E-002   2.7066666666666667E-003   658.79228367124085     
   7.0376098157124103E-002   2.7066666666666667E-003   650.80069469479042     
   7.1750975986538901E-002   2.7066666666666667E-003   643.36545657861700     
   7.3138116920608953E-002   2.7066666666666667E-003   636.50756110467137     
   7.4537481237925807E-002   2.7066666666666667E-003   630.24831124519949     
   7.5949028867058649E-002   2.7066666666666667E-003   624.60932461070627     
   7.7372719387702238E-002   2.7066666666666667E-003   619.61253695277014     
   7.8808512031834088E-002   2.7066666666666667E-003   615.28020572236665     
   8.0256365684881856E-002   2.7066666666666667E-003   611.63491368465873     
   8.1716238886900786E-002   2.7066666666666667E-003   608.69957259067712     
   8.3188089833760956E-002   2.7066666666666667E-003   606.49742690694552     
   8.4671876378344224E-002   2.7066666666666667E-003   605.05205760365845     
   8.6167556031751233E-002   2.7066666666666667E-003   604.38738600224485     
   8.7675085964518090E-002   2.7066666666666667E-003   604.52767768313299     
   8.9194423007842721E-002   2.7066666666666667E-003   605.49754645453334     
   9.0725523654821158E-002   2.7066666666666667E-003   607.32195838301197     
   9.2268344061693347E-002   2.7066666666666667E-003   610.02623588678193     
   9.3822840049098494E-002   2.7066666666666667E-003   613.63606189246491     
   9.5388967103340369E-002   2.7066666666666667E-003   618.17748405636507     
   9.6966680377661818E-002   2.7066666666666667E-003   623.67691905098366     
   9.8555934693529135E-002   2.7066666666666667E-003   630.16115691766220     
  0.10015668454192549        2.7066666666666667E-003   637.65736548647101     
  0.10176888408465444        2.7066666666666667E-003   646.19309486412033     
  0.10339248715565225        2.7066666666666667E-003   655.79628199077092     
  0.10502744726231006        2.7066666666666667E-003   666.49525526696164     
  0.10667371758680515        2.7066666666666667E-003   678.31873925143645     
  0.10833125098744152        2.7066666666666667E-003   691.29585943089648     
  0.10999999999999999        2.7066666666666667E-003   705.45614706280207     
 
   6.6325435236749400E-002   2.7299999999999998E-003   681.80286502304000     
   6.7663288940969402E-002   2.7299999999999998E-003   672.89545746396084     
   6.9013522802613594E-002   2.7299999999999998E-003   664.50577447322246     
   7.0376098157124103E-002   2.7299999999999998E-003   656.65423560057468     
   7.1750975986538901E-002   2.7299999999999998E-003   649.36156568907097     
   7.3138116920608953E-002   2.7299999999999998E-003   642.64879823126216     
   7.4537481237925807E-002   2.7299999999999998E-003   636.53727877912308     
   7.5949028867058649E-002   2.7299999999999998E-003   631.04866840855755     
   7.7372719387702238E-002   2.7299999999999998E-003   626.20494723887793     
   7.8808512031834088E-002   2.7299999999999998E-003   622.02841800847034     
   8.0256365684881856E-002   2.7299999999999998E-003   618.54170970684368     
   8.1716238886900786E-002   2.7299999999999998E-003   615.76778126428371     
   8.3188089833760956E-002   2.7299999999999998E-003   613.72992529959322     
   8.4671876378344224E-002   2.7299999999999998E-003   612.45177192676999     
   8.6167556031751233E-002   2.7299999999999998E-003   611.95729262153861     
   8.7675085964518090E-002   2.7299999999999998E-003   612.27080414827390     
   8.9194423007842721E-002   2.7299999999999998E-003   613.41697254850203     
   9.0725523654821158E-002   2.7299999999999998E-003   615.42081719138753     
   9.2268344061693347E-002   2.7299999999999998E-003   618.30771488754635     
   9.3822840049098494E-002   2.7299999999999998E-003   622.10340406654097     
   9.5388967103340369E-002   2.7299999999999998E-003   626.83398901939552     
   9.6966680377661818E-002   2.7299999999999998E-003   632.52594420666469     
   9.8555934693529135E-002   2.7299999999999998E-003   639.20611863318186     
  0.10015668454192549        2.7299999999999998E-003   646.90174029043123     
  0.10176888408465444        2.7299999999999998E-003   655.64042066726415     
  0.10339248715565225        2.7299999999999998E-003   665.45015933017680     
  0.10502744726231006        2.7299999999999998E-003   676.35934857397308     
  0.10667371758680515        2.7299999999999998E-003   688.39677814384288     
  0.10833125098744152        2.7299999999999998E-003   701.59164002987438     
  0.10999999999999999        2.7299999999999998E-003   715.97353333507181     
 
   6.6325435236749400E-002   2.7533333333333333E-003   687.69483119651875     
   6.7663288940969402E-002   2.7533333333333333E-003   678.92963159106853     
   6.9013522802613594E-002   2.7533333333333333E-003   670.68456394529494     
   7.0376098157124103E-002   2.7533333333333333E-003   662.98008408429223     
   7.1750975986538901E-002   2.7533333333333333E-003   655.83695389162528     
   7.3138116920608953E-002   2.7533333333333333E-003   649.27624468040790     
   7.4537481237925807E-002   2.7533333333333333E-003   643.31934061809898     
   7.5949028867058649E-002   2.7533333333333333E-003   637.98794220624802     
   7.7372719387702238E-002   2.7533333333333333E-003   633.30406981566227     
   7.8808512031834088E-002   2.7533333333333333E-003   629.29006727780313     
   8.0256365684881856E-002   2.7533333333333333E-003   625.96860553319016     
   8.1716238886900786E-002   2.7533333333333333E-003   623.36268633744885     
   8.3188089833760956E-002   2.7533333333333333E-003   621.49564602598934     
   8.4671876378344224E-002   2.7533333333333333E-003   620.39115933785035     
   8.6167556031751233E-002   2.7533333333333333E-003   620.07324329968822     
   8.7675085964518090E-002   2.7533333333333333E-003   620.56626117065161     
   8.9194423007842721E-002   2.7533333333333333E-003   621.89492644908228     
   9.0725523654821158E-002   2.7533333333333333E-003   624.08430694158449     
   9.2268344061693347E-002   2.7533333333333333E-003   627.15982889574627     
   9.3822840049098494E-002   2.7533333333333333E-003   631.14728119706331     
   9.5388967103340369E-002   2.7533333333333333E-003   636.07281963100786     
   9.6966680377661818E-002   2.7533333333333333E-003   641.96297121131215     
   9.8555934693529135E-002   2.7533333333333333E-003   648.84463857522348     
  0.10015668454192549        2.7533333333333333E-003   656.74510444656664     
  0.10176888408465444        2.7533333333333333E-003   665.69203616802372     
  0.10339248715565225        2.7533333333333333E-003   675.71349030294959     
  0.10502744726231006        2.7533333333333333E-003   686.83791730823850     
  0.10667371758680515        2.7533333333333333E-003   699.09416627896508     
  0.10833125098744152        2.7533333333333333E-003   712.51148976596960     
  0.10999999999999999        2.7533333333333333E-003   727.11954866723192     
 
   6.6325435236749400E-002   2.7766666666666669E-003   694.03048314349712     
   6.7663288940969402E-002   2.7766666666666669E-003   685.41442918322628     
   6.9013522802613594E-002   2.7766666666666669E-003   677.32088430779993     
   7.0376098157124103E-002   2.7766666666666669E-003   669.77033690797509     
   7.1750975986538901E-002   2.7766666666666669E-003   662.78358212734656     
   7.3138116920608953E-002   2.7766666666666669E-003   656.38172524663764     
   7.4537481237925807E-002   2.7766666666666669E-003   650.58618512249484     
   7.5949028867058649E-002   2.7766666666666669E-003   645.41869768119432     
   7.7372719387702238E-002   2.7766666666666669E-003   640.90131946822089     
   7.8808512031834088E-002   2.7766666666666669E-003   637.05643125424535     
   8.0256365684881856E-002   2.7766666666666669E-003   633.90674169849285     
   8.1716238886900786E-002   2.7766666666666669E-003   631.47529107009336     
   8.3188089833760956E-002   2.7766666666666669E-003   629.78545502819770     
   8.4671876378344224E-002   2.7766666666666669E-003   628.86094846172136     
   8.6167556031751233E-002   2.7766666666666669E-003   628.72582938954326     
   8.7675085964518090E-002   2.7766666666666669E-003   629.40450292188893     
   8.9194423007842721E-002   2.7766666666666669E-003   630.92172528369497     
   9.0725523654821158E-002   2.7766666666666669E-003   633.30260790112277     
   9.2268344061693347E-002   2.7766666666666669E-003   636.57262155156286     
   9.3822840049098494E-002   2.7766666666666669E-003   640.75760057850664     
   9.5388967103340369E-002   2.7766666666666669E-003   645.88374717184161     
   9.6966680377661818E-002   2.7766666666666669E-003   651.97763571470512     
   9.8555934693529135E-002   2.7766666666666669E-003   659.06621719762200     
  0.10015668454192549        2.7766666666666669E-003   667.17682370103751     
  0.10176888408465444        2.7766666666666669E-003   676.33717294716303     
  0.10339248715565225        2.7766666666666669E-003   686.57537292197287     
  0.10502744726231006        2.7766666666666669E-003   697.91992656858019     
  0.10667371758680515        2.7766666666666669E-003   710.39973655277151     
  0.10833125098744152        2.7766666666666669E-003   724.04411010191086     
  0.10999999999999999        2.7766666666666669E-003   738.88276391804254     
 
   6.6325435236749400E-002   2.8000000000000000E-003   700.80180511602589     
   6.7663288940969402E-002   2.8000000000000000E-003   692.34168472284523     
   6.9013522802613594E-002   2.8000000000000000E-003   684.40641950755105     
   7.0376098157124103E-002   2.8000000000000000E-003   677.01652674796208     
   7.1750975986538901E-002   2.8000000000000000E-003   670.19283109841501     
   7.3138116920608953E-002   2.8000000000000000E-003   663.95646798670089     
   7.4537481237925807E-002   2.8000000000000000E-003   658.32888706522397     
   7.5949028867058649E-002   2.8000000000000000E-003   653.33185571777017     
   7.7372719387702238E-002   2.8000000000000000E-003   648.98746262210773     
   7.8808512031834088E-002   2.8000000000000000E-003   645.31812136951612     
   8.0256365684881856E-002   2.8000000000000000E-003   642.34657414171591     
   8.1716238886900786E-002   2.8000000000000000E-003   640.09589544621349     
   8.3188089833760956E-002   2.8000000000000000E-003   638.58949591073338     
   8.4671876378344224E-002   2.8000000000000000E-003   637.85112613747015     
   8.6167556031751233E-002   2.8000000000000000E-003   637.90488061810493     
   8.7675085964518090E-002   2.8000000000000000E-003   638.77520171031972     
   8.9194423007842721E-002   2.8000000000000000E-003   640.48688367677835     
   9.0725523654821158E-002   2.8000000000000000E-003   643.06507678716753     
   9.2268344061693347E-002   2.8000000000000000E-003   646.53529148442817     
   9.3822840049098494E-002   2.8000000000000000E-003   650.92340261599566     
   9.5388967103340369E-002   2.8000000000000000E-003   656.25565373091229     
   9.6966680377661818E-002   2.8000000000000000E-003   662.55866144362801     
   9.8555934693529135E-002   2.8000000000000000E-003   669.85941986573630     
  0.10015668454192549        2.8000000000000000E-003   678.18530510614835     
  0.10176888408465444        2.8000000000000000E-003   687.56407984116061     
  0.10339248715565225        2.8000000000000000E-003   698.02389795493468     
  0.10502744726231006        2.8000000000000000E-003   709.59330925178631     
  0.10667371758680515        2.8000000000000000E-003   722.30126424089576     
  0.10833125098744152        2.8000000000000000E-003   736.17711899498647     
  0.10999999999999999        2.8000000000000000E-003   751.25064008345748     
 
