   6.8077428705258236E-002   2.1538461538461538E-003   593.91658906878047     
   7.1220723408232281E-002   2.1538461538461538E-003   571.37700071479082     
   7.4429404772449650E-002   2.1538461538461538E-003   551.73211249569340     
   7.7702983490304176E-002   2.1538461538461538E-003   535.23778480363217     
   8.1040960357672956E-002   2.1538461538461538E-003   522.15821770583818     
   8.4442826350042507E-002   2.1538461538461538E-003   512.76614038480830     
   8.7908062700132419E-002   2.1538461538461538E-003   507.34300683123274     
   9.1436140977004560E-002   2.1538461538461538E-003   506.17919793707711     
   9.5026523166646296E-002   2.1538461538461538E-003   509.57423014072600     
   9.8678661754014921E-002   2.1538461538461538E-003   517.83697078052808     
  0.10239199980653067        2.1538461538461538E-003   531.28586031755663     
  0.10616597105900641        2.1538461538461538E-003   550.24914159318632     
  0.10999999999999999        2.1538461538461538E-003   575.06509629150901     
  
   6.8077428705258236E-002   2.2076923076923076E-003   579.65148912485870     
   7.1220723408232281E-002   2.2076923076923076E-003   557.08956321599214     
   7.4429404772449650E-002   2.2076923076923076E-003   537.48840396592220     
   7.7702983490304176E-002   2.2076923076923076E-003   521.10923802349339     
   8.1040960357672956E-002   2.2076923076923076E-003   508.22185013239005     
   8.4442826350042507E-002   2.2076923076923076E-003   499.10478018205453     
   8.7908062700132419E-002   2.2076923076923076E-003   494.04552681212056     
   9.1436140977004560E-002   2.2076923076923076E-003   493.34075772826799     
   9.5026523166646296E-002   2.2076923076923076E-003   497.29652689241368     
   9.8678661754014921E-002   2.2076923076923076E-003   506.22849875504261     
  0.10239199980653067        2.2076923076923076E-003   520.46217970251405     
  0.10616597105900641        2.2076923076923076E-003   540.33315689727692     
  0.10999999999999999        2.2076923076923076E-003   566.18734469421224     
  
   6.8077428705258236E-002   2.2615384615384615E-003   567.95826149280788     
   7.1220723408232281E-002   2.2615384615384615E-003   545.44067278813668     
   7.4429404772449650E-002   2.2615384615384615E-003   525.94587462524009     
   7.7702983490304176E-002   2.2615384615384615E-003   509.74001345902661     
   8.1040960357672956E-002   2.2615384615384615E-003   497.09799436807327     
   8.4442826350042507E-002   2.2615384615384615E-003   488.30368508846919     
   8.7908062700132419E-002   2.2615384615384615E-003   483.65012687471261     
   9.1436140977004560E-002   2.2615384615384615E-003   483.43975235526085     
   9.5026523166646296E-002   2.2615384615384615E-003   487.98461055514690     
   9.8678661754014921E-002   2.2615384615384615E-003   497.60659926391179     
  0.10239199980653067        2.2615384615384615E-003   512.63770493219431     
  0.10616597105900641        2.2615384615384615E-003   533.42025028609009     
  0.10999999999999999        2.2615384615384615E-003   560.30714985398890     
  
   6.8077428705258236E-002   2.3153846153846154E-003   558.95586173072002     
   7.1220723408232281E-002   2.3153846153846154E-003   536.55958720822377     
   7.4429404772449650E-002   2.3153846153846154E-003   517.24475936865076     
   7.7702983490304176E-002   2.3153846153846154E-003   501.28202777487968     
   8.1040960357672956E-002   2.3153846153846154E-003   488.95098387009568     
   8.4442826350042507E-002   2.3153846153846154E-003   480.54037135665618     
   8.7908062700132419E-002   2.3153846153846154E-003   476.34830364762240     
   9.1436140977004560E-002   2.3153846153846154E-003   476.68248856625956     
   9.5026523166646296E-002   2.3153846153846154E-003   481.86046047484518     
   9.8678661754014921E-002   2.3153846153846154E-003   492.20982001949568     
  0.10239199980653067        2.3153846153846154E-003   508.06848168380697     
  0.10616597105900641        2.3153846153846154E-003   529.78492934980181     
  0.10999999999999999        2.3153846153846154E-003   557.71848007087374     
  
   6.8077428705258236E-002   2.3692307692307693E-003   552.73816063376330     
   7.1220723408232281E-002   2.3692307692307693E-003   530.54888308535465     
   7.4429404772449650E-002   2.3692307692307693E-003   511.49693954779457     
   7.7702983490304176E-002   2.3692307692307693E-003   495.85709298376105     
   8.1040960357672956E-002   2.3692307692307693E-003   483.91321477328233     
   8.4442826350042507E-002   2.3692307692307693E-003   475.95850079123056     
   8.7908062700132419E-002   2.3692307692307693E-003   472.29569477355130     
   9.1436140977004560E-002   2.3692307692307693E-003   473.23731915458632     
   9.5026523166646296E-002   2.3692307692307693E-003   479.10591356370196     
   9.8678661754014921E-002   2.3692307692307693E-003   490.23428117539549     
  0.10239199980653067        2.3692307692307693E-003   506.96574311327265     
  0.10616597105900641        2.3692307692307693E-003   529.65440111424800     
  0.10999999999999999        2.3692307692307693E-003   558.66540866593016     
  
   6.8077428705258236E-002   2.4230769230769228E-003   549.37181441634107     
   7.1220723408232281E-002   2.4230769230769228E-003   527.48209238513573     
   7.4429404772449650E-002   2.4230769230769228E-003   508.78332836140112     
   7.7702983490304176E-002   2.4230769230769228E-003   493.55403245899822     
   8.1040960357672956E-002   2.4230769230769228E-003   482.08197350550915     
   8.4442826350042507E-002   2.4230769230769228E-003   474.66440016528207     
   8.7908062700132419E-002   2.4230769230769228E-003   471.60826953756595     
   9.1436140977004560E-002   2.4230769230769228E-003   473.23048341758386     
   9.5026523166646296E-002   2.4230769230769228E-003   479.85813241440997     
   9.8678661754014921E-002   2.4230769230769228E-003   491.82874812563335     
  0.10239199980653067        2.4230769230769228E-003   509.49056357516929     
  0.10616597105900641        2.4230769230769228E-003   533.20278212681342     
  0.10999999999999999        2.4230769230769228E-003   563.33585509283557     
  
   6.8077428705258236E-002   2.4769230769230771E-003   548.89512441645263     
   7.1220723408232281E-002   2.4769230769230771E-003   527.40242464683070     
   7.4429404772449650E-002   2.4769230769230771E-003   509.15244541638151     
   7.7702983490304176E-002   2.4769230769230771E-003   494.42709731939800     
   8.1040960357672956E-002   2.4769230769230771E-003   483.51768413414800     
   8.4442826350042507E-002   2.4769230769230771E-003   476.72512833584949     
   8.7908062700132419E-002   2.4769230769230771E-003   474.36020424120272     
   9.1436140977004560E-002   2.4769230769230771E-003   476.74377897655609     
   9.5026523166646296E-002   2.4769230769230771E-003   484.20706146767969     
   9.8678661754014921E-002   2.4769230769230771E-003   497.09185965550330     
  0.10239199980653067        2.4769230769230771E-003   515.75084614844945     
  0.10616597105900641        2.4769230769230771E-003   540.54783252864468     
  0.10999999999999999        2.4769230769230771E-003   571.85805253576893     
  
   6.8077428705258236E-002   2.5307692307692305E-003   551.31785068549084     
   7.1220723408232281E-002   2.5307692307692305E-003   530.32253458700109     
   7.4429404772449650E-002   2.5307692307692305E-003   512.62013491501659     
   7.7702983490304176E-002   2.5307692307692305E-003   498.49563177476904     
   8.1040960357672956E-002   2.5307692307692305E-003   488.24351747139536     
   8.4442826350042507E-002   2.5307692307692305E-003   482.16802576045285     
   8.7908062700132419E-002   2.5307692307692305E-003   480.58336885732575     
   9.1436140977004560E-002   2.5307692307692305E-003   483.81398240018251     
   9.5026523166646296E-002   2.5307692307692305E-003   492.19477856741554     
   9.8678661754014921E-002   2.5307692307692305E-003   506.07140755671116     
  0.10239199980653067        2.5307692307692305E-003   525.80052763931576     
  0.10616597105900641        2.5307692307692305E-003   551.75008400966578     
  0.10999999999999999        2.5307692307692305E-003   584.29959665714796     
  
   6.8077428705258236E-002   2.5846153846153844E-003   556.62190265858328     
   7.1220723408232281E-002   2.5846153846153844E-003   536.22524954726089     
   7.4429404772449650E-002   2.5846153846153844E-003   519.17033231990877     
   7.7702983490304176E-002   2.5846153846153844E-003   505.74488173405013     
   8.1040960357672956E-002   2.5846153846153844E-003   496.24624466589364     
   8.4442826350042507E-002   2.5846153846153844E-003   490.98161645705352     
   8.7908062700132419E-002   2.5846153846153844E-003   490.26828111919139     
   9.1436140977004560E-002   2.5846153846153844E-003   494.43385959288020     
   9.5026523166646296E-002   2.5846153846153844E-003   503.81656626317084     
   9.8678661754014921E-002   2.5846153846153844E-003   518.76547394056138     
  0.10239199980653067        2.5846153846153844E-003   539.64078752251442     
  0.10616597105900641        2.5846153846153844E-003   566.81412655718464     
  0.10999999999999999        2.5846153846153844E-003   600.66881693759842     
  
   6.8077428705258236E-002   2.6384615384615383E-003   564.76279767266840     
   7.1220723408232281E-002   2.6384615384615383E-003   545.06513577734665     
   7.4429404772449650E-002   2.6384615384615383E-003   528.75674564397355     
   7.7702983490304176E-002   2.6384615384615383E-003   516.12779883051576     
   8.1040960357672956E-002   2.6384615384615383E-003   507.47817220740137     
   8.4442826350042507E-002   2.6384615384615383E-003   503.11768277875399     
   8.7908062700132419E-002   2.6384615384615383E-003   503.36633043415293     
   9.1436140977004560E-002   2.6384615384615383E-003   508.55454882781873     
   9.5026523166646296E-002   2.6384615384615383E-003   519.02346458827810     
   9.8678661754014921E-002   2.6384615384615383E-003   535.12516506767270     
  0.10239199980653067        2.6384615384615383E-003   557.22297484629360     
  0.10616597105900641        2.6384615384615383E-003   585.69174121415335     
  0.10999999999999999        2.6384615384615383E-003   620.91812885827107     
  
   6.8077428705258236E-002   2.6923076923076922E-003   575.67175508242167     
   7.1220723408232281E-002   2.6923076923076922E-003   556.77075754363682     
   7.4429404772449650E-002   2.6923076923076922E-003   541.30529042756177     
   7.7702983490304176E-002   2.6923076923076922E-003   529.56766274950837     
   8.1040960357672956E-002   2.6923076923076922E-003   521.85996371953865     
   8.4442826350042507E-002   2.6923076923076922E-003   518.49429944528015     
   8.7908062700132419E-002   2.6923076923076922E-003   519.79303761388496     
   9.1436140977004560E-002   2.6923076923076922E-003   526.08906034973052     
   9.5026523166646296E-002   2.6923076923076922E-003   537.72602545075654     
   9.8678661754014921E-002   2.6923076923076922E-003   555.05863621203275     
  0.10239199980653067        2.6923076923076922E-003   578.45292005174690     
  0.10616597105900641        2.6923076923076922E-003   608.28651616083198     
  0.10999999999999999        2.6923076923076922E-003   644.94897240411558     
  
   6.8077428705258236E-002   2.7461538461538461E-003   589.25828016106493     
   7.1220723408232281E-002   2.7461538461538461E-003   571.24746852151543     
   7.4429404772449650E-002   2.7461538461538461E-003   556.71710194982950     
   7.7702983490304176E-002   2.7461538461538461E-003   545.96132823921744     
   8.1040960357672956E-002   2.7461538461538461E-003   539.28413642277474     
   8.4442826350042507E-002   2.7461538461538461E-003   536.99959480279051     
   8.7908062700132419E-002   2.7461538461538461E-003   539.43209698643022     
   9.1436140977004560E-002   2.7461538461538461E-003   546.91661612385508     
   9.5026523166646296E-002   2.7461538461538461E-003   559.79896755040704     
   9.8678661754014921E-002   2.7461538461538461E-003   578.43608004070461     
  0.10239199980653067        2.7461538461538461E-003   603.19627588855906     
  0.10616597105900641        2.7461538461538461E-003   634.45956003276615     
  0.10999999999999999        2.7461538461538461E-003   672.61791845524351     
  
   6.8077428705258236E-002   2.8000000000000000E-003   605.41308737869417     
   7.1220723408232281E-002   2.8000000000000000E-003   588.38057028543585     
   7.4429404772449650E-002   2.8000000000000000E-003   574.87194358669831     
   7.7702983490304176E-002   2.8000000000000000E-003   565.18289863010932     
   8.1040960357672956E-002   2.8000000000000000E-003   559.61901575745765     
   8.4442826350042507E-002   2.8000000000000000E-003   558.49600315093448     
   8.7908062700132419E-002   2.8000000000000000E-003   562.13994369488034     
   9.1436140977004560E-002   2.8000000000000000E-003   570.88755004779011     
   9.5026523166646296E-002   2.8000000000000000E-003   585.08642812509015     
   9.8678661754014921E-002   2.8000000000000000E-003   605.09534919892189     
  0.10239199980653067        2.8000000000000000E-003   631.28453082749786     
  0.10616597105900641        2.8000000000000000E-003   664.03592683237093     
  0.10999999999999999        2.8000000000000000E-003   703.74352654840300     
  
