   6.8077428705258236E-002   2.1538461538461538E-003   487.35135312077159     
   7.1220723408232281E-002   2.1538461538461538E-003   464.49133184267453     
   7.4429404772449650E-002   2.1538461538461538E-003   444.59739845345825     
   7.7702983490304176E-002   2.1538461538461538E-003   427.92935690306814     
   8.1040960357672956E-002   2.1538461538461538E-003   414.75525666715964     
   8.4442826350042507E-002   2.1538461538461538E-003   405.35156689986331     
   8.7908062700132419E-002   2.1538461538461538E-003   400.00335614370272     
   9.1436140977004560E-002   2.1538461538461538E-003   399.00447771661095     
   9.5026523166646296E-002   2.1538461538461538E-003   402.65776089924896     
   9.8678661754014921E-002   2.1538461538461538E-003   411.27520804930509     
  0.10239199980653067        2.1538461538461538E-003   425.17819777282898     
  0.10616597105900641        2.1538461538461538E-003   444.69769428610084     
  0.10999999999999999        2.1538461538461538E-003   470.17446310499463     
  
   6.8077428705258236E-002   2.2076923076923076E-003   472.12767124859033     
   7.1220723408232281E-002   2.2076923076923076E-003   449.18517183778658     
   7.4429404772449650E-002   2.2076923076923076E-003   429.27176173817520     
   7.7702983490304176E-002   2.2076923076923076E-003   412.65244868066310     
   8.1040960357672956E-002   2.2076923076923076E-003   399.60069388647719     
   8.4442826350042507E-002   2.2076923076923076E-003   390.39859312979945     
   8.7908062700132419E-002   2.2076923076923076E-003   385.33706360969677     
   9.1436140977004560E-002   2.2076923076923076E-003   384.71603675869483     
   9.5026523166646296E-002   2.2076923076923076E-003   388.84465711882331     
   9.8678661754014921E-002   2.2076923076923076E-003   398.04148741966713     
  0.10239199980653067        2.2076923076923076E-003   412.63471999658549     
  0.10616597105900641        2.2076923076923076E-003   432.96239469107422     
  0.10999999999999999        2.2076923076923076E-003   459.37262337885272     
  
   6.8077428705258236E-002   2.2615384615384615E-003   459.38604857532084     
   7.1220723408232281E-002   2.2615384615384615E-003   436.41340249684538     
   7.4429404772449650E-002   2.2615384615384615E-003   416.52757264032635     
   7.7702983490304176E-002   2.2615384615384615E-003   399.99826963485111     
   8.1040960357672956E-002   2.2615384615384615E-003   387.10384752291816     
   8.4442826350042507E-002   2.2615384615384615E-003   378.13149122489301     
   8.7908062700132419E-002   2.2615384615384615E-003   373.37741004747215     
   9.1436140977004560E-002   2.2615384615384615E-003   373.14703737042726     
   9.5026523166646296E-002   2.2615384615384615E-003   377.75523664968671     
   9.8678661754014921E-002   2.2615384615384615E-003   387.52651387876512     
  0.10239199980653067        2.2615384615384615E-003   402.79523665451751     
  0.10616597105900641        2.2615384615384615E-003   423.90585999707451     
  0.10999999999999999        2.2615384615384615E-003   451.21315907796861     
  
   6.8077428705258236E-002   2.3153846153846154E-003   449.25622130507509     
   7.1220723408232281E-002   2.3153846153846154E-003   426.31702853045738     
   7.4429404772449650E-002   2.3153846153846154E-003   406.51786295677186     
   7.7702983490304176E-002   2.3153846153846154E-003   390.13267419134593     
   8.1040960357672956E-002   2.3153846153846154E-003   377.44422834422744     
   8.4442826350042507E-002   2.3153846153846154E-003   368.74430142148708     
   8.7908062700132419E-002   2.3153846153846154E-003   364.33387898188073     
   9.1436140977004560E-002   2.3153846153846154E-003   364.52336219792596     
   9.5026523166646296E-002   2.3153846153846154E-003   369.63278046640892     
   9.8678661754014921E-002   2.3153846153846154E-003   379.99201071763582     
  0.10239199980653067        2.3153846153846154E-003   395.94100357691809     
  0.10616597105900641        2.3153846153846154E-003   417.83001653598546     
  0.10999999999999999        2.3153846153846154E-003   446.01985429649039     
  
   6.8077428705258236E-002   2.3692307692307693E-003   441.84544715990347     
   7.1220723408232281E-002   2.3692307692307693E-003   419.01327566280463     
   7.4429404772449650E-002   2.3692307692307693E-003   399.37053378779598     
   7.7702983490304176E-002   2.3692307692307693E-003   383.19498185579630     
   8.1040960357672956E-002   2.3692307692307693E-003   370.77335413975084     
   8.4442826350042507E-002   2.3692307692307693E-003   362.40155774939876     
   8.7908062700132419E-002   2.3692307692307693E-003   358.38487798559629     
   9.1436140977004560E-002   2.3692307692307693E-003   359.03819031184366     
   9.5026523166646296E-002   2.3692307692307693E-003   364.68617909499972     
   9.8678661754014921E-002   2.3692307692307693E-003   375.66356327162168     
  0.10239199980653067        2.3692307692307693E-003   392.31532910099662     
  0.10616597105900641        2.3692307692307693E-003   414.99697017033895     
  0.10999999999999999        2.3692307692307693E-003   444.07473482241647     
  
   6.8077428705258236E-002   2.4230769230769228E-003   437.23571036141641     
   7.1220723408232281E-002   2.4230769230769228E-003   414.59248859891125     
   7.4429404772449650E-002   2.4230769230769228E-003   395.18492216897783     
   7.7702983490304176E-002   2.4230769230769228E-003   379.29418685578372     
   8.1040960357672956E-002   2.4230769230769228E-003   367.21057533068131     
   8.4442826350042507E-002   2.4230769230769228E-003   359.23370112456905     
   8.7908062700132419E-002   2.4230769230769228E-003   355.67270926454790     
   9.1436140977004560E-002   2.4230769230769228E-003   356.84649372910474     
   9.5026523166646296E-002   2.4230769230769228E-003   363.08392188078489     
   9.8678661754014921E-002   2.4230769230769228E-003   374.72406603999161     
  0.10239199980653067        2.4230769230769228E-003   392.11644236849247     
  0.10616597105900641        2.4230769230769228E-003   415.62125723610154     
  0.10999999999999999        2.4230769230769228E-003   445.60966124903075     
  
   6.8077428705258236E-002   2.4769230769230771E-003   435.48186770723737     
   7.1220723408232281E-002   2.4769230769230771E-003   413.11605929440486     
   7.4429404772449650E-002   2.4769230769230771E-003   394.02949370102760     
   7.7702983490304176E-002   2.4769230769230771E-003   378.50639630415054     
   8.1040960357672956E-002   2.4769230769230771E-003   366.84023880565292     
   8.4442826350042507E-002   2.4769230769230771E-003   359.33394791728915     
   8.7908062700132419E-002   2.4769230769230771E-003   356.30012089449383     
   9.1436140977004560E-002   2.4769230769230771E-003   358.06124807988124     
   9.5026523166646296E-002   2.4769230769230771E-003   364.94994262221900     
   9.8678661754014921E-002   2.4769230769230771E-003   377.30917754197316     
  0.10239199980653067        2.4769230769230771E-003   395.49253031947870     
  0.10616597105900641        2.4769230769230771E-003   419.86443518733881     
  0.10999999999999999        2.4769230769230771E-003   450.80044331389161     
  
   6.8077428705258236E-002   2.5307692307692305E-003   436.61074219921113     
   7.1220723408232281E-002   2.5307692307692305E-003   414.61539205249039     
   7.4429404772449650E-002   2.5307692307692305E-003   395.94066766422355     
   7.7702983490304176E-002   2.5307692307692305E-003   380.87350320947405     
   8.1040960357672956E-002   2.5307692307692305E-003   369.71019600591035     
   8.4442826350042507E-002   2.5307692307692305E-003   362.75661955925267     
   8.7908062700132419E-002   2.5307692307692305E-003   360.32844363226411     
   9.1436140977004560E-002   2.5307692307692305E-003   362.75136150475657     
   9.5026523166646296E-002   2.5307692307692305E-003   370.36132459738269     
   9.8678661754014921E-002   2.5307692307692305E-003   383.50478463748715     
  0.10239199980653067        2.5307692307692305E-003   402.53894355088573     
  0.10616597105900641        2.5307692307692305E-003   427.83201126903958     
  0.10999999999999999        2.5307692307692305E-003   459.76347164709983     
  
   6.8077428705258236E-002   2.5846153846153844E-003   440.62112897218253     
   7.1220723408232281E-002   2.5846153846153844E-003   419.09186632577450     
   7.4429404772449650E-002   2.5846153846153844E-003   400.92273125328541     
   7.7702983490304176E-002   2.5846153846153844E-003   386.40304632992792     
   8.1040960357672956E-002   2.5846153846153844E-003   375.83160219074585     
   8.4442826350042507E-002   2.5846153846153844E-003   369.51687459947203     
   8.7908062700132419E-002   2.5846153846153844E-003   367.77724870568568     
   9.1436140977004560E-002   2.5846153846153844E-003   370.94125066415438     
   9.5026523166646296E-002   2.5846153846153844E-003   379.34778679599538     
   9.8678661754014921E-002   2.5846153846153844E-003   393.34639047697578     
  0.10239199980653067        2.5846153846153844E-003   413.29747694440550     
  0.10616597105900641        2.5846153846153844E-003   439.57260622001399     
  0.10999999999999999        2.5846153846153844E-003   472.55475435247638     
  
   6.8077428705258236E-002   2.6384615384615383E-003   447.48464296849215     
   7.1220723408232281E-002   2.6384615384615383E-003   426.51771960351550     
   7.4429404772449650E-002   2.6384615384615383E-003   408.94875768277200     
   7.7702983490304176E-002   2.6384615384615383E-003   395.06916339103566     
   8.1040960357672956E-002   2.6384615384615383E-003   385.17990454108025     
   8.4442826350042507E-002   2.6384615384615383E-003   379.59173133627615     
   8.7908062700132419E-002   2.6384615384615383E-003   378.62540447526430     
   9.1436140977004560E-002   2.6384615384615383E-003   382.61193077863936     
   9.5026523166646296E-002   2.6384615384615383E-003   391.89280652382593     
   9.8678661754014921E-002   2.6384615384615383E-003   406.82026868028390     
  0.10239199980653067        2.6384615384615383E-003   427.75755424352292     
  0.10616597105900641        2.6384615384615383E-003   455.07916787294562     
  0.10999999999999999        2.6384615384615383E-003   489.17115804507841     
  
   6.8077428705258236E-002   2.6923076923076922E-003   457.14730969253992     
   7.1220723408232281E-002   2.6923076923076922E-003   436.83774223044435     
   7.4429404772449650E-002   2.6923076923076922E-003   419.96240982208258     
   7.7702983490304176E-002   2.6923076923076922E-003   406.81450840504556     
   8.1040960357672956E-002   2.6923076923076922E-003   397.69687814678178     
   8.4442826350042507E-002   2.6923076923076922E-003   392.92222757093964     
   8.7908062700132419E-002   2.6923076923076922E-003   392.81336516688333     
   9.1436140977004560E-002   2.6923076923076922E-003   397.70343866801193     
   9.5026523166646296E-002   2.6923076923076922E-003   407.93618219091775     
   9.8678661754014921E-002   2.6923076923076922E-003   423.86617143369045     
  0.10239199980653067        2.6923076923076922E-003   445.85908713848113     
  0.10616597105900641        2.6923076923076922E-003   474.29198703001589     
  0.10999999999999999        2.6923076923076922E-003   509.55358644892874     
  
   6.8077428705258236E-002   2.7461538461538461E-003   469.53177974736525     
   7.1220723408232281E-002   2.7461538461538461E-003   449.97165369034400     
   7.4429404772449650E-002   2.7461538461538461E-003   433.88048694611280     
   7.7702983490304176E-002   2.7461538461538461E-003   421.55297791673064     
   8.1040960357672956E-002   2.7461538461538461E-003   413.29354109053224     
   8.4442826350042507E-002   2.7461538461538461E-003   409.41653419505877     
   8.7908062700132419E-002   2.7461538461538461E-003   410.24649295966884     
   9.1436140977004560E-002   2.7461538461538461E-003   416.11837367829082     
   9.5026523166646296E-002   2.7461538461538461E-003   427.37780376941907     
   9.8678661754014921E-002   2.7461538461538461E-003   444.38134053714600     
  0.10239199980653067        2.7461538461538461E-003   467.49673834372174     
  0.10616597105900641        2.7461538461538461E-003   497.10322441141221     
  0.10999999999999999        2.7461538461538461E-003   533.59178347838520     
  
   6.8077428705258236E-002   2.8000000000000000E-003   484.54003457826980     
   7.1220723408232281E-002   2.8000000000000000E-003   465.81701561306818     
   7.4429404772449650E-002   2.8000000000000000E-003   450.59605687936033     
   7.7702983490304176E-002   2.8000000000000000E-003   439.17307462262613     
   8.1040960357672956E-002   2.8000000000000000E-003   431.85376235834377     
   8.4442826350042507E-002   2.8000000000000000E-003   428.95382070195581     
   8.7908062700132419E-002   2.8000000000000000E-003   430.79919491799058     
   9.1436140977004560E-002   2.8000000000000000E-003   437.72632038285059     
   9.5026523166646296E-002   2.8000000000000000E-003   450.08237616242150     
   9.8678661754014921E-002   2.8000000000000000E-003   468.22554691247785     
  0.10239199980653067        2.8000000000000000E-003   492.52529331688447     
  0.10616597105900641        2.8000000000000000E-003   523.36263128579924     
  0.10999999999999999        2.8000000000000000E-003   561.13042014349821     
  
