   6.8077428705258236E-002   2.1538461538461538E-003   488.07734374723441     
   7.1220723408232281E-002   2.1538461538461538E-003   464.62129523245528     
   7.4429404772449650E-002   2.1538461538461538E-003   444.10286722052837     
   7.7702983490304176E-002   2.1538461538461538E-003   426.78062265911029     
   8.1040960357672956E-002   2.1538461538461538E-003   412.92131301467941     
   8.4442826350042507E-002   2.1538461538461538E-003   402.80005010177501     
   8.7908062700132419E-002   2.1538461538461538E-003   396.70048337990204     
   9.1436140977004560E-002   2.1538461538461538E-003   394.91498283637532     
   9.5026523166646296E-002   2.1538461538461538E-003   397.74482757701151     
   9.8678661754014921E-002   2.1538461538461538E-003   405.50040024999220     
  0.10239199980653067        2.1538461538461538E-003   418.50138743188722     
  0.10616597105900641        2.1538461538461538E-003   437.07698610847001     
  0.10999999999999999        2.1538461538461538E-003   461.56611638664850     
  
   6.8077428705258236E-002   2.2076923076923076E-003   476.39362643325092     
   7.1220723408232281E-002   2.2076923076923076E-003   452.97691038094263     
   7.4429404772449650E-002   2.2076923076923076E-003   432.55971779691220     
   7.7702983490304176E-002   2.2076923076923076E-003   415.40560701790127     
   8.1040960357672956E-002   2.2076923076923076E-003   401.78653688285090     
   8.4442826350042507E-002   2.2076923076923076E-003   391.98304640148598     
   8.7908062700132419E-002   2.2076923076923076E-003   386.28444021001218     
   9.1436140977004560E-002   2.2076923076923076E-003   384.98897994421748     
   9.5026523166646296E-002   2.2076923076923076E-003   388.40408166429813     
   9.8678661754014921E-002   2.2076923076923076E-003   396.84651946981103     
  0.10239199980653067        2.2076923076923076E-003   410.64263544745660     
  0.10616597105900641        2.2076923076923076E-003   430.12855609857564     
  0.10999999999999999        2.2076923076923076E-003   455.65041539769925     
  
   6.8077428705258236E-002   2.2615384615384615E-003   467.46665039903803     
   7.1220723408232281E-002   2.2615384615384615E-003   444.16125043309847     
   7.4429404772449650E-002   2.2615384615384615E-003   423.91313580856155     
   7.7702983490304176E-002   2.2615384615384615E-003   406.99041247356308     
   8.1040960357672956E-002   2.2615384615384615E-003   393.66978248622752     
   8.4442826350042507E-002   2.2615384615384615E-003   384.23673099643798     
   8.7908062700132419E-002   2.2615384615384615E-003   378.98571930943916     
   9.1436140977004560E-002   2.2615384615384615E-003   378.22038417247830     
   9.5026523166646296E-002   2.2615384615384615E-003   382.25374343016563     
   9.8678661754014921E-002   2.2615384615384615E-003   391.40840819890786     
  0.10239199980653067        2.2615384615384615E-003   406.01680171558598     
  0.10616597105900641        2.2615384615384615E-003   426.42138502044997     
  0.10999999999999999        2.2615384615384615E-003   452.97488963919625     
  
   6.8077428705258236E-002   2.3153846153846154E-003   461.38291019871184     
   7.1220723408232281E-002   2.3153846153846154E-003   438.26898742695198     
   7.4429404772449650E-002   2.3153846153846154E-003   418.26651356099660     
   7.7702983490304176E-002   2.3153846153846154E-003   401.64771436791159     
   8.1040960357672956E-002   2.3153846153846154E-003   388.69359086009695     
   8.4442826350042507E-002   2.3153846153846154E-003   379.69411301621562     
   8.7908062700132419E-002   2.3153846153846154E-003   374.94841985144740     
   9.1436140977004560E-002   2.3153846153846154E-003   374.76502598809316     
   9.5026523166646296E-002   2.3153846153846154E-003   379.46203488218737     
   9.8678661754014921E-002   2.3153846153846154E-003   389.36735886728013     
  0.10239199980653067        2.3153846153846154E-003   404.81894618153206     
  0.10616597105900641        2.3153846153846154E-003   426.16501514984873     
  0.10999999999999999        2.3153846153846154E-003   453.76429569823568     
  
   6.8077428705258236E-002   2.3692307692307693E-003   458.19967362770228     
   7.1220723408232281E-002   2.3692307692307693E-003   435.36365183059036     
   7.4429404772449650E-002   2.3692307692307693E-003   415.69009604950855     
   7.7702983490304176E-002   2.3692307692307693E-003   399.45494153784909     
   8.1040960357672956E-002   2.3692307692307693E-003   386.94306142617285     
   8.4442826350042507E-002   2.3692307692307693E-003   378.44846657614858     
   8.7908062700132419E-002   2.3692307692307693E-003   374.27451202297954     
   9.1436140977004560E-002   2.3692307692307693E-003   374.73411016552916     
   9.5026523166646296E-002   2.3692307692307693E-003   380.14995086891633     
   9.8678661754014921E-002   2.3692307692307693E-003   390.85472864972769     
  0.10239199980653067        2.3692307692307693E-003   407.19137711980034     
  0.10616597105900641        2.3692307692307693E-003   429.51331087041956     
  0.10999999999999999        2.3692307692307693E-003   458.18467498458574     
  
   6.8077428705258236E-002   2.4230769230769228E-003   457.94404017731358     
   7.1220723408232281E-002   2.4230769230769228E-003   435.47657997919833     
   7.4429404772449650E-002   2.4230769230769228E-003   416.21981096916232     
   7.7702983490304176E-002   2.4230769230769228E-003   400.45298253772887     
   8.1040960357672956E-002   2.4230769230769228E-003   388.46442814811564     
   8.4442826350042507E-002   2.4230769230769228E-003   380.55177070200921     
   8.7908062700132419E-002   2.4230769230769228E-003   377.02213470429666     
   9.1436140977004560E-002   2.4230769230769228E-003   378.19236539307462     
   9.5026523166646296E-002   2.4230769230769228E-003   384.38925500710292     
   9.8678661754014921E-002   2.4230769230769228E-003   395.94977636871681     
  0.10239199980653067        2.4230769230769228E-003   413.22132396625705     
  0.10616597105900641        2.4230769230769228E-003   436.56196272627142     
  0.10999999999999999        2.4230769230769228E-003   466.34068467224563     
  
   6.8077428705258236E-002   2.4769230769230771E-003   460.61312223206340     
   7.1220723408232281E-002   2.4769230769230771E-003   438.60708473816845     
   7.4429404772449650E-002   2.4769230769230771E-003   419.85742856840744     
   7.7702983490304176E-002   2.4769230769230771E-003   404.64633460434447     
   8.1040960357672956E-002   2.4769230769230771E-003   393.26519774282320     
   8.4442826350042507E-002   2.4769230769230771E-003   386.01483715382437     
   8.7908062700132419E-002   2.4769230769230771E-003   383.20571351986723     
   9.1436140977004560E-002   2.4769230769230771E-003   385.15815342911333     
   9.5026523166646296E-002   2.4769230769230771E-003   392.20258110040390     
   9.8678661754014921E-002   2.4769230769230771E-003   404.67975762455740     
  0.10239199980653067        2.4769230769230771E-003   422.94102791255887     
  0.10616597105900641        2.4769230769230771E-003   447.34857554781468     
  0.10999999999999999        2.4769230769230771E-003   478.27568574622921     
  
   6.8077428705258236E-002   2.5307692307692305E-003   466.17524990278457     
   7.1220723408232281E-002   2.5307692307692305E-003   444.72373875470015     
   7.4429404772449650E-002   2.5307692307692305E-003   426.57192807963190     
   7.7702983490304176E-002   2.5307692307692305E-003   412.00455829560531     
   8.1040960357672956E-002   2.5307692307692305E-003   401.31569782697363     
   8.4442826350042507E-002   2.5307692307692305E-003   394.80895765044602     
   8.7908062700132419E-002   2.5307692307692305E-003   392.79771297881996     
   9.1436140977004560E-002   2.5307692307692305E-003   395.60533225925519     
   9.5026523166646296E-002   2.5307692307692305E-003   403.56541366898000     
   9.8678661754014921E-002   2.5307692307692305E-003   417.02202929767435     
  0.10239199980653067        2.5307692307692305E-003   436.32997721220244     
  0.10616597105900641        2.5307692307692305E-003   461.85504160607792     
  0.10999999999999999        2.5307692307692305E-003   493.97426124281901     
  
   6.8077428705258236E-002   2.5846153846153844E-003   474.57206406678148     
   7.1220723408232281E-002   2.5846153846153844E-003   453.76662095917061     
   7.4429404772449650E-002   2.5846153846153844E-003   436.30190639338650     
   7.7702983490304176E-002   2.5846153846153844E-003   422.46485734108785     
   8.1040960357672956E-002   2.5846153846153844E-003   412.55183722616425     
   8.4442826350042507E-002   2.5846153846153844E-003   406.86885418205804     
   8.7908062700132419E-002   2.5846153846153844E-003   405.73178657864827     
   9.1436140977004560E-002   2.5846153846153844E-003   409.46661599889069     
   9.5026523166646296E-002   2.5846153846153844E-003   418.40966785159486     
   9.8678661754014921E-002   2.5846153846153844E-003   432.90785981312854     
  0.10239199980653067        2.5846153846153844E-003   453.31895829727017     
  0.10616597105900641        2.5846153846153844E-003   480.01184315926594     
  0.10999999999999999        2.5846153846153844E-003   513.36678084698872     
  
   6.8077428705258236E-002   2.6384615384615383E-003   485.72133677543763     
   7.1220723408232281E-002   2.6384615384615383E-003   465.65035027180181     
   7.4429404772449650E-002   2.6384615384615383E-003   448.95883672316847     
   7.7702983490304176E-002   2.6384615384615383E-003   435.93557421346532     
   8.1040960357672956E-002   2.6384615384615383E-003   426.87885066624693     
   8.4442826350042507E-002   2.6384615384615383E-003   422.09668527116906     
   8.7908062700132419E-002   2.6384615384615383E-003   421.90705728978378     
   9.1436140977004560E-002   2.6384615384615383E-003   426.63814242316812     
   9.5026523166646296E-002   2.6384615384615383E-003   436.62855693008828     
   9.8678661754014921E-002   2.6384615384615383E-003   452.22760969077183     
  0.10239199980653067        2.6384615384615383E-003   473.79556241781290     
  0.10616597105900641        2.6384615384615383E-003   501.70389822246347     
  0.10999999999999999        2.6384615384615383E-003   536.33559875143783     
  
   6.8077428705258236E-002   2.6923076923076922E-003   499.52034294830821     
   7.1220723408232281E-002   2.6923076923076922E-003   480.26771479618094     
   7.4429404772449650E-002   2.6923076923076922E-003   464.43096901305853     
   7.7702983490304176E-002   2.6923076923076922E-003   452.30037574577585     
   8.1040960357672956E-002   2.6923076923076922E-003   444.17578384504952     
   8.4442826350042507E-002   2.6923076923076922E-003   440.36684495750342     
   8.7908062700132419E-002   2.6923076923076922E-003   441.19324508699935     
   9.1436140977004560E-002   2.6923076923076922E-003   446.98494380933573     
   9.5026523166646296E-002   2.6923076923076922E-003   458.08242133024555     
   9.8678661754014921E-002   2.6923076923076922E-003   474.83693358302480     
  0.10239199980653067        2.6923076923076922E-003   497.61077556847101     
  0.10616597105900641        2.6923076923076922E-003   526.77755314644037     
  0.10999999999999999        2.6923076923076922E-003   562.72246349495481     
  
   6.8077428705258236E-002   2.7461538461538461E-003   515.84960110957331     
   7.1220723408232281E-002   2.7461538461538461E-003   497.49369883215354     
   7.4429404772449650E-002   2.7461538461538461E-003   482.58765821961453     
   7.7702983490304176E-002   2.7461538461538461E-003   471.42289795413774     
   8.1040960357672956E-002   2.7461538461538461E-003   464.30047031363870     
   8.4442826350042507E-002   2.7461538461538461E-003   461.53128746437528     
   8.7908062700132419E-002   2.7461538461538461E-003   463.43635529565847     
   9.1436140977004560E-002   2.7461538461538461E-003   470.34701498123655     
   9.5026523166646296E-002   2.7461538461538461E-003   482.60519245789425     
   9.8678661754014921E-002   2.7461538461538461E-003   500.56365601798063     
  0.10239199980653067        2.7461538461538461E-003   524.58628221881111     
  0.10616597105900641        2.7461538461538461E-003   555.04833031823728     
  0.10999999999999999        2.7461538461538461E-003   592.33672545233787     
  
   6.8077428705258236E-002   2.8000000000000000E-003   534.57680260946881     
   7.1220723408232281E-002   2.8000000000000000E-003   517.18971240310304     
   7.4429404772449650E-002   2.8000000000000000E-003   503.28390973645674     
   7.7702983490304176E-002   2.8000000000000000E-003   493.15162324213350     
   8.1040960357672956E-002   2.8000000000000000E-003   487.09475660315735     
   8.4442826350042507E-002   2.8000000000000000E-003   485.42511661735176     
   8.7908062700132419E-002   2.8000000000000000E-003   488.46464886128967     
   9.1436140977004560E-002   2.8000000000000000E-003   496.54568113852321     
   9.5026523166646296E-002   2.8000000000000000E-003   510.01117490259134     
   9.8678661754014921E-002   2.8000000000000000E-003   529.21498485134543     
  0.10239199980653067        2.8000000000000000E-003   554.52212689503165     
  0.10616597105900641        2.8000000000000000E-003   586.30905470694574     
  0.10999999999999999        2.8000000000000000E-003   624.96394507167133     
  
