   6.8077428705258236E-002   2.1538461538461538E-003   609.60835400234066     
   7.1220723408232281E-002   2.1538461538461538E-003   583.18533289085076     
   7.4429404772449650E-002   2.1538461538461538E-003   559.88226794135551     
   7.7702983490304176E-002   2.1538461538461538E-003   539.97567312896251     
   8.1040960357672956E-002   2.1538461538461538E-003   523.75074481070351     
   8.4442826350042507E-002   2.1538461538461538E-003   511.50154012924071     
   8.7908062700132419E-002   2.1538461538461538E-003   503.53116110853239     
   9.1436140977004560E-002   2.1538461538461538E-003   500.15194456622527     
   9.5026523166646296E-002   2.1538461538461538E-003   501.68565797093532     
   9.8678661754014921E-002   2.1538461538461538E-003   508.46370137645874     
  0.10239199980653067        2.1538461538461538E-003   520.82731556879230     
  0.10616597105900641        2.1538461538461538E-003   539.12779656591260     
  0.10999999999999999        2.1538461538461538E-003   563.72671661401068     
  
   6.8077428705258236E-002   2.2076923076923076E-003   592.93132002279935     
   7.1220723408232281E-002   2.2076923076923076E-003   566.54542438567296     
   7.4429404772449650E-002   2.2076923076923076E-003   543.36299491038710     
   7.7702983490304176E-002   2.2076923076923076E-003   523.66697691075888     
   8.1040960357672956E-002   2.2076923076923076E-003   507.74923389934537     
   8.4442826350042507E-002   2.2076923076923076E-003   495.91073272592814     
   8.7908062700132419E-002   2.2076923076923076E-003   488.46173463512798     
   9.1436140977004560E-002   2.2076923076923076E-003   485.72199237360689     
   9.5026523166646296E-002   2.2076923076923076E-003   488.02095348125397     
   9.8678661754014921E-002   2.2076923076923076E-003   495.69796990458883     
  0.10239199980653067        2.2076923076923076E-003   509.10251407508213     
  0.10616597105900641        2.2076923076923076E-003   528.59440159893506     
  0.10999999999999999        2.2076923076923076E-003   554.54402070939250     
  
   6.8077428705258236E-002   2.2615384615384615E-003   578.99120147065059     
   7.1220723408232281E-002   2.2615384615384615E-003   552.70395101378415     
   7.4429404772449650E-002   2.2615384615384615E-003   529.69824886629920     
   7.7702983490304176E-002   2.2615384615384615E-003   510.26292975771798     
   8.1040960357672956E-002   2.2615384615384615E-003   494.69596115155485     
   8.4442826350042507E-002   2.2615384615384615E-003   483.30463436373196     
   8.7908062700132419E-002   2.2615384615384615E-003   476.40576179142016     
   9.1436140977004560E-002   2.2615384615384615E-003   474.32588038691625     
   9.5026523166646296E-002   2.2615384615384615E-003   477.40146151520020     
   9.8678661754014921E-002   2.2615384615384615E-003   485.97912733796250     
  0.10239199980653067        2.2615384615384615E-003   500.41587387130221     
  0.10616597105900641        2.2615384615384615E-003   521.07930086842077     
  0.10999999999999999        2.2615384615384615E-003   548.34784868329734     
  
   6.8077428705258236E-002   2.3153846153846154E-003   567.90430575005678     
   7.1220723408232281E-002   2.3153846153846154E-003   541.78584974342027     
   7.4429404772449650E-002   2.3153846153846154E-003   519.02210078996177     
   7.7702983490304176E-002   2.3153846153846154E-003   499.90726392215572     
   8.1040960357672956E-002   2.3153846153846154E-003   484.74487091756367     
   8.4442826350042507E-002   2.3153846153846154E-003   473.84797666258100     
   8.7908062700132419E-002   2.3153846153846154E-003   467.53936178298386     
   9.1436140977004560E-002   2.3153846153846154E-003   466.15174167825245     
   9.5026523166646296E-002   2.3153846153846154E-003   470.02798210092141     
   9.8678661754014921E-002   2.3153846153846154E-003   479.52132142633155     
  0.10239199980653067        2.3153846153846154E-003   494.99559976240766     
  0.10616597105900641        2.3153846153846154E-003   516.82549505362510     
  0.10999999999999999        2.3153846153846154E-003   545.39676633764486     
  
   6.8077428705258236E-002   2.3692307692307693E-003   559.76558735455080     
   7.1220723408232281E-002   2.3692307692307693E-003   533.89364027868066     
   7.4429404772449650E-002   2.3692307692307693E-003   511.44511740955801     
   7.7702983490304176E-002   2.3692307692307693E-003   492.71909901762422     
   8.1040960357672956E-002   2.3692307692307693E-003   478.02416654266796     
   8.4442826350042507E-002   2.3692307692307693E-003   467.67860350400173     
   8.7908062700132419E-002   2.3692307692307693E-003   462.01060280075666     
   9.1436140977004560E-002   2.3692307692307693E-003   461.35848054012524     
   9.5026523166646296E-002   2.3692307692307693E-003   466.07089653582068     
   9.8678661754014921E-002   2.3692307692307693E-003   476.50708162261645     
  0.10239199980653067        2.3692307692307693E-003   493.03707193759442     
  0.10616597105900641        2.3692307692307693E-003   516.04195032269195     
  0.10999999999999999        2.3692307692307693E-003   545.91409500754446     
  
   6.8077428705258236E-002   2.4230769230769228E-003   554.64679852763732     
   7.1220723408232281E-002   2.4230769230769228E-003   529.10537192439938     
   7.4429404772449650E-002   2.4230769230769228E-003   507.05208795734700     
   7.7702983490304176E-002   2.4230769230769228E-003   488.79043144701234     
   8.1040960357672956E-002   2.4230769230769228E-003   474.63354430273756     
   8.4442826350042507E-002   2.4230769230769228E-003   464.90443033007847     
   8.7908062700132419E-002   2.4230769230769228E-003   459.93616652163894     
   9.1436140977004560E-002   2.4230769230769228E-003   460.07212096885769     
   9.5026523166646296E-002   2.4230769230769228E-003   465.66617753609285     
   9.8678661754014921E-002   2.4230769230769228E-003   477.08296744237305     
  0.10239199980653067        2.4230769230769228E-003   494.69810790029135     
  0.10616597105900641        2.4230769230769228E-003   518.89844796551301     
  0.10999999999999999        2.4230769230769228E-003   550.08232175479475     
  
   6.8077428705258236E-002   2.4769230769230771E-003   552.59540647584936     
   7.1220723408232281E-002   2.4769230769230771E-003   527.47340499865516     
   7.4429404772449650E-002   2.4769230769230771E-003   505.90065785299760     
   7.7702983490304176E-002   2.4769230769230771E-003   488.18460768601039     
   8.1040960357672956E-002   2.4769230769230771E-003   474.64249283895276     
   8.4442826350042507E-002   2.4769230769230771E-003   465.60155546460965     
   8.7908062700132419E-002   2.4769230769230771E-003   461.39925619553492     
   9.1436140977004560E-002   2.4769230769230771E-003   462.38349549899971     
   9.5026523166646296E-002   2.4769230769230771E-003   468.91284185818904     
   9.8678661754014921E-002   2.4769230769230771E-003   481.35676692302258     
  0.10239199980653067        2.4769230769230771E-003   500.09588777778981     
  0.10616597105900641        2.4769230769230771E-003   525.52221647654562     
  0.10999999999999999        2.4769230769230771E-003   558.03941700147516     
  
   6.8077428705258236E-002   2.5307692307692305E-003   553.63424531542057     
   7.1220723408232281E-002   2.5307692307692305E-003   529.02399162676261     
   7.4429404772449650E-002   2.5307692307692305E-003   508.02083049268003     
   7.7702983490304176E-002   2.5307692307692305E-003   490.93573861451847     
   8.1040960357672956E-002   2.5307692307692305E-003   478.08961094006247     
   8.4442826350042507E-002   2.5307692307692305E-003   469.81347157527017     
   8.7908062700132419E-002   2.5307692307692305E-003   466.44869129297490     
   9.1436140977004560E-002   2.5307692307692305E-003   468.34721177207001     
   9.5026523166646296E-002   2.5307692307692305E-003   475.87177670404731     
   9.8678661754014921E-002   2.5307692307692305E-003   489.39616990735965     
  0.10239199980653067        2.5307692307692305E-003   509.30546059370715     
  0.10616597105900641        2.5307692307692305E-003   535.99625593384735     
  0.10999999999999999        2.5307692307692305E-003   569.87696107425870     
  
   6.8077428705258236E-002   2.5846153846153844E-003   557.76184199464444     
   7.1220723408232281E-002   2.5846153846153844E-003   533.75758933677400     
   7.4429404772449650E-002   2.5846153846153844E-003   513.41526430622059     
   7.7702983490304176E-002   2.5846153846153844E-003   497.04897534152053     
   8.1040960357672956E-002   2.5846153846153844E-003   484.98285691704461     
   8.4442826350042507E-002   2.5846153846153844E-003   477.55128281123939     
   8.7908062700132419E-002   2.5846153846153844E-003   475.09908600196911     
   9.1436140977004560E-002   2.5846153846153844E-003   477.98178531947019     
   9.5026523166646296E-002   2.5846153846153844E-003   486.56581899096534     
   9.8678661754014921E-002   2.5846153846153844E-003   501.22878521401202     
  0.10239199980653067        2.5846153846153844E-003   522.35968989916682     
  0.10616597105900641        2.5846153846153844E-003   550.35920172578176     
  0.10999999999999999        2.5846153846153844E-003   585.63991465815548     
  
   6.8077428705258236E-002   2.6384615384615383E-003   564.95333339575291     
   7.1220723408232281E-002   2.6384615384615383E-003   541.64981708476751     
   7.4429404772449650E-002   2.6384615384615383E-003   522.06026663180444     
   7.7702983490304176E-002   2.6384615384615383E-003   506.50153947075142     
   8.1040960357672956E-002   2.6384615384615383E-003   495.30061337268012     
   8.4442826350042507E-002   2.6384615384615383E-003   488.79480171295603     
   8.7908062700132419E-002   2.6384615384615383E-003   487.33197538471649     
   9.1436140977004560E-002   2.6384615384615383E-003   491.27079148643475     
   9.5026523166646296E-002   2.6384615384615383E-003   500.98092891440012     
   9.8678661754014921E-002   2.6384615384615383E-003   516.84333099423770     
  0.10239199980653067        2.6384615384615383E-003   539.25045528828559     
  0.10616597105900641        2.6384615384615383E-003   568.60653071924878     
  0.10999999999999999        2.6384615384615383E-003   605.32782215321288     
  
   6.8077428705258236E-002   2.6923076923076922E-003   575.16187674502635     
   7.1220723408232281E-002   2.6923076923076922E-003   552.65294718371103     
   7.4429404772449650E-002   2.6923076923076922E-003   533.90736870266323     
   7.7702983490304176E-002   2.6923076923076922E-003   519.24438238544326     
   8.1040960357672956E-002   2.6923076923076922E-003   508.99343167966640     
   8.4442826350042507E-002   2.6923076923076922E-003   503.49437938359659     
   8.7908062700132419E-002   2.6923076923076922E-003   503.09773129258826     
   9.1436140977004560E-002   2.6923076923076922E-003   508.16486663054189     
   9.5026523166646296E-002   2.6923076923076922E-003   519.06827539457504     
   9.8678661754014921E-002   2.6923076923076922E-003   536.19180274416544     
  0.10239199980653067        2.6923076923076922E-003   559.93090056880953     
  0.10616597105900641        2.6923076923076922E-003   590.69288637128250     
  0.10999999999999999        2.6923076923076922E-003   628.89720960646730     
  
   6.8077428705258236E-002   2.7461538461538461E-003   588.32044702533051     
   7.1220723408232281E-002   2.7461538461538461E-003   566.69781768703024     
   7.4429404772449650E-002   2.7461538461538461E-003   548.88535664458027     
   7.7702983490304176E-002   2.7461538461538461E-003   535.20433828289640     
   8.1040960357672956E-002   2.7461538461538461E-003   525.98631021025449     
   8.4442826350042507E-002   2.7461538461538461E-003   521.57331175705190     
   8.7908062700132419E-002   2.7461538461538461E-003   522.31809914629844     
   9.1436140977004560E-002   2.7461538461538461E-003   528.58437745931781     
   9.5026523166646296E-002   2.7461538461538461E-003   540.74703952286268     
   9.8678661754014921E-002   2.7461538461538461E-003   559.19241184673501     
  0.10239199980653067        2.7461538461538461E-003   584.31850774396389     
  0.10616597105900641        2.7461538461538461E-003   616.53528776841847     
  0.10999999999999999        2.7461538461538461E-003   656.26492760760618     
  
   6.8077428705258236E-002   2.8000000000000000E-003   604.34391268757452     
   7.1220723408232281E-002   2.8000000000000000E-003   583.69604738745329     
   7.4429404772449650E-002   2.8000000000000000E-003   566.90263103471045     
   7.7702983490304176E-002   2.8000000000000000E-003   554.28663342552898     
   8.1040960357672956E-002   2.8000000000000000E-003   546.18135822955253     
   8.4442826350042507E-002   2.8000000000000000E-003   542.93066285488430     
   8.7908062700132419E-002   2.8000000000000000E-003   544.88918499903161     
   9.1436140977004560E-002   2.8000000000000000E-003   552.42257600798121     
   9.5026523166646296E-002   2.8000000000000000E-003   565.90774116854891     
   9.8678661754014921E-002   2.8000000000000000E-003   585.73308706201840     
  0.10239199980653067        2.8000000000000000E-003   612.29877611006100     
  0.10616597105900641        2.8000000000000000E-003   646.01698844673638     
  0.10999999999999999        2.8000000000000000E-003   687.31219125345865     
  
