   6.8077428705258236E-002   2.1538461538461538E-003   586.29973660029464     
   7.1220723408232281E-002   2.1538461538461538E-003   563.86358845793097     
   7.4429404772449650E-002   2.1538461538461538E-003   544.27055920511953     
   7.7702983490304176E-002   2.1538461538461538E-003   527.77072187641068     
   8.1040960357672956E-002   2.1538461538461538E-003   514.62210477396752     
   8.4442826350042507E-002   2.1538461538461538E-003   505.09086100145510     
   8.7908062700132419E-002   2.1538461538461538E-003   499.45144346785708     
   9.1436140977004560E-002   2.1538461538461538E-003   497.98678548287302     
   9.5026523166646296E-002   2.1538461538461538E-003   500.98848706884564     
   9.8678661754014921E-002   2.1538461538461538E-003   508.75700711794298     
  0.10239199980653067        2.1538461538461538E-003   521.60186152656388     
  0.10616597105900641        2.1538461538461538E-003   539.84182744280110     
  0.10999999999999999        2.1538461538461538E-003   563.80515376635594     
  
   6.8077428705258236E-002   2.2076923076923076E-003   573.37090965801758     
   7.1220723408232281E-002   2.2076923076923076E-003   550.85614950489457     
   7.4429404772449650E-002   2.2076923076923076E-003   531.23709848353576     
   7.7702983490304176E-002   2.2076923076923076E-003   514.76821119414308     
   8.1040960357672956E-002   2.2076923076923076E-003   501.71207446981208     
   8.4442826350042507E-002   2.2076923076923076E-003   492.33958285151334     
   8.7908062700132419E-002   2.2076923076923076E-003   486.93011974891590     
   9.1436140977004560E-002   2.2076923076923076E-003   485.77174441495322     
   9.5026523166646296E-002   2.2076923076923076E-003   489.16138486599453     
   9.8678661754014921E-002   2.2076923076923076E-003   497.40503688303352     
  0.10239199980653067        2.2076923076923076E-003   510.81796923326260     
  0.10616597105900641        2.2076923076923076E-003   529.72493525522714     
  0.10999999999999999        2.2076923076923076E-003   554.46039095466813     
  
   6.8077428705258236E-002   2.2615384615384615E-003   562.96415639258430     
   7.1220723408232281E-002   2.2615384615384615E-003   540.43114990280151     
   7.4429404772449650E-002   2.2615384615384615E-003   520.84202677777171     
   7.7702983490304176E-002   2.2615384615384615E-003   504.45518320697278     
   8.1040960357672956E-002   2.2615384615384615E-003   491.53730979409733     
   8.4442826350042507E-002   2.2615384615384615E-003   482.36357262515651     
   8.7908062700132419E-002   2.2615384615384615E-003   477.21780022801016     
   9.1436140977004560E-002   2.2615384615384615E-003   476.39267655780571     
   9.5026523166646296E-002   2.2615384615384615E-003   480.18994014642703     
   9.8678661754014921E-002   2.2615384615384615E-003   488.92058955830697     
  0.10239199980653067        2.2615384615384615E-003   502.90509529904000     
  0.10616597105900641        2.2615384615384615E-003   522.47361832716797     
  0.10999999999999999        2.2615384615384615E-003   547.96623532402248     
  
   6.8077428705258236E-002   2.3153846153846154E-003   555.20321211829139     
   7.1220723408232281E-002   2.3153846153846154E-003   532.72455900203818     
   7.4429404772449650E-002   2.3153846153846154E-003   513.23446246508627     
   7.7702983490304176E-002   2.3153846153846154E-003   496.99486907752481     
   8.1040960357672956E-002   2.3153846153846154E-003   484.27616902991133     
   8.4442826350042507E-002   2.3153846153846154E-003   475.35738250944252     
   8.7908062700132419E-002   2.3153846153846154E-003   470.52635216658086     
   9.1436140977004560E-002   2.3153846153846154E-003   470.07994181272397     
   9.5026523166646296E-002   2.3153846153846154E-003   474.32424149363266     
   9.8678661754014921E-002   2.3153846153846154E-003   483.57477908790560     
  0.10239199980653067        2.3153846153846154E-003   498.15673858379677     
  0.10616597105900641        2.3153846153846154E-003   518.40518519235525     
  0.10999999999999999        2.3153846153846154E-003   544.66529745918194     
  
   6.8077428705258236E-002   2.3692307692307693E-003   550.18881964969989     
   7.1220723408232281E-002   2.3692307692307693E-003   527.84792784638967     
   7.4429404772449650E-002   2.3692307692307693E-003   508.53761004696804     
   7.7702983490304176E-002   2.3692307692307693E-003   492.52301738493071     
   8.1040960357672956E-002   2.3692307692307693E-003   480.07788245606332     
   8.4442826350042507E-002   2.3692307692307693E-003   471.48471076839536     
   8.7908062700132419E-002   2.3692307692307693E-003   467.03497847720382     
   9.1436140977004560E-002   2.3692307692307693E-003   467.02933655203100     
   9.5026523166646296E-002   2.3692307692307693E-003   471.77782152726616     
   9.8678661754014921E-002   2.3692307692307693E-003   481.60007299247519     
  0.10239199980653067        2.3692307692307693E-003   496.82555798305924     
  0.10616597105900641        2.3692307692307693E-003   517.79380243673904     
  0.10999999999999999        2.3692307692307693E-003   544.85462988606059     
  
   6.8077428705258236E-002   2.4230769230769228E-003   547.99611531665948     
   7.1220723408232281E-002   2.4230769230769228E-003   525.88546507205069     
   7.4429404772449650E-002   2.4230769230769228E-003   506.84549970975735     
   7.7702983490304176E-002   2.4230769230769228E-003   491.14426957181934     
   8.1040960357672956E-002   2.4230769230769228E-003   479.05853428580332     
   8.4442826350042507E-002   2.4230769230769228E-003   470.87395908950367     
   8.7908062700132419E-002   2.4230769230769228E-003   466.88531763244845     
   9.1436140977004560E-002   2.4230769230769228E-003   467.39670140794829     
   9.5026523166646296E-002   2.4230769230769228E-003   472.72173597419459     
   9.8678661754014921E-002   2.4230769230769228E-003   483.18380412762423     
  0.10239199980653067        2.4230769230769228E-003   499.11627619683895     
  0.10616597105900641        2.4230769230769228E-003   520.86274763029883     
  0.10999999999999999        2.4230769230769228E-003   548.77728405613311     
  
   6.8077428705258236E-002   2.4769230769230771E-003   548.67294868355327     
   7.1220723408232281E-002   2.4769230769230771E-003   526.89213969177717     
   7.4429404772449650E-002   2.4769230769230771E-003   508.22085445328526     
   7.7702983490304176E-002   2.4769230769230771E-003   492.92977163670025     
   8.1040960357672956E-002   2.4769230769230771E-003   481.29839804385472     
   8.4442826350042507E-002   2.4769230769230771E-003   473.61526962924870     
   8.7908062700132419E-002   2.4769230769230771E-003   470.17815918608119     
   9.1436140977004560E-002   2.4769230769230771E-003   471.29429085941115     
   9.5026523166646296E-002   2.4769230769230771E-003   477.28056165203213     
   9.8678661754014921E-002   2.4769230769230771E-003   488.46377009388340     
  0.10239199980653067        2.4769230769230771E-003   505.18085225105312     
  0.10616597105900641        2.4769230769230771E-003   527.77912525565944     
  0.10999999999999999        2.4769230769230771E-003   556.61653854345013     
  
   6.8077428705258236E-002   2.5307692307692305E-003   552.23912976479960     
   7.1220723408232281E-002   2.5307692307692305E-003   530.89280410261233     
   7.4429404772449650E-002   2.5307692307692305E-003   512.69407758919670     
   7.7702983490304176E-002   2.5307692307692305E-003   497.91601423710364     
   8.1040960357672956E-002   2.5307692307692305E-003   486.84061679320257     
   8.4442826350042507E-002   2.5307692307692305E-003   479.75903227672529     
   8.7908062700132419E-002   2.5307692307692305E-003   476.97176437113495     
   9.1436140977004560E-002   2.5307692307692305E-003   478.78889283742313     
   9.5026523166646296E-002   2.5307692307692305E-003   485.53030012192875     
   9.8678661754014921E-002   2.5307692307692305E-003   497.52590533712038     
  0.10239199980653067        2.5307692307692305E-003   515.11590579937888     
  0.10616597105900641        2.5307692307692305E-003   538.65102631374316     
  0.10999999999999999        2.5307692307692305E-003   568.49277640104424     
  
   6.8077428705258236E-002   2.5846153846153844E-003   558.68655681412304     
   7.1220723408232281E-002   2.5846153846153844E-003   537.88228569224134     
   7.4429404772449650E-002   2.5846153846153844E-003   520.26330384176379     
   7.7702983490304176E-002   2.5846153846153844E-003   506.10483881308517     
   8.1040960357672956E-002   2.5846153846153844E-003   495.69115967238349     
   8.4442826350042507E-002   2.5846153846153844E-003   489.31578687194138     
   8.7908062700132419E-002   2.5846153846153844E-003   487.28170915797699     
   9.1436140977004560E-002   2.5846153846153844E-003   489.90160769100737     
   9.5026523166646296E-002   2.5846153846153844E-003   497.49808755919361     
   9.8678661754014921E-002   2.5846153846153844E-003   510.40391687109457     
  0.10239199980653067        2.5846153846153844E-003   528.96227362013951     
  0.10616597105900641        2.5846153846153844E-003   553.52700051936574     
  0.10999999999999999        2.5846153846153844E-003   584.46286801087899     
  
   6.8077428705258236E-002   2.6384615384615383E-003   567.98014368342172     
   7.1220723408232281E-002   2.6384615384615383E-003   547.82635783239073     
   7.4429404772449650E-002   2.6384615384615383E-003   530.89541590779891     
   7.7702983490304176E-002   2.6384615384615383E-003   517.46450187291407     
   8.1040960357672956E-002   2.6384615384615383E-003   507.81993632294018     
   8.4442826350042507E-002   2.6384615384615383E-003   502.25739047995472     
   8.7908062700132419E-002   2.6384615384615383E-003   501.08210740407446     
   9.1436140977004560E-002   2.6384615384615383E-003   504.60913060300948     
   9.5026523166646296E-002   2.6384615384615383E-003   513.16354022802193     
   9.8678661754014921E-002   2.6384615384615383E-003   527.08069705074047     
  0.10239199980653067        2.6384615384615383E-003   546.70649442147294     
  0.10616597105900641        2.6384615384615383E-003   572.39761841618099     
  0.10999999999999999        2.6384615384615383E-003   604.52181638597165     
  
   6.8077428705258236E-002   2.6923076923076922E-003   580.05943918241951     
   7.1220723408232281E-002   2.6923076923076922E-003   560.66347179630293     
   7.4429404772449650E-002   2.6923076923076922E-003   544.52789618819202     
   7.7702983490304176E-002   2.6923076923076922E-003   531.93165432753108     
   8.1040960357672956E-002   2.6923076923076922E-003   523.16291219062771     
   8.4442826350042507E-002   2.6923076923076922E-003   518.51927764322534     
   8.7908062700132419E-002   2.6923076923076922E-003   518.30802571069853     
   9.1436140977004560E-002   2.6923076923076922E-003   522.84633142513098     
   9.5026523166646296E-002   2.6923076923076922E-003   532.46151044478563     
   9.8678661754014921E-002   2.6923076923076922E-003   547.49126764828770     
  0.10239199980653067        2.6923076923076922E-003   568.28395391236211     
  0.10616597105900641        2.6923076923076922E-003   595.19883128896367     
  0.10999999999999999        2.6923076923076922E-003   628.60634680482462     
  
   6.8077428705258236E-002   2.7461538461538461E-003   594.84081222465568     
   7.1220723408232281E-002   2.7461538461538461E-003   576.30711064910474     
   7.4429404772449650E-002   2.7461538461538461E-003   561.07136094073053     
   7.7702983490304176E-002   2.7461538461538461E-003   549.41406818666871     
   8.1040960357672956E-002   2.7461538461538461E-003   541.62504085868170     
   8.4442826350042507E-002   2.7461538461538461E-003   538.00361231175123     
   8.7908062700132419E-002   2.7461538461538461E-003   538.85886983210526     
   9.1436140977004560E-002   2.7461538461538461E-003   544.50989143056495     
   9.5026523166646296E-002   2.7461538461538461E-003   555.28599058413135     
   9.8678661754014921E-002   2.7461538461538461E-003   571.52696913553712     
  0.10239199980653067        2.7461538461538461E-003   593.58337856753280     
  0.10616597105900641        2.7461538461538461E-003   621.81678987626367     
  0.10999999999999999        2.7461538461538461E-003   656.60007227524909     
  
   6.8077428705258236E-002   2.8000000000000000E-003   612.22006580306243     
   7.1220723408232281E-002   2.8000000000000000E-003   594.64861439418337     
   7.4429404772449650E-002   2.8000000000000000E-003   580.41261125478115     
   7.7702983490304176E-002   2.8000000000000000E-003   569.79392893673992     
   8.1040960357672956E-002   2.8000000000000000E-003   563.08381437443393     
   8.4442826350042507E-002   2.8000000000000000E-003   560.58311369115813     
   8.7908062700132419E-002   2.8000000000000000E-003   562.60250470430799     
   9.1436140977004560E-002   2.8000000000000000E-003   569.46273733189935     
   9.5026523166646296E-002   2.8000000000000000E-003   581.49488210975539     
   9.8678661754014921E-002   2.8000000000000000E-003   599.04058703624310     
  0.10239199980653067        2.8000000000000000E-003   622.45234296873798     
  0.10616597105900641        2.8000000000000000E-003   652.09375780380810     
  0.10999999999999999        2.8000000000000000E-003   688.33983968082987     
  
