   6.8077428705258236E-002   2.1538461538461538E-003   560.46345272100257     
   7.1220723408232281E-002   2.1538461538461538E-003   538.22395360093310     
   7.4429404772449650E-002   2.1538461538461538E-003   518.90434912019987     
   7.7702983490304176E-002   2.1538461538461538E-003   502.75933451216906     
   8.1040960357672956E-002   2.1538461538461538E-003   490.05161822034972     
   8.4442826350042507E-002   2.1538461538461538E-003   481.05208684593197     
   8.7908062700132419E-002   2.1538461538461538E-003   476.03997529588264     
   9.1436140977004560E-002   2.1538461538461538E-003   475.30304224142327     
   9.5026523166646296E-002   2.1538461538461538E-003   479.13775099999873     
   9.8678661754014921E-002   2.1538461538461538E-003   487.84945595701180     
  0.10239199980653067        2.1538461538461538E-003   501.75259464695347     
  0.10616597105900641        2.1538461538461538E-003   521.17088561686273     
  0.10999999999999999        2.1538461538461538E-003   546.43753219839300     
  
   6.8077428705258236E-002   2.2076923076923076E-003   548.35079511656454     
   7.1220723408232281E-002   2.2076923076923076E-003   526.15271784781783     
   7.4429404772449650E-002   2.2076923076923076E-003   506.93835209079714     
   7.7702983490304176E-002   2.2076923076923076E-003   490.96747387234677     
   8.1040960357672956E-002   2.2076923076923076E-003   478.50807938578828     
   8.4442826350042507E-002   2.2076923076923076E-003   469.83655693172813     
   8.7908062700132419E-002   2.2076923076923076E-003   465.23786430916311     
   9.1436140977004560E-002   2.2076923076923076E-003   465.00571177375400     
   9.5026523166646296E-002   2.2076923076923076E-003   469.44275068356706     
   9.8678661754014921E-002   2.2076923076923076E-003   478.86076795625320     
  0.10239199980653067        2.2076923076923076E-003   493.58088646497902     
  0.10616597105900641        2.2076923076923076E-003   513.93377150421463     
  0.10999999999999999        2.2076923076923076E-003   540.25984345997574     
  
   6.8077428705258236E-002   2.2615384615384615E-003   538.88161231892866     
   7.1220723408232281E-002   2.2615384615384615E-003   516.79561212300098     
   7.4429404772449650E-002   2.2615384615384615E-003   497.75352716147950     
   7.7702983490304176E-002   2.2615384615384615E-003   482.01983342707956     
   8.1040960357672956E-002   2.2615384615384615E-003   469.86742307344133     
   8.4442826350042507E-002   2.2615384615384615E-003   461.57778319487869     
   8.7908062700132419E-002   2.2615384615384615E-003   457.44118030304753     
   9.1436140977004560E-002   2.2615384615384615E-003   457.75685062445177     
   9.5026523166646296E-002   2.2615384615384615E-003   462.83319634637951     
   9.8678661754014921E-002   2.2615384615384615E-003   472.98798794288069     
  0.10239199980653067        2.2615384615384615E-003   488.54857271577407     
  0.10616597105900641        2.2615384615384615E-003   509.85208969000570     
  0.10999999999999999        2.2615384615384615E-003   537.24569100627991     
  
   6.8077428705258236E-002   2.3153846153846154E-003   532.17213479315683     
   7.1220723408232281E-002   2.3153846153846154E-003   510.27999306359084     
   7.4429404772449650E-002   2.3153846153846154E-003   491.48915539831006     
   7.7702983490304176E-002   2.3153846153846154E-003   476.06845625058372     
   8.1040960357672956E-002   2.3153846153846154E-003   464.29533243900823     
   8.4442826350042507E-002   2.3153846153846154E-003   456.45600863607291     
   8.7908062700132419E-002   2.3153846153846154E-003   452.84568879828197     
   9.1436140977004560E-002   2.3153846153846154E-003   453.76875366899043     
   9.5026523166646296E-002   2.3153846153846154E-003   459.53896448888827     
   9.8678661754014921E-002   2.3153846153846154E-003   470.47967305319816     
  0.10239199980653067        2.3153846153846154E-003   486.92403825873953     
  0.10616597105900641        2.3153846153846154E-003   509.21524928803524     
  0.10999999999999999        2.3153846153846154E-003   537.70675558205642     
  
   6.8077428705258236E-002   2.3692307692307693E-003   528.31322593941991     
   7.1220723408232281E-002   2.3692307692307693E-003   506.70616658551040     
   7.4429404772449650E-002   2.3692307692307693E-003   488.25569071410757     
   7.7702983490304176E-002   2.3692307692307693E-003   473.23468403962386     
   8.1040960357672956E-002   2.3692307692307693E-003   461.92481194120586     
   8.4442826350042507E-002   2.3692307692307693E-003   454.61671153853979     
   8.7908062700132419E-002   2.3692307692307693E-003   451.61018995227766     
   9.1436140977004560E-002   2.3692307692307693E-003   453.21442888746066     
   9.5026523166646296E-002   2.3692307692307693E-003   459.74819568227565     
   9.8678661754014921E-002   2.3692307692307693E-003   471.54006096892448     
  0.10239199980653067        2.3692307692307693E-003   488.92862309765718     
  0.10616597105900641        2.3692307692307693E-003   512.26273947938603     
  0.10999999999999999        2.3692307692307693E-003   541.90176500687107     
  
   6.8077428705258236E-002   2.4230769230769228E-003   527.36800890167888     
   7.1220723408232281E-002   2.4230769230769228E-003   506.14474303891109     
   7.4429404772449650E-002   2.4230769230769228E-003   488.13182209384411     
   7.7702983490304176E-002   2.4230769230769228E-003   473.60590409220782     
   8.1040960357672956E-002   2.4230769230769228E-003   462.85259569277014     
   8.4442826350042507E-002   2.4230769230769228E-003   456.16665072170082     
   8.7908062700132419E-002   2.4230769230769228E-003   453.85217513247494     
   9.1436140977004560E-002   2.4230769230769228E-003   456.22283853695177     
   9.5026523166646296E-002   2.4230769230769228E-003   463.60209245737923     
   9.8678661754014921E-002   2.4230769230769228E-003   476.32339545378943     
  0.10239199980653067        2.4230769230769228E-003   494.73044528577378     
  0.10616597105900641        2.4230769230769228E-003   519.17741827226939     
  0.10999999999999999        2.4230769230769228E-003   550.02921601789785     
  
   6.8077428705258236E-002   2.4769230769230771E-003   529.37049855336465     
   7.1220723408232281E-002   2.4769230769230771E-003   508.63509788763349     
   7.4429404772449650E-002   2.4769230769230771E-003   491.16274967624383     
   7.7702983490304176E-002   2.4769230769230771E-003   477.23362696002869     
   8.1040960357672956E-002   2.4769230769230771E-003   467.13701231421430     
   8.4442826350042507E-002   2.4769230769230771E-003   461.17150269120225     
   8.7908062700132419E-002   2.4769230769230771E-003   459.64522092658734     
   9.1436140977004560E-002   2.4769230769230771E-003   462.87603406082525     
   9.5026523166646296E-002   2.4769230769230771E-003   471.19177863398977     
   9.8678661754014921E-002   2.4769230769230771E-003   484.93049311545747     
  0.10239199980653067        2.4769230769230771E-003   504.44065763552487     
  0.10616597105900641        2.4769230769230771E-003   530.08144119071324     
  0.10999999999999999        2.4769230769230771E-003   562.22295649951855     
  
   6.8077428705258236E-002   2.5307692307692305E-003   534.32521432431884     
   7.1220723408232281E-002   2.5307692307692305E-003   514.18491020126680     
   7.4429404772449650E-002   2.5307692307692305E-003   497.35964314507845     
   7.7702983490304176E-002   2.5307692307692305E-003   484.13285888037063     
   8.1040960357672956E-002   2.5307692307692305E-003   474.79726547754814     
   8.4442826350042507E-002   2.5307692307692305E-003   469.65504432080189     
   8.7908062700132419E-002   2.5307692307692305E-003   469.01806797136578     
   9.1436140977004560E-002   2.5307692307692305E-003   473.20812508565376     
   9.5026523166646296E-002   2.5307692307692305E-003   482.55715255278972     
   9.8678661754014921E-002   2.5307692307692305E-003   497.40747502086907     
  0.10239199980653067        2.5307692307692305E-003   518.11205198655000     
  0.10616597105900641        2.5307692307692305E-003   545.03473262759121     
  0.10999999999999999        2.5307692307692305E-003   578.55051856346779     
  
   6.8077428705258236E-002   2.5846153846153844E-003   542.20770771411151     
   7.1220723408232281E-002   2.5846153846153844E-003   522.77070525310148     
   7.4429404772449650E-002   2.5846153846153844E-003   506.70020039734021     
   7.7702983490304176E-002   2.5846153846153844E-003   494.28267778423356     
   8.1040960357672956E-002   2.5846153846153844E-003   485.81402884698832     
   8.4442826350042507E-002   2.5846153846153844E-003   481.59976868205575     
   8.7908062700132419E-002   2.5846153846153844E-003   481.95526003636695     
   9.1436140977004560E-002   2.5846153846153844E-003   487.20594458064556     
   9.5026523166646296E-002   2.5846153846153844E-003   497.68758164009182     
   9.8678661754014921E-002   2.5846153846153844E-003   513.74649455909594     
  0.10239199980653067        2.5846153846153844E-003   535.73982488167576     
  0.10616597105900641        2.5846153846153844E-003   564.03579453494001     
  0.10999999999999999        2.5846153846153844E-003   599.01397620826992     
  
   6.8077428705258236E-002   2.6384615384615383E-003   552.96590466394025     
   7.1220723408232281E-002   2.6384615384615383E-003   534.33929062724451     
   7.4429404772449650E-002   2.6384615384615383E-003   519.13018412779149     
   7.7702983490304176E-002   2.6384615384615383E-003   507.62787768321925     
   8.1040960357672956E-002   2.6384615384615383E-003   500.13120622398014     
   8.4442826350042507E-002   2.6384615384615383E-003   496.94876958663980     
   8.7908062700132419E-002   2.6384615384615383E-003   498.39916234118317     
   9.1436140977004560E-002   2.6384615384615383E-003   504.81121112490496     
   9.5026523166646296E-002   2.6384615384615383E-003   516.52421966072859     
   9.8678661754014921E-002   2.6384615384615383E-003   533.88822164308203     
  0.10239199980653067        2.6384615384615383E-003   557.26424167998221     
  0.10616597105900641        2.6384615384615383E-003   587.02456448558723     
  0.10999999999999999        2.6384615384615383E-003   623.55301252306197     
  
   6.8077428705258236E-002   2.6923076923076922E-003   566.52213806762302     
   7.1220723408232281E-002   2.6923076923076922E-003   548.80994810616721     
   7.4429404772449650E-002   2.6923076923076922E-003   534.56578446725973     
   7.7702983490304176E-002   2.6923076923076922E-003   524.08151423231379     
   8.1040960357672956E-002   2.6923076923076922E-003   517.65867306195867     
   8.4442826350042507E-002   2.6923076923076922E-003   515.60869299116223     
   8.7908062700132419E-002   2.6923076923076922E-003   518.25313775967436     
   9.1436140977004560E-002   2.6923076923076922E-003   525.92394585622719     
   9.5026523166646296E-002   2.6923076923076922E-003   538.96368146015948     
   9.8678661754014921E-002   2.6923076923076922E-003   557.72579346967700     
  0.10239199980653067        2.6923076923076922E-003   582.57488281163876     
  0.10616597105900641        2.6923076923076922E-003   613.88697823330892     
  0.10999999999999999        2.6923076923076922E-003   652.04982078254091     
  
   6.8077428705258236E-002   2.7461538461538461E-003   582.77572966824687     
   7.1220723408232281E-002   2.7461538461538461E-003   566.07722627571275     
   7.4429404772449650E-002   2.7461538461538461E-003   552.89663712545564     
   7.7702983490304176E-002   2.7461538461538461E-003   543.52816417918120     
   8.1040960357672956E-002   2.7461538461538461E-003   538.27579398461808     
   8.4442826350042507E-002   2.7461538461538461E-003   537.45353039855661     
   8.7908062700132419E-002   2.7461538461538461E-003   541.38563503125715     
   9.1436140977004560E-002   2.7461538461538461E-003   550.40687559572063     
   9.5026523166646296E-002   2.7461538461538461E-003   564.86278235066106     
   9.8678661754014921E-002   2.7461538461538461E-003   585.10991283195540     
  0.10239199980653067        2.7461538461538461E-003   611.51612507260643     
  0.10616597105900641        2.7461538461538461E-003   644.46085951749058     
  0.10999999999999999        2.7461538461538461E-003   684.33542984472763     
  
   6.8077428705258236E-002   2.8000000000000000E-003   601.60597303222812     
   7.1220723408232281E-002   2.8000000000000000E-003   586.01417078520410     
   7.4429404772449650E-002   2.8000000000000000E-003   573.98931806122073     
   7.7702983490304176E-002   2.8000000000000000E-003   565.82770257632342     
   8.1040960357672956E-002   2.8000000000000000E-003   561.83550173144329     
   8.4442826350042507E-002   2.8000000000000000E-003   562.32901984296871     
   8.7908062700132419E-002   2.8000000000000000E-003   567.63493326299135     
   9.1436140977004560E-002   2.8000000000000000E-003   578.09054357712978     
   9.5026523166646296E-002   2.8000000000000000E-003   594.04403907344329     
   9.8678661754014921E-002   2.8000000000000000E-003   615.85476468146976     
  0.10239199980653067        2.8000000000000000E-003   643.89350058632476     
  0.10616597105900641        2.8000000000000000E-003   678.54274972852409     
  0.10999999999999999        2.8000000000000000E-003   720.19703440634680     
  
