   6.8077428705258236E-002   2.1538461538461538E-003   604.25988392057843     
   7.1220723408232281E-002   2.1538461538461538E-003   578.20997728560110     
   7.4429404772449650E-002   2.1538461538461538E-003   555.27151979647454     
   7.7702983490304176E-002   2.1538461538461538E-003   535.72116105651821     
   8.1040960357672956E-002   2.1538461538461538E-003   519.84439155265352     
   8.4442826350042507E-002   2.1538461538461538E-003   507.93573257347600     
   8.7908062700132419E-002   2.1538461538461538E-003   500.29893218163073     
   9.1436140977004560E-002   2.1538461538461538E-003   497.24716736961727     
   9.5026523166646296E-002   2.1538461538461538E-003   499.10325253160443     
   9.8678661754014921E-002   2.1538461538461538E-003   506.19985438745312     
  0.10239199980653067        2.1538461538461538E-003   518.87971349856412     
  0.10616597105900641        2.1538461538461538E-003   537.49587251875664     
  0.10999999999999999        2.1538461538461538E-003   562.41191132706172     
  
   6.8077428705258236E-002   2.2076923076923076E-003   589.01221359370027     
   7.1220723408232281E-002   2.2076923076923076E-003   562.79892811938498     
   7.4429404772449650E-002   2.2076923076923076E-003   539.75106369270975     
   7.7702983490304176E-002   2.2076923076923076E-003   520.15003374155299     
   8.1040960357672956E-002   2.2076923076923076E-003   504.28629814303042     
   8.4442826350042507E-002   2.2076923076923076E-003   492.45956086988843     
   8.7908062700132419E-002   2.2076923076923076E-003   484.97897400340423     
   9.1436140977004560E-002   2.2076923076923076E-003   482.16334825325646     
   9.5026523166646296E-002   2.2076923076923076E-003   484.34137012893405     
   9.8678661754014921E-002   2.2076923076923076E-003   491.85182591127074     
  0.10239199980653067        2.2076923076923076E-003   505.04383257693087     
  0.10616597105900641        2.2076923076923076E-003   524.27707583261497     
  0.10999999999999999        2.2076923076923076E-003   549.92205542016529     
  
   6.8077428705258236E-002   2.2615384615384615E-003   576.62621950699076     
   7.1220723408232281E-002   2.2615384615384615E-003   550.31250125422639     
   7.4429404772449650E-002   2.2615384615384615E-003   527.21236918570048     
   7.7702983490304176E-002   2.2615384615384615E-003   507.61143307496479     
   8.1040960357672956E-002   2.2615384615384615E-003   491.80453348650576     
   8.4442826350042507E-002   2.2615384615384615E-003   480.09594649420865     
   8.7908062700132419E-002   2.2615384615384615E-003   472.79959505181228     
   9.1436140977004560E-002   2.2615384615384615E-003   470.23926716618558     
   9.5026523166646296E-002   2.2615384615384615E-003   472.74884102872488     
   9.8678661754014921E-002   2.2615384615384615E-003   480.67251726470499     
  0.10239199980653067        2.2615384615384615E-003   494.36505846508771     
  0.10616597105900641        2.2615384615384615E-003   514.19203616983680     
  0.10999999999999999        2.2615384615384615E-003   540.53008547671539     
  
   6.8077428705258236E-002   2.3153846153846154E-003   567.24940754287491     
   7.1220723408232281E-002   2.3153846153846154E-003   540.91197904597652     
   7.4429404772449650E-002   2.3153846153846154E-003   517.83145795156202     
   7.7702983490304176E-002   2.3153846153846154E-003   498.29712811496307     
   8.1040960357672956E-002   2.3153846153846154E-003   482.60766839800692     
   8.4442826350042507E-002   2.3153846153846154E-003   471.07136379959343     
   8.7908062700132419E-002   2.3153846153846154E-003   464.00632349552507     
   9.1436140977004560E-002   2.3153846153846154E-003   461.74070594751197     
   9.5026523166646296E-002   2.3153846153846154E-003   464.61295124591311     
   9.8678661754014921E-002   2.3153846153846154E-003   472.97202085579522     
  0.10239199980653067        2.3153846153846154E-003   487.17764494088169     
  0.10616597105900641        2.3153846153846154E-003   507.60057744504121     
  0.10999999999999999        2.3153846153846154E-003   534.62285911605682     
  
   6.8077428705258236E-002   2.3692307692307693E-003   561.00363624318436     
   7.1220723408232281E-002   2.3692307692307693E-003   534.73153812550026     
   7.4429404772449650E-002   2.3692307692307693E-003   511.75572995321909     
   7.7702983490304176E-002   2.3692307692307693E-003   492.36869083478825     
   8.1040960357672956E-002   2.3692307692307693E-003   476.87244001847461     
   8.4442826350042507E-002   2.3692307692307693E-003   465.57875377152760     
   8.7908062700132419E-002   2.3692307692307693E-003   458.80938939649616     
   9.1436140977004560E-002   2.3692307692307693E-003   456.89631655200367     
   9.5026523166646296E-002   2.3692307692307693E-003   460.18195605035908     
   9.8678661754014921E-002   2.3692307692307693E-003   469.01942630960662     
  0.10239199980653067        2.3692307692307693E-003   483.77279764279092     
  0.10616597105900641        2.3692307692307693E-003   504.81735457271736     
  0.10999999999999999        2.3692307692307693E-003   532.53986636584636     
  
   6.8077428705258236E-002   2.4230769230769228E-003   557.98197026607784     
   7.1220723408232281E-002   2.4230769230769228E-003   531.87475382528851     
   7.4429404772449650E-002   2.4230769230769228E-003   509.10009161524380     
   7.7702983490304176E-002   2.4230769230769228E-003   489.95321947642083     
   8.1040960357672956E-002   2.4230769230769228E-003   474.73904040167906     
   8.4442826350042507E-002   2.4230769230769228E-003   463.77234649886748     
   8.7908062700132419E-002   2.4230769230769228E-003   457.37804828797266     
   9.1436140977004560E-002   2.4230769230769228E-003   455.89141150643195     
   9.5026523166646296E-002   2.4230769230769228E-003   459.65830160080191     
   9.8678661754014921E-002   2.4230769230769228E-003   469.03543608881279     
  0.10239199980653067        2.4230769230769228E-003   484.39064498094189     
  0.10616597105900641        2.4230769230769228E-003   506.10313945621209     
  0.10999999999999999        2.4230769230769228E-003   534.56378899267133     
  
   6.8077428705258236E-002   2.4769230769230771E-003   558.24656415547474     
   7.1220723408232281E-002   2.4769230769230771E-003   532.41223471778858     
   7.4429404772449650E-002   2.4769230769230771E-003   509.94432159248493     
   7.7702983490304176E-002   2.4769230769230771E-003   491.14041512013898     
   8.1040960357672956E-002   2.4769230769230771E-003   476.30788255772705     
   8.4442826350042507E-002   2.4769230769230771E-003   465.76409446106936     
   8.7908062700132419E-002   2.4769230769230771E-003   459.83665856944083     
   9.1436140977004560E-002   2.4769230769230771E-003   458.86366136993757     
   9.5026523166646296E-002   2.4769230769230771E-003   463.19391752483727     
   9.8678661754014921E-002   2.4769230769230771E-003   473.18722734998687     
  0.10239199980653067        2.4769230769230771E-003   489.21464253833562     
  0.10616597105900641        2.4769230769230771E-003   511.65874032762781     
  0.10999999999999999        2.4769230769230771E-003   540.91390631738898     
  
   6.8077428705258236E-002   2.5307692307692305E-003   561.82757844538639     
   7.1220723408232281E-002   2.5307692307692305E-003   536.38038883868217     
   7.4429404772449650E-002   2.5307692307692305E-003   514.33167503715345     
   7.7702983490304176E-002   2.5307692307692305E-003   495.98101144418365     
   8.1040960357672956E-002   2.5307692307692305E-003   481.63784268503326     
   8.4442826350042507E-002   2.5307692307692305E-003   471.62171375361982     
   8.7908062700132419E-002   2.5307692307692305E-003   466.26250779969473     
   9.1436140977004560E-002   2.5307692307692305E-003   465.90069173720752     
   9.5026523166646296E-002   2.5307692307692305E-003   470.88756985992859     
   9.8678661754014921E-002   2.5307692307692305E-003   481.58554565564208     
  0.10239199980653067        2.5307692307692305E-003   498.36839201581222     
  0.10616597105900641        2.5307692307692305E-003   521.62153004268828     
  0.10999999999999999        2.5307692307692305E-003   551.74231666169237     
  
   6.8077428705258236E-002   2.5846153846153844E-003   568.72308429227814     
   7.1220723408232281E-002   2.5846153846153844E-003   543.78127269627032     
   7.4429404772449650E-002   2.5846153846153844E-003   522.26867179456076     
   7.7702983490304176E-002   2.5846153846153844E-003   504.48649679020474     
   8.1040960357672956E-002   2.5846153846153844E-003   490.74591067981584     
   8.4442826350042507E-002   2.5846153846153844E-003   481.36825752448766     
   8.7908062700132419E-002   2.5846153846153844E-003   476.68530347219496     
   9.1436140977004560E-002   2.5846153846153844E-003   477.03948571439668     
   9.5026523166646296E-002   2.5846153846153844E-003   482.78416956502383     
   9.8678661754014921E-002   2.5846153846153844E-003   494.28391385480700     
  0.10239199980653067        2.5846153846153844E-003   511.91474483957950     
  0.10616597105900641        2.5846153846153844E-003   536.06443882620795     
  0.10999999999999999        2.5846153846153844E-003   567.13281372517963     
  
   6.8077428705258236E-002   2.6384615384615383E-003   578.89987441960682     
   7.1220723408232281E-002   2.6384615384615383E-003   554.58343202150172     
   7.4429404772449650E-002   2.6384615384615383E-003   533.72596780996378     
   7.7702983490304176E-002   2.6384615384615383E-003   516.63001723045625     
   8.1040960357672956E-002   2.6384615384615383E-003   503.60812603852594     
   8.4442826350042507E-002   2.6384615384615383E-003   494.98308607843433     
   8.7908062700132419E-002   2.6384615384615383E-003   491.08817889984562     
   9.1436140977004560E-002   2.6384615384615383E-003   492.26742739693634     
   9.5026523166646296E-002   2.6384615384615383E-003   498.87585565893710     
   9.8678661754014921E-002   2.6384615384615383E-003   511.27975722642600     
  0.10239199980653067        2.6384615384615383E-003   529.85697195262196     
  0.10616597105900641        2.6384615384615383E-003   554.99717167427684     
  0.10999999999999999        2.6384615384615383E-003   587.10215490153132     
  
   6.8077428705258236E-002   2.6923076923076922E-003   592.29506818084712     
   7.1220723408232281E-002   2.6923076923076922E-003   568.72361046783089     
   7.4429404772449650E-002   2.6923076923076922E-003   548.64017335190306     
   7.7702983490304176E-002   2.6923076923076922E-003   532.34831055694576     
   8.1040960357672956E-002   2.6923076923076922E-003   520.16163422890884     
   8.4442826350042507E-002   2.6923076923076922E-003   512.40405263699631     
   8.7908062700132419E-002   2.6923076923076922E-003   509.41001577913829     
   9.1436140977004560E-002   2.6923076923076922E-003   511.52476907665709     
   9.5026523166646296E-002   2.6923076923076922E-003   519.10461534815317     
   9.8678661754014921E-002   2.6923076923076922E-003   532.51718525761112     
  0.10239199980653067        2.6923076923076922E-003   552.14171643649161     
  0.10616597105900641        2.6923076923076922E-003   578.36934148489388     
  0.10999999999999999        2.6923076923076922E-003   611.60338506163748     
  
   6.8077428705258236E-002   2.7461538461538461E-003   608.81837739942830     
   7.1220723408232281E-002   2.7461538461538461E-003   586.10917951990871     
   7.4429404772449650E-002   2.7461538461538461E-003   566.91645682628086     
   7.7702983490304176E-002   2.7461538461538461E-003   551.54449432917636     
   8.1040960357672956E-002   2.7461538461538461E-003   540.30766980407748     
   8.4442826350042507E-002   2.7461538461538461E-003   533.53069286840173     
   8.7908062700132419E-002   2.7461538461538461E-003   531.54885201191007     
   9.1436140977004560E-002   2.7461538461538461E-003   534.70826976641979     
   9.5026523166646296E-002   2.7461538461538461E-003   543.36616620554867     
   9.8678661754014921E-002   2.7461538461538461E-003   557.89113097041377     
  0.10239199980653067        2.7461538461538461E-003   578.66340402187166     
  0.10616597105900641        2.7461538461538461E-003   606.07516532497607     
  0.10999999999999999        2.7461538461538461E-003   640.53083367624833     
  
   6.8077428705258236E-002   2.8000000000000000E-003   628.35488720246781     
   7.1220723408232281E-002   2.8000000000000000E-003   606.62112952523466     
   7.4429404772449650E-002   2.8000000000000000E-003   588.43175870294419     
   7.7702983490304176E-002   2.8000000000000000E-003   574.09151596093443     
   8.1040960357672956E-002   2.8000000000000000E-003   563.91525649123912     
   8.4442826350042507E-002   2.8000000000000000E-003   558.22818940119805     
   8.7908062700132419E-002   2.8000000000000000E-003   557.36612565135522     
   9.1436140977004560E-002   2.8000000000000000E-003   561.67573416986352     
   9.5026523166646296E-002   2.8000000000000000E-003   571.51480633551773     
   9.8678661754014921E-002   2.8000000000000000E-003   587.25252902655711     
  0.10239199980653067        2.8000000000000000E-003   609.26976643726243     
  0.10616597105900641        2.8000000000000000E-003   637.95935086954091     
  0.10999999999999999        2.8000000000000000E-003   673.72638271138044     
  
