   6.8077428705258236E-002   2.1538461538461538E-003   482.83738922613213     
   7.1220723408232281E-002   2.1538461538461538E-003   457.69978587191991     
   7.4429404772449650E-002   2.1538461538461538E-003   435.78736594754884     
   7.7702983490304176E-002   2.1538461538461538E-003   417.38190987694497     
   8.1040960357672956E-002   2.1538461538461538E-003   402.77400204879763     
   8.4442826350042507E-002   2.1538461538461538E-003   392.26320814257269     
   8.7908062700132419E-002   2.1538461538461538E-003   386.15825796875043     
   9.1436140977004560E-002   2.1538461538461538E-003   384.77723393513509     
   9.5026523166646296E-002   2.1538461538461538E-003   388.44776525440057     
   9.8678661754014921E-002   2.1538461538461538E-003   397.50722801118854     
  0.10239199980653067        2.1538461538461538E-003   412.30295121036977     
  0.10616597105900641        2.1538461538461538E-003   433.19242893144059     
  0.10999999999999999        2.1538461538461538E-003   460.54353871733582     
  
   6.8077428705258236E-002   2.2076923076923076E-003   466.65619788656841     
   7.1220723408232281E-002   2.2076923076923076E-003   441.52903854599447     
   7.4429404772449650E-002   2.2076923076923076E-003   419.70634747830024     
   7.7702983490304176E-002   2.2076923076923076E-003   401.47624244136495     
   8.1040960357672956E-002   2.2076923076923076E-003   387.13589665081082     
   8.4442826350042507E-002   2.2076923076923076E-003   376.99172407382241     
   8.7908062700132419E-002   2.2076923076923076E-003   371.35957048841419     
   9.1436140977004560E-002   2.2076923076923076E-003   370.56491042427183     
   9.5026523166646296E-002   2.2076923076923076E-003   374.94305010466002     
   9.8678661754014921E-002   2.2076923076923076E-003   384.83933651198697     
  0.10239199980653067        2.2076923076923076E-003   400.60937270292573     
  0.10616597105900641        2.2076923076923076E-003   422.61923950234848     
  0.10999999999999999        2.2076923076923076E-003   451.24572370852206     
  
   6.8077428705258236E-002   2.2615384615384615E-003   452.95701269401718     
   7.1220723408232281E-002   2.2615384615384615E-003   427.87804301992560     
   7.4429404772449650E-002   2.2615384615384615E-003   406.17598498022164     
   7.7702983490304176E-002   2.2615384615384615E-003   388.14472803513047     
   8.1040960357672956E-002   2.2615384615384615E-003   374.08745145777368     
   8.4442826350042507E-002   2.2615384615384615E-003   364.31681726659053     
   8.7908062700132419E-002   2.2615384615384615E-003   359.15516916207571     
   9.1436140977004560E-002   2.2615384615384615E-003   358.93473758786263     
   9.5026523166646296E-002   2.2615384615384615E-003   363.99785103934050     
   9.8678661754014921E-002   2.2615384615384615E-003   374.69715374625105     
  0.10239199980653067        2.2615384615384615E-003   391.39582985881219     
  0.10616597105900641        2.2615384615384615E-003   414.46783427022291     
  0.10999999999999999        2.2615384615384615E-003   444.29813021166535     
  
   6.8077428705258236E-002   2.3153846153846154E-003   441.86237364413034     
   7.1220723408232281E-002   2.3153846153846154E-003   416.87932096157272     
   7.4429404772449650E-002   2.3153846153846154E-003   395.33941103209190     
   7.7702983490304176E-002   2.3153846153846154E-003   377.54176816768239     
   8.1040960357672956E-002   2.3153846153846154E-003   363.79502461784728     
   8.4442826350042507E-002   2.3153846153846154E-003   354.41752084533357     
   8.7908062700132419E-002   2.3153846153846154E-003   349.73751203590456     
   9.1436140977004560E-002   2.3153846153846154E-003   350.09338096570684     
   9.5026523166646296E-002   2.3153846153846154E-003   355.83385735303756     
   9.8678661754014921E-002   2.3153846153846154E-003   367.31824382436162     
  0.10239199980653067        2.3153846153846154E-003   384.91664862762025     
  0.10616597105900641        2.3153846153846154E-003   409.01022522894198     
  0.10999999999999999        2.3153846153846154E-003   439.99141893216813     
  
   6.8077428705258236E-002   2.3692307692307693E-003   433.47773056444885     
   7.1220723408232281E-002   2.3692307692307693E-003   408.64753169117137     
   7.4429404772449650E-002   2.3692307692307693E-003   387.32110285677794     
   7.7702983490304176E-002   2.3692307692307693E-003   369.80229397406248     
   8.1040960357672956E-002   2.3692307692307693E-003   356.40466554002938     
   8.4442826350042507E-002   2.3692307692307693E-003   347.45169598200516     
   8.7908062700132419E-002   2.3692307692307693E-003   343.27699546074484     
   9.1436140977004560E-002   2.3692307692307693E-003   344.22452625762736     
   9.5026523166646296E-002   2.3692307692307693E-003   350.64882987626879     
   9.8678661754014921E-002   2.3692307692307693E-003   362.91526099182363     
  0.10239199980653067        2.3692307692307693E-003   381.40022838443269     
  0.10616597105900641        2.3692307692307693E-003   406.49144299618411     
  0.10999999999999999        2.3692307692307693E-003   438.58817325424513     
  
   6.8077428705258236E-002   2.4230769230769228E-003   427.88847724808431     
   7.1220723408232281E-002   2.4230769230769228E-003   403.27618381635324     
   7.4429404772449650E-002   2.4230769230769228E-003   382.22324599329096     
   7.7702983490304176E-002   2.4230769230769228E-003   365.03775506148418     
   8.1040960357672956E-002   2.4230769230769228E-003   352.03770059888575     
   8.4442826350042507E-002   2.4230769230769228E-003   343.55118463052770     
   8.7908062700132419E-002   2.4230769230769228E-003   339.91664245509543     
   9.1436140977004560E-002   2.4230769230769228E-003   341.48307027708296     
   9.5026523166646296E-002   2.4230769230769228E-003   348.61025977852330     
   9.8678661754014921E-002   2.4230769230769228E-003   361.66903976714570     
  0.10239199980653067        2.4230769230769228E-003   381.04152504092247     
  0.10616597105900641        2.4230769230769228E-003   407.12137261196483     
  0.10999999999999999        2.4230769230769228E-003   440.31404543569488     
  
   6.8077428705258236E-002   2.4769230769230771E-003   425.15773547278081     
   7.1220723408232281E-002   2.4769230769230771E-003   400.83517227586231     
   7.4429404772449650E-002   2.4769230769230771E-003   380.12300523923477     
   7.7702983490304176E-002   2.4769230769230771E-003   363.33310427614236     
   8.1040960357672956E-002   2.4769230769230771E-003   350.78741067621809     
   8.4442826350042507E-002   2.4769230769230771E-003   342.81815779146530     
   8.7908062700132419E-002   2.4769230769230771E-003   339.76809861054920     
   9.1436140977004560E-002   2.4769230769230771E-003   341.99074035609345     
   9.5026523166646296E-002   2.4769230769230771E-003   349.85058624278815     
   9.8678661754014921E-002   2.4769230769230771E-003   363.72338453710705     
  0.10239199980653067        2.4769230769230771E-003   383.99638506241985     
  0.10616597105900641        2.4769230769230771E-003   411.06860329629842     
  0.10999999999999999        2.4769230769230771E-003   445.35109220969844     
  
   6.8077428705258236E-002   2.5307692307692305E-003   425.32492210583644     
   7.1220723408232281E-002   2.5307692307692305E-003   401.36917677381115     
   7.4429404772449650E-002   2.5307692307692305E-003   381.07074171406197     
   7.7702983490304176E-002   2.5307692307692305E-003   364.74482018397379     
   8.1040960357672956E-002   2.5307692307692305E-003   352.71684533667667     
   8.4442826350042507E-002   2.5307692307692305E-003   345.32270714954745     
   8.7908062700132419E-002   2.5307692307692305E-003   342.90898645002960     
   9.1436140977004560E-002   2.5307692307692305E-003   345.83319617776488     
   9.5026523166646296E-002   2.5307692307692305E-003   354.46403002504007     
   9.8678661754014921E-002   2.5307692307692305E-003   369.18161860058729     
  0.10239199980653067        2.5307692307692305E-003   390.37779326484980     
  0.10616597105900641        2.5307692307692305E-003   418.45635778768417     
  0.10999999999999999        2.5307692307692305E-003   453.83336798255471     
  
   6.8077428705258236E-002   2.5846153846153844E-003   428.40509390659815     
   7.1220723408232281E-002   2.5846153846153844E-003   404.89691484375464     
   7.4429404772449650E-002   2.5846153846153844E-003   385.08916763002901     
   7.7702983490304176E-002   2.5846153846153844E-003   369.29995687933496     
   8.1040960357672956E-002   2.5846153846153844E-003   357.85776091277319     
   8.4442826350042507E-002   2.5846153846153844E-003   351.10166460580905     
   8.7908062700132419E-002   2.5846153846153844E-003   349.38159953676836     
   9.1436140977004560E-002   2.5846153846153844E-003   353.05859158004239     
   9.5026523166646296E-002   2.5846153846153844E-003   362.50501609074598     
   9.8678661754014921E-002   2.5846153846153844E-003   378.10486083043190     
  0.10239199980653067        2.5846153846153844E-003   400.25399678674461     
  0.10616597105900641        2.5846153846153844E-003   429.36045704280247     
  0.10999999999999999        2.5846153846153844E-003   465.84472385511378     
  
   6.8077428705258236E-002   2.6384615384615383E-003   434.38903069627167     
   7.1220723408232281E-002   2.6384615384615383E-003   411.41120529589756     
   7.4429404772449650E-002   2.6384615384615383E-003   392.17338903021312     
   7.7702983490304176E-002   2.6384615384615383E-003   376.99616524871584     
   8.1040960357672956E-002   2.6384615384615383E-003   366.21061978913633     
   8.4442826350042507E-002   2.6384615384615383E-003   360.15857937910192     
   8.7908062700132419E-002   2.6384615384615383E-003   359.19285753651127     
   9.1436140977004560E-002   2.6384615384615383E-003   363.67750811704974     
   9.5026523166646296E-002   2.6384615384615383E-003   373.98808666048291     
   9.8678661754014921E-002   2.6384615384615383E-003   390.51191969050558     
  0.10239199980653067        2.6384615384615383E-003   413.64838212618673     
  0.10616597105900641        2.6384615384615383E-003   443.80918296609303     
  0.10999999999999999        2.6384615384615383E-003   481.41865940935628     
  
   6.8077428705258236E-002   2.6923076923076922E-003   443.24398945538650     
   7.1220723408232281E-002   2.6923076923076922E-003   420.87976687326352     
   7.4429404772449650E-002   2.6923076923076922E-003   402.29175279030028     
   7.7702983490304176E-002   2.6923076923076922E-003   387.80259258838737     
   8.1040960357672956E-002   2.6923076923076922E-003   377.74554743917645     
   8.4442826350042507E-002   2.6923076923076922E-003   372.46473785008959     
   8.7908062700132419E-002   2.6923076923076922E-003   372.31539489845881     
   9.1436140977004560E-002   2.6923076923076922E-003   377.66411930737416     
   9.5026523166646296E-002   2.6923076923076922E-003   388.88914852025374     
   9.8678661754014921E-002   2.6923076923076922E-003   406.38063193440888     
  0.10239199980653067        2.6923076923076922E-003   430.54091445726692     
  0.10616597105900641        2.6923076923076922E-003   461.78482855218283     
  0.10999999999999999        2.6923076923076922E-003   500.53999494402098     
  
   6.8077428705258236E-002   2.7461538461538461E-003   454.91504033629388     
   7.1220723408232281E-002   2.7461538461538461E-003   433.24665333341227     
   7.4429404772449650E-002   2.7461538461538461E-003   415.38738839880085     
   7.7702983490304176E-002   2.7461538461538461E-003   401.66153938012360     
   8.1040960357672956E-002   2.7461538461538461E-003   392.40411321442150     
   8.4442826350042507E-002   2.7461538461538461E-003   387.96107816059180     
   8.7908062700132419E-002   2.7461538461538461E-003   388.68961989948440     
   9.1436140977004560E-002   2.7461538461538461E-003   394.95840566047769     
   9.5026523166646296E-002   2.7461538461538461E-003   407.14785653724812     
   9.8678661754014921E-002   2.7461538461538461E-003   425.65042815884993     
  0.10239199980653067        2.7461538461538461E-003   450.87089988573848     
  0.10616597105900641        2.7461538461538461E-003   483.22667270400251     
  0.10999999999999999        2.7461538461538461E-003   523.14807599434857     
  
   6.8077428705258236E-002   2.8000000000000000E-003   469.32688079424366     
   7.1220723408232281E-002   2.8000000000000000E-003   448.43421013235229     
   7.4429404772449650E-002   2.8000000000000000E-003   431.38031767607941     
   7.7702983490304176E-002   2.8000000000000000E-003   418.49073330302605     
   8.1040960357672956E-002   2.8000000000000000E-003   410.10178073529778     
   8.4442826350042507E-002   2.8000000000000000E-003   406.56082995391080     
   8.7908062700132419E-002   2.8000000000000000E-003   408.22655764798162     
   9.1436140977004560E-002   2.8000000000000000E-003   415.46921586338567     
   9.5026523166646296E-002   2.8000000000000000E-003   428.67090901930442     
   9.8678661754014921E-002   2.8000000000000000E-003   448.22587946488909     
  0.10239199980653067        2.8000000000000000E-003   474.54080175202597     
  0.10616597105900641        2.8000000000000000E-003   508.03508580394896     
  0.10999999999999999        2.8000000000000000E-003   549.14118916312771     
  
