   6.8077428705258236E-002   2.1538461538461538E-003   573.02627511857156     
   7.1220723408232281E-002   2.1538461538461538E-003   550.39922750560584     
   7.4429404772449650E-002   2.1538461538461538E-003   530.69240395241889     
   7.7702983490304176E-002   2.1538461538461538E-003   514.16195617435415     
   8.1040960357672956E-002   2.1538461538461538E-003   501.07218585665089     
   8.4442826350042507E-002   2.1538461538461538E-003   491.69571832329029     
   8.7908062700132419E-002   2.1538461538461538E-003   486.31368179198512     
   9.1436140977004560E-002   2.1538461538461538E-003   485.21589233757709     
   9.5026523166646296E-002   2.1538461538461538E-003   488.70104468892623     
   9.8678661754014921E-002   2.1538461538461538E-003   497.07690898803401     
  0.10239199980653067        2.1538461538461538E-003   510.66053364352604     
  0.10616597105900641        2.1538461538461538E-003   529.77845441383613     
  0.10999999999999999        2.1538461538461538E-003   554.76690985911614     
  
   6.8077428705258236E-002   2.2076923076923076E-003   559.97660560877443     
   7.1220723408232281E-002   2.2076923076923076E-003   537.40905265888250     
   7.4429404772449650E-002   2.2076923076923076E-003   517.83087814167789     
   7.7702983490304176E-002   2.2076923076923076E-003   501.50351382432098     
   8.1040960357672956E-002   2.2076923076923076E-003   488.69673524480271     
   8.4442826350042507E-002   2.2076923076923076E-003   479.68884084152381     
   8.7908062700132419E-002   2.2076923076923076E-003   474.76683684075124     
   9.1436140977004560E-002   2.2076923076923076E-003   474.22662802713080     
   9.5026523166646296E-002   2.2076923076923076E-003   478.37321452578124     
   9.8678661754014921E-002   2.2076923076923076E-003   487.52089472796820     
  0.10239199980653067        2.2076923076923076E-003   501.99347449567699     
  0.10616597105900641        2.2076923076923076E-003   522.12448278398745     
  0.10999999999999999        2.2076923076923076E-003   548.25739382350537     
  
   6.8077428705258236E-002   2.2615384615384615E-003   549.50220146590925     
   7.1220723408232281E-002   2.2615384615384615E-003   527.05780400340018     
   7.4429404772449650E-002   2.2615384615384615E-003   507.66762997634316     
   7.7702983490304176E-002   2.2615384615384615E-003   491.59794648061427     
   8.1040960357672956E-002   2.2615384615384615E-003   479.12354234377153     
   8.4442826350042507E-002   2.2615384615384615E-003   470.52791227665381     
   8.7908062700132419E-002   2.2615384615384615E-003   466.10344693952379     
   9.1436140977004560E-002   2.2615384615384615E-003   466.15162905081854     
   9.5026523166646296E-002   2.2615384615384615E-003   470.98323567009572     
   9.8678661754014921E-002   2.2615384615384615E-003   480.91854679001693     
  0.10239199980653067        2.2615384615384615E-003   496.28756037602329     
  0.10616597105900641        2.2615384615384615E-003   517.43021399549127     
  0.10999999999999999        2.2615384615384615E-003   544.69661318197336     
  
   6.8077428705258236E-002   2.3153846153846154E-003   541.70753424651230     
   7.1220723408232281E-002   2.3153846153846154E-003   519.45929606467450     
   7.4429404772449650E-002   2.3153846153846154E-003   500.32648894033923     
   7.7702983490304176E-002   2.3153846153846154E-003   484.57980894849413     
   8.1040960357672956E-002   2.3153846153846154E-003   472.49863787285790     
   8.4442826350042507E-002   2.3153846153846154E-003   464.37123204011903     
   8.7908062700132419E-002   2.3153846153846154E-003   460.49491721691487     
   9.1436140977004560E-002   2.3153846153846154E-003   461.17628970100600     
   9.5026523166646296E-002   2.3153846153846154E-003   466.73142374114468     
   9.8678661754014921E-002   2.3153846153846154E-003   477.48608542395596     
  0.10239199980653067        2.3153846153846154E-003   493.77595316970701     
  0.10616597105900641        2.3153846153846154E-003   515.94684498230561     
  0.10999999999999999        2.3153846153846154E-003   544.35495260260245     
  
   6.8077428705258236E-002   2.3692307692307693E-003   536.67314674506588     
   7.1220723408232281E-002   2.3692307692307693E-003   514.70193234327689     
   7.4429404772449650E-002   2.3692307692307693E-003   495.90432267155899     
   7.7702983490304176E-002   2.3692307692307693E-003   480.55507218217684     
   8.1040960357672956E-002   2.3692307692307693E-003   468.93777278255931     
   8.4442826350042507E-002   2.3692307692307693E-003   461.34504710614169     
   8.7908062700132419E-002   2.3692307692307693E-003   458.07874799225840     
   9.1436140977004560E-002   2.3692307692307693E-003   459.45016430984901     
   9.5026523166646296E-002   2.3692307692307693E-003   465.78023326350672     
   9.8678661754014921E-002   2.3692307692307693E-003   477.39975932397414     
  0.10239199980653067        2.3692307692307693E-003   494.64963992903279     
  0.10616597105900641        2.3692307692307693E-003   517.88109810446485     
  0.10999999999999999        2.3692307692307693E-003   547.45592215852867     
  
   6.8077428705258236E-002   2.4230769230769228E-003   534.45365167040779     
   7.1220723408232281E-002   2.4230769230769228E-003   512.84646067245058     
   7.4429404772449650E-002   2.4230769230769228E-003   494.46852726583177     
   7.7702983490304176E-002   2.4230769230769228E-003   479.59832531692933     
   8.1040960357672956E-002   2.4230769230769228E-003   468.52330722146036     
   8.4442826350042507E-002   2.4230769230769228E-003   461.54010144746519     
   8.7908062700132419E-002   2.4230769230769228E-003   458.95471643624830     
   9.1436140977004560E-002   2.4230769230769228E-003   461.08275100051065     
   9.5026523166646296E-002   2.4230769230769228E-003   468.24961136277534     
   9.8678661754014921E-002   2.4230769230769228E-003   480.79073498104276     
  0.10239199980653067        2.4230769230769228E-003   499.05182131286716     
  0.10616597105900641        2.4230769230769228E-003   523.38906967274011     
  0.10999999999999999        2.4230769230769228E-003   554.16942434202247     
  
   6.8077428705258236E-002   2.4769230769230771E-003   535.07666020913246     
   7.1220723408232281E-002   2.4769230769230771E-003   513.92474834428720     
   7.4429404772449650E-002   2.4769230769230771E-003   496.05563405235154     
   7.7702983490304176E-002   2.4769230769230771E-003   481.75119809854328     
   8.1040960357672956E-002   2.4769230769230771E-003   471.30243147280663     
   8.4442826350042507E-002   2.4769230769230771E-003   465.00963710430972     
   8.7908062700132419E-002   2.4769230769230771E-003   463.18263808905999     
   9.1436140977004560E-002   2.4769230769230771E-003   466.14099257506814     
   9.5026523166646296E-002   2.4769230769230771E-003   474.21421545397249     
   9.8678661754014921E-002   2.4769230769230771E-003   487.74200701196168     
  0.10239199980653067        2.4769230769230771E-003   507.07448869737834     
  0.10616597105900641        2.4769230769230771E-003   532.57244616672870     
  0.10999999999999999        2.4769230769230771E-003   564.60757977498292     
  
   6.8077428705258236E-002   2.5307692307692305E-003   538.54261669295101     
   7.1220723408232281E-002   2.5307692307692305E-003   517.93955121082342     
   7.4429404772449650E-002   2.5307692307692305E-003   500.67100491591765     
   7.7702983490304176E-002   2.5307692307692305E-003   487.02197353526350     
   8.1040960357672956E-002   2.5307692307692305E-003   477.28668631769273     
   8.4442826350042507E-002   2.5307692307692305E-003   471.76881186219913     
   8.7908062700132419E-002   2.5307692307692305E-003   470.78167062233240     
   9.1436140977004560E-002   2.5307692307692305E-003   474.64845423734153     
   9.5026523166646296E-002   2.5307692307692305E-003   483.70245184565647     
   9.8678661754014921E-002   2.5307692307692305E-003   498.28728354060786     
  0.10239199980653067        2.5307692307692305E-003   518.75714113312733     
  0.10616597105900641        2.5307692307692305E-003   545.47703639092379     
  0.10999999999999999        2.5307692307692305E-003   578.82305692839361     
  
   6.8077428705258236E-002   2.5846153846153844E-003   544.82547755448627     
   7.1220723408232281E-002   2.5846153846153844E-003   524.86520918781127     
   7.4429404772449650E-002   2.5846153846153844E-003   508.28954243212803     
   7.7702983490304176E-002   2.5846153846153844E-003   495.38631045453531     
   8.1040960357672956E-002   2.5846153846153844E-003   486.45269548505365     
   8.4442826350042507E-002   2.5846153846153844E-003   481.79543872142625     
   8.7908062700132419E-002   2.5846153846153844E-003   481.73105708046882     
   9.1436140977004560E-002   2.5846153846153844E-003   486.58606695397037     
   9.5026523166646296E-002   2.5846153846153844E-003   496.69721513203689     
   9.8678661754014921E-002   2.5846153846153844E-003   512.41171706182729     
  0.10239199980653067        2.5846153846153844E-003   534.08750261467787     
  0.10616597105900641        2.5846153846153844E-003   562.09346953987824     
  0.10999999999999999        2.5846153846153844E-003   596.80974478863720     
  
   6.8077428705258236E-002   2.6384615384615383E-003   553.87414179763118     
   7.1220723408232281E-002   2.6384615384615383E-003   534.64916662471933     
   7.4429404772449650E-002   2.6384615384615383E-003   518.85730388614809     
   7.7702983490304176E-002   2.6384615384615383E-003   506.78895498081056     
   8.1040960357672956E-002   2.6384615384615383E-003   498.74397845649497     
   8.4442826350042507E-002   2.6384615384615383E-003   495.03190395151722     
   8.7908062700132419E-002   2.6384615384615383E-003   495.97215315923484     
   9.1436140977004560E-002   2.6384615384615383E-003   501.89426798111288     
   9.5026523166646296E-002   2.6384615384615383E-003   513.13814603941603     
   9.8678661754014921E-002   2.6384615384615383E-003   530.05428372581639     
  0.10239199980653067        2.6384615384615383E-003   553.00402696789070     
  0.10616597105900641        2.6384615384615383E-003   582.35982990112689     
  0.10999999999999999        2.6384615384615383E-003   618.50552163980274     
  
   6.8077428705258236E-002   2.6923076923076922E-003   565.61451689743217     
   7.1220723408232281E-002   2.6923076923076922E-003   547.21419045583718     
   7.4429404772449650E-002   2.6923076923076922E-003   532.29388029275174     
   7.7702983490304176E-002   2.6923076923076922E-003   521.14628941505794     
   8.1040960357672956E-002   2.6923076923076922E-003   514.07367858561963     
   8.4442826350042507E-002   2.6923076923076922E-003   511.38808423917828     
   8.7908062700132419E-002   2.6923076923076922E-003   513.41154359995016     
   9.1436140977004560E-002   2.6923076923076922E-003   520.47632717466308     
   9.5026523166646296E-002   2.6923076923076922E-003   532.92517880014111     
   9.8678661754014921E-002   2.6923076923076922E-003   551.11156343050561     
  0.10239199980653067        2.6923076923076922E-003   575.39992285499875     
  0.10616597105900641        2.6923076923076922E-003   606.16593954354028     
  0.10999999999999999        2.6923076923076922E-003   643.79680882331911     
  
   6.8077428705258236E-002   2.7461538461538461E-003   579.95208849449614     
   7.1220723408232281E-002   2.7461538461538461E-003   562.46114201420914     
   7.4429404772449650E-002   2.7461538461538461E-003   548.49538290675639     
   7.7702983490304176E-002   2.7461538461538461E-003   538.34954665315092     
   8.1040960357672956E-002   2.7461538461538461E-003   532.32801930392372     
   8.4442826350042507E-002   2.7461538461538461E-003   530.74505926636255     
   8.7908062700132419E-002   2.7461538461538461E-003   533.92502647064873     
   9.1436140977004560E-002   2.7461538461538461E-003   542.20261909610508     
   9.5026523166646296E-002   2.7461538461538461E-003   555.92311804478618     
   9.8678661754014921E-002   2.7461538461538461E-003   575.44263935596734     
  0.10239199980653067        2.7461538461538461E-003   601.12839476115187     
  0.10616597105900641        2.7461538461538461E-003   633.35896058596165     
  0.10999999999999999        2.7461538461538461E-003   672.52455521167258     
  
   6.8077428705258236E-002   2.8000000000000000E-003   596.77485420172536     
   7.1220723408232281E-002   2.8000000000000000E-003   580.27214956841067     
   7.4429404772449650E-002   2.8000000000000000E-003   567.33787005568570     
   7.7702983490304176E-002   2.8000000000000000E-003   558.26850771943145     
   8.1040960357672956E-002   2.8000000000000000E-003   553.37028964719423     
   8.4442826350042507E-002   2.8000000000000000E-003   552.95940346037003     
   8.7908062700132419E-002   2.8000000000000000E-003   557.36223036562717     
   9.1436140977004560E-002   2.8000000000000000E-003   566.91558594381650     
   9.5026523166646296E-002   2.8000000000000000E-003   581.96696887126041     
   9.8678661754014921E-002   2.8000000000000000E-003   602.87481777442235     
  0.10239199980653067        2.8000000000000000E-003   630.00877642578553     
  0.10616597105900641        2.8000000000000000E-003   663.74996749554919     
  0.10999999999999999        2.8000000000000000E-003   704.49127508051129     
  
