   6.8077428705258236E-002   2.1538461538461538E-003   595.24115924632520     
   7.1220723408232281E-002   2.1538461538461538E-003   572.86372768578462     
   7.4429404772449650E-002   2.1538461538461538E-003   553.31650643417913     
   7.7702983490304176E-002   2.1538461538461538E-003   536.84879949609649     
   8.1040960357672956E-002   2.1538461538461538E-003   523.71786172521490     
   8.4442826350042507E-002   2.1538461538461538E-003   514.18906736816598     
   8.7908062700132419E-002   2.1538461538461538E-003   508.53608381271312     
   9.1436140977004560E-002   2.1538461538461538E-003   507.04105063975493     
   9.5026523166646296E-002   2.1538461538461538E-003   509.99476408101845     
   9.8678661754014921E-002   2.1538461538461538E-003   517.69686698668386     
  0.10239199980653067        2.1538461538461538E-003   530.45604440945021     
  0.10616597105900641        2.1538461538461538E-003   548.59022491384985     
  0.10999999999999999        2.1538461538461538E-003   572.42678772207353     
  
   6.8077428705258236E-002   2.2076923076923076E-003   580.74248069847204     
   7.1220723408232281E-002   2.2076923076923076E-003   558.32758988182604     
   7.4429404772449650E-002   2.2076923076923076E-003   538.80819708665808     
   7.7702983490304176E-002   2.2076923076923076E-003   522.43892942093021     
   8.1040960357672956E-002   2.2076923076923076E-003   509.48257931627091     
   8.4442826350042507E-002   2.2076923076923076E-003   500.21028022613700     
   8.7908062700132419E-002   2.2076923076923076E-003   494.90168778282009     
   9.1436140977004560E-002   2.2076923076923076E-003   493.84516651976139     
   9.5026523166646296E-002   2.2076923076923076E-003   497.33798226815190     
   9.8678661754014921E-002   2.2076923076923076E-003   505.68650033929788     
  0.10239199980653067        2.2076923076923076E-003   519.20638960678366     
  0.10616597105900641        2.2076923076923076E-003   538.22283260505083     
  0.10999999999999999        2.2076923076923076E-003   563.07074176344690     
  
   6.8077428705258236E-002   2.2615384615384615E-003   568.63620628598653     
   7.1220723408232281E-002   2.2615384615384615E-003   546.24034371131745     
   7.4429404772449650E-002   2.2615384615384615E-003   526.80100919657139     
   7.7702983490304176E-002   2.2615384615384615E-003   510.57773505102716     
   8.1040960357672956E-002   2.2615384615384615E-003   497.83841965161378     
   8.4442826350042507E-002   2.2615384615384615E-003   488.85950997790377     
   8.7908062700132419E-002   2.2615384615384615E-003   483.92618984951025     
   9.1436140977004560E-002   2.2615384615384615E-003   483.33257397886717     
   9.5026523166646296E-002   2.2615384615384615E-003   487.38190795493176     
   9.8678661754014921E-002   2.2615384615384615E-003   496.38677427623918     
  0.10239199980653067        2.2615384615384615E-003   510.66930455421658     
  0.10616597105900641        2.2615384615384615E-003   530.56139801062113     
  0.10999999999999999        2.2615384615384615E-003   556.40494639556550     
  
   6.8077428705258236E-002   2.3153846153846154E-003   559.02424226852168     
   7.1220723408232281E-002   2.3153846153846154E-003   536.71270914306228     
   7.4429404772449650E-002   2.3153846153846154E-003   517.41507494251755     
   7.7702983490304176E-002   2.3153846153846154E-003   501.39538950431802     
   8.1040960357672956E-002   2.3153846153846154E-003   488.92625682364417     
   8.4442826350042507E-002   2.3153846153846154E-003   480.28902414033996     
   8.7908062700132419E-002   2.3153846153846154E-003   475.77397696223687     
   9.1436140977004560E-002   2.3153846153846154E-003   475.68054014407920     
   9.5026523166646296E-002   2.3153846153846154E-003   480.31748514374044     
   9.8678661754014921E-002   2.3153846153846154E-003   490.00314358070830     
  0.10239199980653067        2.3153846153846154E-003   505.06562722431562     
  0.10616597105900641        2.3153846153846154E-003   525.84305454229093     
  0.10999999999999999        2.3153846153846154E-003   552.68378394291892     
  
   6.8077428705258236E-002   2.3692307692307693E-003   551.98548719019050     
   7.1220723408232281E-002   2.3692307692307693E-003   529.83093065507819     
   7.4429404772449650E-002   2.3692307692307693E-003   510.74451090491857     
   7.7702983490304176E-002   2.3692307692307693E-003   494.99443477345488     
   8.1040960357672956E-002   2.3692307692307693E-003   482.85763963656194     
   8.4442826350042507E-002   2.3692307692307693E-003   474.61998879372157     
   8.7908062700132419E-002   2.3692307692307693E-003   470.57647301177536     
   9.1436140977004560E-002   2.3692307692307693E-003   471.03141835588775     
   9.5026523166646296E-002   2.3692307692307693E-003   476.29870043562892     
   9.8678661754014921E-002   2.3692307692307693E-003   486.70196519706849     
  0.10239199980653067        2.3692307692307693E-003   502.57485639478944     
  0.10616597105900641        2.3692307692307693E-003   524.26124988076674     
  0.10999999999999999        2.3692307692307693E-003   552.11549484978821     
  
   6.8077428705258236E-002   2.4230769230769228E-003   547.57410178277974     
   7.1220723408232281E-002   2.4230769230769228E-003   525.65483941667992     
   7.4429404772449650E-002   2.4230769230769228E-003   506.85525497565925     
   7.7702983490304176E-002   2.4230769230769228E-003   491.44737479589389     
   8.1040960357672956E-002   2.4230769230769228E-003   479.71212121371707     
   8.4442826350042507E-002   2.4230769230769228E-003   471.93951400562230     
   8.7908062700132419E-002   2.4230769230769228E-003   468.42887820938182     
   9.1436140977004560E-002   2.4230769230769228E-003   469.48905845667093     
   9.5026523166646296E-002   2.4230769230769228E-003   475.43863995117113     
   9.8678661754014921E-002   2.4230769230769228E-003   486.60617622893113     
  0.10239199980653067        2.4230769230769228E-003   503.33042384093477     
  0.10616597105900641        2.4230769230769228E-003   525.96058410098294     
  0.10999999999999999        2.4230769230769228E-003   554.85655204503757     
  
   6.8077428705258236E-002   2.4769230769230771E-003   545.81869580874195     
   7.1220723408232281E-002   2.4769230769230771E-003   524.21692162519469     
   7.4429404772449650E-002   2.4769230769230771E-003   505.78400541349100     
   7.7702983490304176E-002   2.4769230769230771E-003   490.79547382554506     
   8.1040960357672956E-002   2.4769230769230771E-003   479.53590463270211     
   8.4442826350042507E-002   2.4769230769230771E-003   472.29913400268720     
   8.7908062700132419E-002   2.4769230769230771E-003   469.38847037008219     
   9.1436140977004560E-002   2.4769230769230771E-003   471.11691503647791     
   9.5026523166646296E-002   2.4769230769230771E-003   477.80738963999306     
   9.8678661754014921E-002   2.4769230769230771E-003   489.79297063683327     
  0.10239199980653067        2.4769230769230771E-003   507.41713094081058     
  0.10616597105900641        2.4769230769230771E-003   531.03398887015840     
  0.10999999999999999        2.4769230769230771E-003   561.00856455380756     
  
   6.8077428705258236E-002   2.5307692307692305E-003   546.72239288107005     
   7.1220723408232281E-002   2.5307692307692305E-003   525.52234994646278     
   7.4429404772449650E-002   2.5307692307692305E-003   507.53821451379730     
   7.7702983490304176E-002   2.5307692307692305E-003   493.04870766722564     
   8.1040960357672956E-002   2.5307692307692305E-003   482.34174677812206     
   8.4442826350042507E-002   2.5307692307692305E-003   475.71465840448582     
   8.7908062700132419E-002   2.5307692307692305E-003   473.47439799060845     
   9.1436140977004560E-002   2.5307692307692305E-003   475.93777650895549     
   9.5026523166646296E-002   2.5307692307692305E-003   483.43169418956944     
   9.8678661754014921E-002   2.5307692307692305E-003   496.29338148566745     
  0.10239199980653067        2.5307692307692305E-003   514.87064742742643     
  0.10616597105900641        2.5307692307692305E-003   539.52213551934051     
  0.10999999999999999        2.5307692307692305E-003   570.61758733981389     
  
   6.8077428705258236E-002   2.5846153846153844E-003   550.26369733512797     
   7.1220723408232281E-002   2.5846153846153844E-003   529.54989443973125     
   7.4429404772449650E-002   2.5846153846153844E-003   512.09704492628055     
   7.7702983490304176E-002   2.5846153846153844E-003   498.18676676061818     
   8.1040960357672956E-002   2.5846153846153844E-003   488.11000960176671     
   8.4442826350042507E-002   2.5846153846153844E-003   482.16727310944032     
   8.7908062700132419E-002   2.5846153846153844E-003   480.66883225311108     
   9.1436140977004560E-002   2.5846153846153844E-003   483.93496977039183     
   9.5026523166646296E-002   2.5846153846153844E-003   492.29621592573471     
   9.8678661754014921E-002   2.5846153846153844E-003   506.09359572436341     
  0.10239199980653067        2.5846153846153844E-003   525.67888373929554     
  0.10616597105900641        2.5846153846153844E-003   551.41486671351913     
  0.10999999999999999        2.5846153846153844E-003   583.67561410223072     
  
   6.8077428705258236E-002   2.6384615384615383E-003   556.39805825867279     
   7.1220723408232281E-002   2.6384615384615383E-003   536.25359765400594     
   7.4429404772449650E-002   2.6384615384615383E-003   519.41316205522628     
   7.7702983490304176E-002   2.6384615384615383E-003   506.16097240937967     
   8.1040960357672956E-002   2.6384615384615383E-003   496.79070700431697     
   8.4442826350042507E-002   2.6384615384615383E-003   491.60572496335033     
   8.7908062700132419E-002   2.6384615384615383E-003   490.91929693726786     
   9.1436140977004560E-002   2.6384615384615383E-003   495.05484314700033     
   9.5026523166646296E-002   2.6384615384615383E-003   504.34617893425707     
   9.8678661754014921E-002   2.6384615384615383E-003   519.13776798079675     
  0.10239199980653067        2.6384615384615383E-003   539.78498336092844     
  0.10616597105900641        2.6384615384615383E-003   566.65437659553822     
  0.10999999999999999        2.6384615384615383E-003   600.12395487944332     
  
   6.8077428705258236E-002   2.6923076923076922E-003   565.06000527505182     
   7.1220723408232281E-002   2.6923076923076922E-003   545.56507623472226     
   7.4429404772449650E-002   2.6923076923076922E-003   529.41521168619363     
   7.7702983490304176E-002   2.6923076923076922E-003   516.89694111038921     
   8.1040960357672956E-002   2.6923076923076922E-003   508.30636705317755     
   8.4442826350042507E-002   2.6923076923076922E-003   503.94939357349870     
   8.7908062700132419E-002   2.6923076923076922E-003   504.14196207829542     
   9.1436140977004560E-002   2.6923076923076922E-003   509.21029470366756     
   9.5026523166646296E-002   2.6923076923076922E-003   519.49114540531173     
   9.8678661754014921E-002   2.6923076923076922E-003   535.33205892547107     
  0.10239199980653067        2.6923076923076922E-003   557.09163780729148     
  0.10616597105900641        2.6923076923076922E-003   585.13981763170978     
  0.10999999999999999        2.6923076923076922E-003   619.85815065571558     
  
   6.8077428705258236E-002   2.7461538461538461E-003   576.16571856308872     
   7.1220723408232281E-002   2.7461538461538461E-003   557.39629827387148     
   7.4429404772449650E-002   2.7461538461538461E-003   542.01081784157191     
   7.7702983490304176E-002   2.7461538461538461E-003   530.29781672179695     
   8.1040960357672956E-002   2.7461538461538461E-003   522.55551292371842     
   8.4442826350042507E-002   2.7461538461538461E-003   519.09203615938338     
   8.7908062700132419E-002   2.7461538461538461E-003   520.22566856240701     
   9.1436140977004560E-002   2.7461538461538461E-003   526.28509314123744     
   9.5026523166646296E-002   2.7461538461538461E-003   537.60965013625298     
   9.8678661754014921E-002   2.7461538461538461E-003   554.54960145409120     
  0.10239199980653067        2.7461538461538461E-003   577.46640335700567     
  0.10616597105900641        2.7461538461538461E-003   606.73298758886506     
  0.10999999999999999        2.7461538461538461E-003   642.73405112408318     
  
   6.8077428705258236E-002   2.8000000000000000E-003   589.61589140345518     
   7.1220723408232281E-002   2.8000000000000000E-003   571.64268120763472     
   7.4429404772449650E-002   2.8000000000000000E-003   557.08993121544256     
   7.7702983490304176E-002   2.8000000000000000E-003   546.24788535037260     
   8.1040960357672956E-002   2.8000000000000000E-003   539.41656090777019     
   8.4442826350042507E-002   2.8000000000000000E-003   536.90598612977738     
   8.7908062700132419E-002   2.8000000000000000E-003   539.03644552384446     
   9.1436140977004560E-002   2.8000000000000000E-003   546.13873309592020     
   9.5026523166646296E-002   2.8000000000000000E-003   558.55441367349431     
   9.8678661754014921E-002   2.8000000000000000E-003   576.63609249840999     
  0.10239199980653067        2.8000000000000000E-003   600.74769327356853     
  0.10616597105900641        2.8000000000000000E-003   631.26474485225401     
  0.10999999999999999        2.8000000000000000E-003   668.57467676331510     
  
