   6.8077428705258236E-002   2.1538461538461538E-003   584.08390489973272     
   7.1220723408232281E-002   2.1538461538461538E-003   559.14842158196620     
   7.4429404772449650E-002   2.1538461538461538E-003   537.16546685773437     
   7.7702983490304176E-002   2.1538461538461538E-003   518.39706881817483     
   8.1040960357672956E-002   2.1538461538461538E-003   503.11351684685292     
   8.4442826350042507E-002   2.1538461538461538E-003   491.59353024772514     
   8.7908062700132419E-002   2.1538461538461538E-003   484.12443190741021     
   9.1436140977004560E-002   2.1538461538461538E-003   481.00232707844759     
   9.5026523166646296E-002   2.1538461538461538E-003   482.53228737174629     
   9.8678661754014921E-002   2.1538461538461538E-003   489.02854004857784     
  0.10239199980653067        2.1538461538461538E-003   500.81466270407725     
  0.10616597105900641        2.1538461538461538E-003   518.22378343603702     
  0.10999999999999999        2.1538461538461538E-003   541.59878659459355     
  
   6.8077428705258236E-002   2.2076923076923076E-003   569.72970370046869     
   7.1220723408232281E-002   2.2076923076923076E-003   544.60222612514599     
   7.4429404772449650E-002   2.2076923076923076E-003   522.47496866865072     
   7.7702983490304176E-002   2.2076923076923076E-003   503.61447624360704     
   8.1040960357672956E-002   2.2076923076923076E-003   488.29577006372932     
   8.4442826350042507E-002   2.2076923076923076E-003   476.80252486825418     
   8.7908062700132419E-002   2.2076923076923076E-003   469.42725148665966     
   9.1436140977004560E-002   2.2076923076923076E-003   466.47148483837094     
   9.5026523166646296E-002   2.2076923076923076E-003   468.24597746398911     
   9.8678661754014921E-002   2.2076923076923076E-003   475.07089868664036     
  0.10239199980653067        2.2076923076923076E-003   487.27603950427556     
  0.10616597105900641        2.2076923076923076E-003   505.20102331545928     
  0.10999999999999999        2.2076923076923076E-003   529.19552258341844     
  
   6.8077428705258236E-002   2.2615384615384615E-003   557.98290112846712     
   7.1220723408232281E-002   2.2615384615384615E-003   532.71328848754297     
   7.4429404772449650E-002   2.2615384615384615E-003   510.48565431810266     
   7.7702983490304176E-002   2.2615384615384615E-003   491.57054566614744     
   8.1040960357672956E-002   2.2615384615384615E-003   476.24718594304085     
   8.4442826350042507E-002   2.2615384615384615E-003   464.80366050839689     
   8.7908062700132419E-002   2.2615384615384615E-003   457.53710789086495     
   9.1436140977004560E-002   2.2615384615384615E-003   454.75391674890528     
   9.5026523166646296E-002   2.2615384615384615E-003   456.76992867589490     
   9.8678661754014921E-002   2.2615384615384615E-003   463.91064695599061     
  0.10239199980653067        2.2615384615384615E-003   476.51145137967239     
  0.10616597105900641        2.2615384615384615E-003   494.91781922966510     
  0.10999999999999999        2.2615384615384615E-003   519.48555255044062     
  
   6.8077428705258236E-002   2.3153846153846154E-003   548.97848467167319     
   7.1220723408232281E-002   2.3153846153846154E-003   523.62940280727264     
   7.4429404772449650E-002   2.3153846153846154E-003   501.35901033112782     
   7.7702983490304176E-002   2.3153846153846154E-003   482.44138076725574     
   8.1040960357672956E-002   2.3153846153846154E-003   467.15944986256767     
   8.4442826350042507E-002   2.3153846153846154E-003   455.80520928242640     
   8.7908062700132419E-002   2.3153846153846154E-003   448.67990623306076     
   9.1436140977004560E-002   2.3153846153846154E-003   446.09424912001015     
   9.5026523166646296E-002   2.3153846153846154E-003   448.36861935399367     
   9.8678661754014921E-002   2.3153846153846154E-003   455.83328941825823     
  0.10239199980653067        2.3153846153846154E-003   468.82864731326316     
  0.10616597105900641        2.3153846153846154E-003   487.70542749742776     
  0.10999999999999999        2.3153846153846154E-003   512.82494844440998     
  
   6.8077428705258236E-002   2.3692307692307693E-003   542.82968137397370     
   7.1220723408232281E-002   2.3692307692307693E-003   517.47536761350045     
   7.4429404772449650E-002   2.3692307692307693E-003   495.23223572190261     
   7.7702983490304176E-002   2.3692307692307693E-003   476.37744585473143     
   8.1040960357672956E-002   2.3692307692307693E-003   461.19719255352248     
   8.4442826350042507E-002   2.3692307692307693E-003   449.98690628939141     
   8.7908062700132419E-002   2.3692307692307693E-003   443.05146121368387     
   9.1436140977004560E-002   2.3692307692307693E-003   440.70538923125099     
   9.5026523166646296E-002   2.3692307692307693E-003   443.27310051468191     
   9.8678661754014921E-002   2.3692307692307693E-003   451.08911057990468     
  0.10239199980653067        2.3692307692307693E-003   464.49827404623716     
  0.10616597105900641        2.3692307692307693E-003   483.85602520608023     
  0.10999999999999999        2.3692307692307693E-003   509.52862553188731     
  
   6.8077428705258236E-002   2.4230769230769228E-003   539.62520192435318     
   7.1220723408232281E-002   2.4230769230769228E-003   514.34992310119117     
   7.4429404772449650E-002   2.4230769230769228E-003   492.21484902754150     
   7.7702983490304176E-002   2.4230769230769228E-003   473.49981813127704     
   8.1040960357672956E-002   2.4230769230769228E-003   458.49386195965167     
   8.4442826350042507E-002   2.4230769230769228E-003   447.49541427719248     
   8.7908062700132419E-002   2.4230769230769228E-003   440.81252664138856     
   9.1436140977004560E-002   2.4230769230769228E-003   438.76309057814802     
   9.5026523166646296E-002   2.4230769230769228E-003   441.67506648125203     
   9.8678661754014921E-002   2.4230769230769228E-003   449.88671936265183     
  0.10239199980653067        2.4230769230769228E-003   463.74686158278666     
  0.10616597105900641        2.4230769230769228E-003   483.61510269236192     
  0.10999999999999999        2.4230769230769228E-003   509.86210651944981     
  
   6.8077428705258236E-002   2.4769230769230771E-003   539.42742372715043     
   7.1220723408232281E-002   2.4769230769230771E-003   514.32372178075457     
   7.4429404772449650E-002   2.4769230769230771E-003   492.38643079117446     
   7.7702983490304176E-002   2.4769230769230771E-003   473.89768566383151     
   8.1040960357672956E-002   2.4769230769230771E-003   459.14895974810980     
   8.4442826350042507E-002   2.4769230769230771E-003   448.44128115747526     
   8.7908062700132419E-002   2.4769230769230771E-003   442.08545582835563     
   9.1436140977004560E-002   2.4769230769230771E-003   440.40229744567193     
   9.5026523166646296E-002   2.4769230769230771E-003   443.72286436495733     
   9.8678661754014921E-002   2.4769230769230771E-003   452.38870366374596     
  0.10239199980653067        2.4769230769230771E-003   466.75210245700055     
  0.10616597105900641        2.4769230769230771E-003   487.17634661388331     
  0.10999999999999999        2.4769230769230771E-003   514.03598701523094     
  
   6.8077428705258236E-002   2.5307692307692305E-003   542.27150309269325     
   7.1220723408232281E-002   2.5307692307692305E-003   517.43832075434716     
   7.4429404772449650E-002   2.5307692307692305E-003   495.79548751806885     
   7.7702983490304176E-002   2.5307692307692305E-003   477.62707446298288     
   8.1040960357672956E-002   2.5307692307692305E-003   463.22662282944395     
   8.4442826350042507E-002   2.5307692307692305E-003   452.89736718389111     
   8.7908062700132419E-002   2.5307692307692305E-003   446.95246557326459     
   9.1436140977004560E-002   2.5307692307692305E-003   445.71523680227210     
   9.5026523166646296E-002   2.5307692307692305E-003   449.51940496902228     
   9.8678661754014921E-002   2.5307692307692305E-003   458.70935139704261     
  0.10239199980653067        2.5307692307692305E-003   473.64037410393365     
  0.10616597105900641        2.5307692307692305E-003   494.67895494911335     
  0.10999999999999999        2.5307692307692305E-003   522.20303460543141     
  
   6.8077428705258236E-002   2.5846153846153844E-003   548.16536366203422     
   7.1220723408232281E-002   2.5846153846153844E-003   523.70613639673502     
   7.4429404772449650E-002   2.5846153846153844E-003   502.45937084955995     
   7.7702983490304176E-002   2.5846153846153844E-003   484.71073061989944     
   8.1040960357672956E-002   2.5846153846153844E-003   470.75546720017462     
   8.4442826350042507E-002   2.5846153846153844E-003   460.89864955805751     
   8.7908062700132419E-002   2.5846153846153844E-003   455.45540094826936     
   9.1436140977004560E-002   2.5846153846153844E-003   454.75114309241849     
   9.5026523166646296E-002   2.5846153846153844E-003   459.12184786787003     
   9.8678661754014921E-002   2.5846153846153844E-003   468.91429664881105     
  0.10239199980653067        2.5846153846153844E-003   484.48634744504176     
  0.10616597105900641        2.5846153846153844E-003   506.20720998600126     
  0.10999999999999999        2.5846153846153844E-003   534.45772889978912     
  
   6.8077428705258236E-002   2.6384615384615383E-003   557.09047292772595     
   7.1220723408232281E-002   2.6384615384615383E-003   533.11126345106868     
   7.4429404772449650E-002   2.6384615384615383E-003   512.36514315571753     
   7.7702983490304176E-002   2.6384615384615383E-003   495.13903685436287     
   8.1040960357672956E-002   2.6384615384615383E-003   481.72956049138827     
   8.4442826350042507E-002   2.6384615384615383E-003   472.44325666295282     
   8.7908062700132419E-002   2.6384615384615383E-003   467.59683759520846     
   9.1436140977004560E-002   2.6384615384615383E-003   467.51743572455376     
   9.5026523166646296E-002   2.6384615384615383E-003   472.54286202619835     
   9.8678661754014921E-002   2.6384615384615383E-003   483.02187223948056     
  0.10239199980653067        2.6384615384615383E-003   499.31444114067449     
  0.10616597105900641        2.6384615384615383E-003   521.79204501593154     
  0.10999999999999999        2.6384615384615383E-003   550.83795248906154     
  
   6.8077428705258236E-002   2.6923076923076922E-003   569.00329216112766     
   7.1220723408232281E-002   2.6923076923076922E-003   545.61103148131451     
   7.4429404772449650E-002   2.6923076923076922E-003   525.47124899595258     
   7.7702983490304176E-002   2.6923076923076922E-003   508.87180822260319     
   8.1040960357672956E-002   2.6923076923076922E-003   496.11035197392249     
   8.4442826350042507E-002   2.6923076923076922E-003   487.49454328366511     
   8.7908062700132419E-002   2.6923076923076922E-003   483.34231400763406     
   9.1436140977004560E-002   2.6923076923076922E-003   483.98212124900891     
   9.5026523166646296E-002   2.6923076923076922E-003   489.75321175976563     
   9.8678661754014921E-002   2.6923076923076922E-003   501.00589447209768     
  0.10239199980653067        2.6923076923076922E-003   518.10182131609372     
  0.10616597105900641        2.6923076923076922E-003   541.41427648154126     
  0.10999999999999999        2.6923076923076922E-003   571.32847428389300     
  
   6.8077428705258236E-002   2.7461538461538461E-003   583.83726752501548     
   7.1220723408232281E-002   2.7461538461538461E-003   561.13815256666862     
   7.4429404772449650E-002   2.7461538461538461E-003   541.70983123917483     
   7.7702983490304176E-002   2.7461538461538461E-003   525.84078939964616     
   8.1040960357672956E-002   2.7461538461538461E-003   513.82936468722824     
   8.4442826350042507E-002   2.7461538461538461E-003   505.98399227271517     
   8.7908062700132419E-002   2.7461538461538461E-003   502.62345848739358     
   9.1436140977004560E-002   2.7461538461538461E-003   504.07716248659062     
   9.5026523166646296E-002   2.7461538461538461E-003   510.68538610527492     
   9.8678661754014921E-002   2.7461538461538461E-003   522.79957206573363     
  0.10239199980653067        2.7461538461538461E-003   540.78261069904124     
  0.10616597105900641        2.7461538461538461E-003   565.00913534439337     
  0.10999999999999999        2.7461538461538461E-003   595.86582659182841     
  
   6.8077428705258236E-002   2.8000000000000000E-003   601.50522142420061     
   7.1220723408232281E-002   2.8000000000000000E-003   579.60330480452444     
   7.4429404772449650E-002   2.8000000000000000E-003   560.98952072483576     
   7.7702983490304176E-002   2.8000000000000000E-003   545.95266545603135     
   8.1040960357672956E-002   2.8000000000000000E-003   534.79144329445182     
   8.4442826350042507E-002   2.8000000000000000E-003   527.81471650541005     
   8.7908062700132419E-002   2.8000000000000000E-003   525.34176333734990     
   9.1436140977004560E-002   2.8000000000000000E-003   527.70254426810038     
   9.5026523166646296E-002   2.8000000000000000E-003   535.23797664716108     
   9.8678661754014921E-002   2.8000000000000000E-003   548.30021790019464     
  0.10239199980653067        2.8000000000000000E-003   567.25295746404299     
  0.10616597105900641        2.8000000000000000E-003   592.47171762265941     
  0.10999999999999999        2.8000000000000000E-003   624.34416341616213     
  
