   6.8077428705258236E-002   2.1538461538461538E-003   585.71143877258282     
   7.1220723408232281E-002   2.1538461538461538E-003   562.03990155521592     
   7.4429404772449650E-002   2.1538461538461538E-003   541.48449189364453     
   7.7702983490304176E-002   2.1538461538461538E-003   524.31857888659817     
   8.1040960357672956E-002   2.1538461538461538E-003   510.82432474988030     
   8.4442826350042507E-002   2.1538461538461538E-003   501.29287766906754     
   8.7908062700132419E-002   2.1538461538461538E-003   496.02457090530714     
   9.1436140977004560E-002   2.1538461538461538E-003   495.32912829265854     
   9.5026523166646296E-002   2.1538461538461538E-003   499.52587626868927     
   9.8678661754014921E-002   2.1538461538461538E-003   508.94396258411143     
  0.10239199980653067        2.1538461538461538E-003   523.92258184044249     
  0.10616597105900641        2.1538461538461538E-003   544.81120800876784     
  0.10999999999999999        2.1538461538461538E-003   571.96983408585686     
  
   6.8077428705258236E-002   2.2076923076923076E-003   572.54381285014324     
   7.1220723408232281E-002   2.2076923076923076E-003   548.84752660595552     
   7.4429404772449650E-002   2.2076923076923076E-003   528.32703086077231     
   7.7702983490304176E-002   2.2076923076923076E-003   511.26043466344407     
   8.1040960357672956E-002   2.2076923076923076E-003   497.93481986851941     
   8.4442826350042507E-002   2.2076923076923076E-003   488.64643946080258     
   8.7908062700132419E-002   2.2076923076923076E-003   483.70092232756406     
   9.1436140977004560E-002   2.2076923076923076E-003   483.41348462279979     
   9.5026523166646296E-002   2.2076923076923076E-003   488.10914787142815     
   9.8678661754014921E-002   2.2076923076923076E-003   498.12296396580996     
  0.10239199980653067        2.2076923076923076E-003   513.80024721042446     
  0.10616597105900641        2.2076923076923076E-003   535.49681357481109     
  0.10999999999999999        2.2076923076923076E-003   563.57922731878011     
  
   6.8077428705258236E-002   2.2615384615384615E-003   561.98010215115164     
   7.1220723408232281E-002   2.2615384615384615E-003   538.30355368562778     
   7.4429404772449650E-002   2.2615384615384615E-003   517.85560874804582     
   7.7702983490304176E-002   2.2615384615384615E-003   500.91850032791217     
   8.1040960357672956E-002   2.2615384615384615E-003   487.78359051470193     
   8.4442826350042507E-002   2.2615384615384615E-003   478.75157350907972     
   8.7908062700132419E-002   2.2615384615384615E-003   474.13268524081354     
   9.1436140977004560E-002   2.2615384615384615E-003   474.24691974215193     
   9.5026523166646296E-002   2.2615384615384615E-003   479.42425242963839     
   9.8678661754014921E-002   2.2615384615384615E-003   490.00487045131274     
  0.10239199980653067        2.2615384615384615E-003   506.33941026075047     
  0.10616597105900641        2.2615384615384615E-003   528.78920258327798     
  0.10999999999999999        2.2615384615384615E-003   557.72652494422277     
  
   6.8077428705258236E-002   2.3153846153846154E-003   554.13339029892904     
   7.1220723408232281E-002   2.3153846153846154E-003   530.53170122771576     
   7.4429404772449650E-002   2.3153846153846154E-003   510.20537114267046     
   7.7702983490304176E-002   2.3153846153846154E-003   493.44018649913767     
   8.1040960357672956E-002   2.3153846153846154E-003   480.53119784868170     
   8.4442826350042507E-002   2.3153846153846154E-003   471.78292684951509     
   8.7908062700132419E-002   2.3153846153846154E-003   467.50958001267145     
   9.1436140977004560E-002   2.3153846153846154E-003   468.03526933589984     
   9.5026523166646296E-002   2.3153846153846154E-003   473.69423998184891     
   9.8678661754014921E-002   2.3153846153846154E-003   484.83110516133263     
  0.10239199980653067        2.3153846153846154E-003   501.80108838683293     
  0.10616597105900641        2.3153846153846154E-003   524.97027326596276     
  0.10999999999999999        2.3153846153846154E-003   554.71586100898128     
  
   6.8077428705258236E-002   2.3692307692307693E-003   549.09636990630599     
   7.1220723408232281E-002   2.3692307692307693E-003   525.63430302655706     
   7.4429404772449650E-002   2.3692307692307693E-003   505.48906198834931     
   7.7702983490304176E-002   2.3692307692307693E-003   488.94946215063578     
   8.1040960357672956E-002   2.3692307692307693E-003   476.31369883482159     
   8.4442826350042507E-002   2.3692307692307693E-003   467.88955775214117     
   8.7908062700132419E-002   2.3692307692307693E-003   463.99463227152586     
   9.1436140977004560E-002   2.3692307692307693E-003   464.95654768269037     
   9.5026523166646296E-002   2.3692307692307693E-003   471.11319261348137     
   9.8678661754014921E-002   2.3692307692307693E-003   482.81295776515634     
  0.10239199980653067        2.3692307692307693E-003   500.41498213378736     
  0.10616597105900641        2.3692307692307693E-003   524.28940689056867     
  0.10999999999999999        2.3692307692307693E-003   554.81763709855818     
  
   6.8077428705258236E-002   2.4230769230769228E-003   546.93910833289533     
   7.1220723408232281E-002   2.4230769230769228E-003   523.68979827116993     
   7.4429404772449650E-002   2.4230769230769228E-003   503.79421285928845     
   7.7702983490304176E-002   2.4230769230769228E-003   487.54371635232138     
   8.1040960357672956E-002   2.4230769230769228E-003   475.23915183887715     
   8.4442826350042507E-002   2.4230769230769228E-003   467.19105460835124     
   8.7908062700132419E-002   2.4230769230769228E-003   463.71987244547574     
   9.1436140977004560E-002   2.4230769230769228E-003   465.15619300883924     
   9.5026523166646296E-002   2.4230769230769228E-003   471.84097845459132     
   9.8678661754014921E-002   2.4230769230769228E-003   484.12580747116863     
  0.10239199980653067        2.4230769230769228E-003   502.37312489564243     
  0.10616597105900641        2.4230769230769228E-003   526.95649908708344     
  0.10999999999999999        2.4230769230769228E-003   558.26088723706562     
  
   6.8077428705258236E-002   2.4769230769230771E-003   547.70766299873355     
   7.1220723408232281E-002   2.4769230769230771E-003   524.75115245674328     
   7.4429404772449650E-002   2.4769230769230771E-003   505.18135055465962     
   7.7702983490304176E-002   2.4769230769230771E-003   489.29173224892054     
   8.1040960357672956E-002   2.4769230769230771E-003   477.38533521789725     
   8.4442826350042507E-002   2.4769230769230771E-003   469.77497579147087     
   8.7908062700132419E-002   2.4769230769230771E-003   466.78347188236478     
   9.1436140977004560E-002   2.4769230769230771E-003   468.74387307753932     
   9.5026523166646296E-002   2.4769230769230771E-003   475.99969805282365     
   9.8678661754014921E-002   2.4769230769230771E-003   488.90517947845836     
  0.10239199980653067        2.4769230769230771E-003   507.82551658848308     
  0.10616597105900641        2.4769230769230771E-003   533.13713559145526     
  0.10999999999999999        2.4769230769230771E-003   565.22795810516845     
  
   6.8077428705258236E-002   2.5307692307692305E-003   551.42353055946398     
   7.1220723408232281E-002   2.5307692307692305E-003   528.84519265138817     
   7.4429404772449650E-002   2.5307692307692305E-003   509.68320568562689     
   7.7702983490304176E-002   2.5307692307692305E-003   494.23275517753893     
   8.1040960357672956E-002   2.5307692307692305E-003   482.79866008965814     
   8.4442826350042507E-002   2.5307692307692305E-003   475.69559103464752     
   8.7908062700132419E-002   2.5307692307692305E-003   473.24829554705076     
   9.1436140977004560E-002   2.5307692307692305E-003   475.79183058386775     
   9.5026523166646296E-002   2.5307692307692305E-003   483.67180241883671     
   9.8678661754014921E-002   2.5307692307692305E-003   497.24461410032137     
  0.10239199980653067        2.5307692307692305E-003   516.87772064770081     
  0.10616597105900641        2.5307692307692305E-003   542.94989216617739     
  0.10999999999999999        2.5307692307692305E-003   575.85148506528492     
  
   6.8077428705258236E-002   2.5846153846153844E-003   558.08387626797787     
   7.1220723408232281E-002   2.5846153846153844E-003   535.97279879238658     
   7.4429404772449650E-002   2.5846153846153844E-003   517.30485900002236     
   7.7702983490304176E-002   2.5846153846153844E-003   502.37658645739737     
   8.1040960357672956E-002   2.5846153846153844E-003   491.49420331608303     
   8.4442826350042507E-002   2.5846153846153844E-003   484.97384457413580     
   8.7908062700132419E-002   2.5846153846153844E-003   483.14178546982004     
   9.1436140977004560E-002   2.5846153846153844E-003   486.33467616961332     
   9.5026523166646296E-002   2.5846153846153844E-003   494.89978391747093     
   9.8678661754014921E-002   2.5846153846153844E-003   509.19524281749131     
  0.10239199980653067        2.5846153846153844E-003   529.59031142725200     
  0.10616597105900641        2.5846153846153844E-003   556.46563834439439     
  0.10999999999999999        2.5846153846153844E-003   590.21353597453913     
  
   6.8077428705258236E-002   2.6384615384615383E-003   567.66245873513208     
   7.1220723408232281E-002   2.6384615384615383E-003   546.10985845254959     
   7.4429404772449650E-002   2.6384615384615383E-003   528.02472458809279     
   7.7702983490304176E-002   2.6384615384615383E-003   513.70459315183336     
   8.1040960357672956E-002   2.6384615384615383E-003   503.45674159117641     
   8.4442826350042507E-002   2.6384615384615383E-003   497.59841095250420     
   8.7908062700132419E-002   2.6384615384615383E-003   496.45703523805741     
   9.1436140977004560E-002   2.6384615384615383E-003   500.37047812228525     
   9.5026523166646296E-002   2.6384615384615383E-003   509.68727719707152     
   9.8678661754014921E-002   2.6384615384615383E-003   524.76689592057414     
  0.10239199980653067        2.6384615384615383E-003   545.97998344967868     
  0.10616597105900641        2.6384615384615383E-003   573.70864254190519     
  0.10999999999999999        2.6384615384615383E-003   608.34670571794504     
  
   6.8077428705258236E-002   2.6923076923076922E-003   580.11114180930485     
   7.1220723408232281E-002   2.6923076923076922E-003   559.20886666260947     
   7.4429404772449650E-002   2.6923076923076922E-003   541.79624070653563     
   7.7702983490304176E-002   2.6923076923076922E-003   528.17149294261958     
   8.1040960357672956E-002   2.6923076923076922E-003   518.64263339250851     
   8.4442826350042507E-002   2.6923076923076922E-003   513.52767704018584     
   8.7908062700132419E-002   2.6923076923076922E-003   513.15487503345867     
   9.1436140977004560E-002   2.6923076923076922E-003   517.86295331149358     
   9.5026523166646296E-002   2.6923076923076922E-003   528.00135883057806     
   9.8678661754014921E-002   2.6923076923076922E-003   543.93051356591923     
  0.10239199980653067        2.6923076923076922E-003   566.02207647281921     
  0.10616597105900641        2.6923076923076922E-003   594.65921359647109     
  0.10999999999999999        2.6923076923076922E-003   630.23687652550234     
  
   6.8077428705258236E-002   2.7461538461538461E-003   595.36186970033827     
   7.1220723408232281E-002   2.7461538461538461E-003   575.20103519436339     
   7.4429404772449650E-002   2.7461538461538461E-003   558.55012005723859     
   7.7702983490304176E-002   2.7461538461538461E-003   545.70775249233270     
   8.1040960357672956E-002   2.7461538461538461E-003   536.98237277337910     
   8.4442826350042507E-002   2.7461538461538461E-003   532.69245886834256     
   8.7908062700132419E-002   2.7461538461538461E-003   533.16675938802587     
   9.1436140977004560E-002   2.7461538461538461E-003   538.74453402906647     
   9.5026523166646296E-002   2.7461538461538461E-003   549.77580168683141     
   9.8678661754014921E-002   2.7461538461538461E-003   566.62159641924063     
  0.10239199980653067        2.7461538461538461E-003   589.65423144876775     
  0.10616597105900641        2.7461538461538461E-003   619.25757139574114     
  0.10999999999999999        2.7461538461538461E-003   655.82731294239784     
  
   6.8077428705258236E-002   2.8000000000000000E-003   613.32897364880216     
   7.1220723408232281E-002   2.8000000000000000E-003   593.99876704948053     
   7.4429404772449650E-002   2.8000000000000000E-003   578.19700178407538     
   7.7702983490304176E-002   2.8000000000000000E-003   566.22242709985312     
   8.1040960357672956E-002   2.8000000000000000E-003   558.38362731148834     
   8.4442826350042507E-002   2.8000000000000000E-003   554.99924901165014     
   8.7908062700132419E-002   2.8000000000000000E-003   556.39823567273038     
   9.1436140977004560E-002   2.8000000000000000E-003   562.92006981239786     
   9.5026523166646296E-002   2.8000000000000000E-003   574.91502290196172     
   9.8678661754014921E-002   2.8000000000000000E-003   592.74441320247911     
  0.10239199980653067        2.8000000000000000E-003   616.78087171959589     
  0.10616597105900641        2.8000000000000000E-003   647.40861647470967     
  0.10999999999999999        2.8000000000000000E-003   685.02373529662418     
  
