   6.8077428705258236E-002   2.1538461538461538E-003   4420.4599420886861     
   7.1220723408232281E-002   2.1538461538461538E-003   4274.7673524835609     
   7.4429404772449650E-002   2.1538461538461538E-003   4128.8425289483248     
   7.7702983490304176E-002   2.1538461538461538E-003   3982.9199367249066     
   8.1040960357672956E-002   2.1538461538461538E-003   3837.2416486743509     
   8.4442826350042507E-002   2.1538461538461538E-003   3692.0575187935719     
   8.7908062700132419E-002   2.1538461538461538E-003   3547.6253617844104     
   9.1436140977004560E-002   2.1538461538461538E-003   3404.2111388448666     
   9.5026523166646296E-002   2.1538461538461538E-003   3262.0891498582778     
   9.8678661754014921E-002   2.1538461538461538E-003   3121.5422321634137     
  0.10239199980653067        2.1538461538461538E-003   2982.8619660951485     
  0.10616597105900641        2.1538461538461538E-003   2846.3488874928162     
  0.10999999999999999        2.1538461538461538E-003   2712.3127073802780     
  
   6.8077428705258236E-002   2.2076923076923076E-003   4382.2465901974501     
   7.1220723408232281E-002   2.2076923076923076E-003   4235.2014250624270     
   7.4429404772449650E-002   2.2076923076923076E-003   4087.9405458453193     
   7.7702983490304176E-002   2.2076923076923076E-003   3940.7024445767702     
   8.1040960357672956E-002   2.2076923076923076E-003   3793.7334037123937     
   8.4442826350042507E-002   2.2076923076923076E-003   3647.2876769757531     
   8.7908062700132419E-002   2.2076923076923076E-003   3501.6276765580169     
   9.1436140977004560E-002   2.2076923076923076E-003   3357.0241668552799     
   9.5026523166646296E-002   2.2076923076923076E-003   3213.7564649318638     
   9.8678661754014921E-002   2.2076923076923076E-003   3072.1126479046943     
  0.10239199980653067        2.2076923076923076E-003   2932.3897674512773     
  0.10616597105900641        2.2076923076923076E-003   2794.8940716525130     
  0.10999999999999999        2.2076923076923076E-003   2659.9412343881586     
  
   6.8077428705258236E-002   2.2615384615384615E-003   4351.4552058869222     
   7.1220723408232281E-002   2.2615384615384615E-003   4203.3572375921385     
   7.4429404772449650E-002   2.2615384615384615E-003   4055.0618486280810     
   7.7702983490304176E-002   2.2615384615384615E-003   3906.8111550568997     
   8.1040960357672956E-002   2.2615384615384615E-003   3758.8552311496742     
   8.4442826350042507E-002   2.2615384615384615E-003   3611.4522970984763     
   8.7908062700132419E-002   2.2615384615384615E-003   3464.8689133719809     
   9.1436140977004560E-002   2.2615384615384615E-003   3319.3801819068508     
   9.5026523166646296E-002   2.2615384615384615E-003   3175.2699543342460     
   9.8678661754014921E-002   2.2615384615384615E-003   3032.8310474485515     
  0.10239199980653067        2.2615384615384615E-003   2892.3654661336782     
  0.10616597105900641        2.2615384615384615E-003   2754.1846339701488     
  0.10999999999999999        2.2615384615384615E-003   2618.6096317554229     
  
   6.8077428705258236E-002   2.3153846153846154E-003   4328.1280812687528     
   7.1220723408232281E-002   2.3153846153846154E-003   4179.2850614706704     
   7.4429404772449650E-002   2.3153846153846154E-003   4030.2654339441597     
   7.7702983490304176E-002   2.3153846153846154E-003   3881.3145747919125     
   8.1040960357672956E-002   2.3153846153846154E-003   3732.6859719827580     
   8.4442826350042507E-002   2.3153846153846154E-003   3584.6414194746685     
   8.7908062700132419E-002   2.3153846153846154E-003   3437.4512182512126     
   9.1436140977004560E-002   2.3153846153846154E-003   3291.3943844735431     
   9.5026523166646296E-002   2.3153846153846154E-003   3146.7588649577965     
   9.8678661754014921E-002   2.3153846153846154E-003   3003.8417601970268     
  0.10239199980653067        2.3153846153846154E-003   2862.9495551537620     
  0.10616597105900641        2.3153846153846154E-003   2724.3983580596441     
  0.10999999999999999        2.3153846153846154E-003   2588.5141474667098     
  
   6.8077428705258236E-002   2.3692307692307693E-003   4312.2618420468771     
   7.1220723408232281E-002   2.3692307692307693E-003   4162.9869166091430     
   7.4429404772449650E-002   2.3692307692307693E-003   4013.5593604586938     
   7.7702983490304176E-002   2.3692307692307693E-003   3864.2274813739432     
   8.1040960357672956E-002   2.3692307692307693E-003   3715.2478393201400     
   8.4442826350042507E-002   2.3692307692307693E-003   3566.8854465229770     
   8.7908062700132419E-002   2.3692307692307693E-003   3419.4139747069462     
   9.1436140977004560E-002   2.3692307692307693E-003   3273.1159697107059     
   9.5026523166646296E-002   2.3692307692307693E-003   3128.2830736994947     
   9.8678661754014921E-002   2.3692307692307693E-003   2985.2162552037266     
  0.10239199980653067        2.3692307692307693E-003   2844.2260472218973     
  0.10616597105900641        2.3692307692307693E-003   2705.6327936349285     
  0.10999999999999999        2.3692307692307693E-003   2569.7669041891963     
  
   6.8077428705258236E-002   2.4230769230769228E-003   4303.8071248845044     
   7.1220723408232281E-002   2.4230769230769228E-003   4154.4160701390083     
   7.4429404772449650E-002   2.4230769230769228E-003   4004.9000496444442     
   7.7702983490304176E-002   2.4230769230769228E-003   3855.5100059610700     
   8.1040960357672956E-002   2.4230769230769228E-003   3706.5052614871020     
   8.4442826350042507E-002   2.4230769230769228E-003   3558.1537240166008     
   8.7908062700132419E-002   2.4230769230769228E-003   3410.7320996956296     
   9.1436140977004560E-002   2.4230769230769228E-003   3264.5261135978162     
   9.5026523166646296E-002   2.4230769230769228E-003   3119.8307381487766     
   9.8678661754014921E-002   2.4230769230769228E-003   2976.9504296389437     
  0.10239199980653067        2.4230769230769228E-003   2836.1993730726449     
  0.10616597105900641        2.4230769230769228E-003   2697.9017356119730     
  0.10999999999999999        2.4230769230769228E-003   2562.3919288834932     
  
   6.8077428705258236E-002   2.4769230769230771E-003   4302.6692730135956     
   7.1220723408232281E-002   2.4769230769230771E-003   4153.4776497231342     
   7.4429404772449650E-002   2.4769230769230771E-003   4004.1928046930184     
   7.7702983490304176E-002   2.4769230769230771E-003   3855.0680450737382     
   8.1040960357672956E-002   2.4769230769230771E-003   3706.3651733737224     
   8.4442826350042507E-002   2.4769230769230771E-003   3558.3546980290757     
   8.7908062700132419E-002   2.4769230769230771E-003   3411.3160515862755     
   9.1436140977004560E-002   2.4769230769230771E-003   3265.5378167271824     
   9.5026523166646296E-002   2.4769230769230771E-003   3121.3179603754124     
   9.8678661754014921E-002   2.4769230769230771E-003   2978.9640761315814     
  0.10239199980653067        2.4769230769230771E-003   2838.7936352963816     
  0.10616597105900641        2.4769230769230771E-003   2701.1342467488425     
  0.10999999999999999        2.4769230769230771E-003   2566.3239259593347     
  
   6.8077428705258236E-002   2.5307692307692305E-003   4308.7100158256244     
   7.1220723408232281E-002   2.5307692307692305E-003   4160.0303343636206     
   7.4429404772449650E-002   2.5307692307692305E-003   4011.2935072587888     
   7.7702983490304176E-002   2.5307692307692305E-003   3862.7549577359846     
   8.1040960357672956E-002   2.5307692307692305E-003   3714.6787081869752     
   8.4442826350042507E-002   2.5307692307692305E-003   3567.3375952729657     
   8.7908062700132419E-002   2.5307692307692305E-003   3421.0134928352891     
   9.1436140977004560E-002   2.5307692307692305E-003   3275.9975428522298     
   9.5026523166646296E-002   2.5307692307692305E-003   3132.5903946882499     
   9.8678661754014921E-002   2.5307692307692305E-003   2991.1024528928847     
  0.10239199980653067        2.5307692307692305E-003   2851.8541338156419     
  0.10616597105900641        2.5307692307692305E-003   2715.1761313149254     
  0.10999999999999999        2.5307692307692305E-003   2581.4096918493656     
  
   6.8077428705258236E-002   2.5846153846153844E-003   4321.7500577563005     
   7.1220723408232281E-002   2.5846153846153844E-003   4173.8890411840275     
   7.4429404772449650E-002   2.5846153846153844E-003   4026.0114030493924     
   7.7702983490304176E-002   2.5846153846153844E-003   3878.3744508300015     
   8.1040960357672956E-002   2.5846153846153844E-003   3731.2441835876834     
   8.4442826350042507E-002   2.5846153846153844E-003   3584.8955111187438     
   8.7908062700132419E-002   2.5846153846153844E-003   3439.6124810888009     
   9.1436140977004560E-002   2.5846153846153844E-003   3295.6885143969962     
   9.5026523166646296E-002   2.5846153846153844E-003   3153.4266490233576     
   9.8678661754014921E-002   2.5846153846153844E-003   3013.1397926243817     
  0.10239199980653067        2.5846153846153844E-003   2875.1509841513325     
  0.10616597105900641        2.5846153846153844E-003   2739.7936647779725     
  0.10999999999999999        2.5846153846153844E-003   2607.4119584344826     
  
   6.8077428705258236E-002   2.6384615384615383E-003   4341.5724685187079     
   7.1220723408232281E-002   2.6384615384615383E-003   4194.8284902525411     
   7.4429404772449650E-002   2.6384615384615383E-003   4048.1128475115343     
   7.7702983490304176E-002   2.6384615384615383E-003   3901.6845122019722     
   8.1040960357672956E-002   2.6384615384615383E-003   3755.8112290803274     
   8.4442826350042507E-002   2.6384615384615383E-003   3610.7697384630910     
   8.7908062700132419E-002   2.6384615384615383E-003   3466.8460070784799     
   9.1436140977004560E-002   2.6384615384615383E-003   3324.3354673097392     
   9.5026523166646296E-002   2.6384615384615383E-003   3183.5432650922858     
   9.8678661754014921E-002   2.6384615384615383E-003   3044.7845167349760     
  0.10239199980653067        2.6384615384615383E-003   2908.3845749491338     
  0.10616597105900641        2.6384615384615383E-003   2774.6793043779426     
  0.10999999999999999        2.6384615384615383E-003   2644.0153669329766     
  
   6.8077428705258236E-002   2.6923076923076922E-003   4367.9267414297356     
   7.1220723408232281E-002   2.6923076923076922E-003   4222.5875019333935     
   7.4429404772449650E-002   2.6923076923076922E-003   4077.3258528859865     
   7.7702983490304176E-002   2.6923076923076922E-003   3932.4022185614745     
   8.1040960357672956E-002   2.6923076923076922E-003   3788.0858663831104     
   8.4442826350042507E-002   2.6923076923076922E-003   3644.6551327055458     
   8.7908062700132419E-002   2.6923076923076922E-003   3502.3976568752714     
   9.1436140977004560E-002   2.6923076923076922E-003   3361.6106238257639     
   9.5026523166646296E-002   2.6923076923076922E-003   3222.6010154747437     
   9.8678661754014921E-002   2.6923076923076922E-003   3085.6858712011235     
  0.10239199980653067        2.6923076923076922E-003   2951.1925576903786     
  0.10616597105900641        2.6923076923076922E-003   2819.4590484497071     
  0.10999999999999999        2.6923076923076922E-003   2690.8342133051292     
  
   6.8077428705258236E-002   2.7461538461538461E-003   4400.5333694747878     
   7.1220723408232281E-002   2.7461538461538461E-003   4256.8738627380117     
   7.4429404772449650E-002   2.7461538461538461E-003   4113.3452579216391     
   7.7702983490304176E-002   2.7461538461538461E-003   3970.2092237150910     
   8.1040960357672956E-002   2.7461538461538461E-003   3827.7363314410959     
   8.4442826350042507E-002   2.7461538461538461E-003   3686.2062834258413     
   8.7908062700132419E-002   2.7461538461538461E-003   3545.9081497648403     
   9.1436140977004560E-002   2.7461538461538461E-003   3407.1406137462500     
   9.5026523166646296E-002   2.7461538461538461E-003   3270.2122262036528     
   9.8678661754014921E-002   2.7461538461538461E-003   3135.4416690817425     
  0.10239199980653067        2.7461538461538461E-003   3003.1580285098635     
  0.10616597105900641        2.7461538461538461E-003   2873.7010776900456     
  0.10999999999999999        2.7461538461538461E-003   2747.4215699183223     
  
   6.8077428705258236E-002   2.8000000000000000E-003   4439.0887796648731     
   7.1220723408232281E-002   2.8000000000000000E-003   4297.3695859301806     
   7.4429404772449650E-002   2.8000000000000000E-003   4155.8383311991074     
   7.7702983490304176E-002   2.8000000000000000E-003   4014.7577217278622     
   8.1040960357672956E-002   2.8000000000000000E-003   3874.3994152106843     
   8.4442826350042507E-002   2.8000000000000000E-003   3735.0442512626664     
   8.7908062700132419E-002   2.8000000000000000E-003   3596.9824903963099     
   9.1436140977004560E-002   2.8000000000000000E-003   3460.5140617575462     
   9.5026523166646296E-002   2.8000000000000000E-003   3325.9488198986919     
   9.8678661754014921E-002   2.8000000000000000E-003   3193.6068108757308     
  0.10239199980653067        2.8000000000000000E-003   3063.8185479703006     
  0.10616597105900641        2.8000000000000000E-003   2936.9252973480734     
  0.10999999999999999        2.8000000000000000E-003   2813.2793739782301     
  
