   6.8077428705258236E-002   2.1538461538461538E-003   471.63871441754395     
   7.1220723408232281E-002   2.1538461538461538E-003   449.31971350937772     
   7.4429404772449650E-002   2.1538461538461538E-003   429.99303805921932     
   7.7702983490304176E-002   2.1538461538461538E-003   413.91942762886890     
   8.1040960357672956E-002   2.1538461538461538E-003   401.36788551299065     
   8.4442826350042507E-002   2.1538461538461538E-003   392.61585241752141     
   8.7908062700132419E-002   2.1538461538461538E-003   387.94938567261869     
   9.1436140977004560E-002   2.1538461538461538E-003   387.66334410276170     
   9.5026523166646296E-002   2.1538461538461538E-003   392.06157868061308     
   9.8678661754014921E-002   2.1538461538461538E-003   401.45712909518522     
  0.10239199980653067        2.1538461538461538E-003   416.17242636901778     
  0.10616597105900641        2.1538461538461538E-003   436.53950166327513     
  0.10999999999999999        2.1538461538461538E-003   462.90020141398287     
  
   6.8077428705258236E-002   2.2076923076923076E-003   454.26953335305268     
   7.1220723408232281E-002   2.2076923076923076E-003   431.80150559522167     
   7.4429404772449650E-002   2.2076923076923076E-003   412.39065456875483     
   7.7702983490304176E-002   2.2076923076923076E-003   396.30316134131914     
   8.1040960357672956E-002   2.2076923076923076E-003   383.81368257146460     
   8.4442826350042507E-002   2.2076923076923076E-003   375.20553063625329     
   8.7908062700132419E-002   2.2076923076923076E-003   370.77085948833439     
   9.1436140977004560E-002   2.2076923076923076E-003   370.81085636832358     
   9.5026523166646296E-002   2.2076923076923076E-003   375.63593950213306     
   9.8678661754014921E-002   2.2076923076923076E-003   385.56596191715971     
  0.10239199980653067        2.2076923076923076E-003   400.93042151516943     
  0.10616597105900641        2.2076923076923076E-003   422.06867754419147     
  0.10999999999999999        2.2076923076923076E-003   449.33017361579647     
  
   6.8077428705258236E-002   2.2615384615384615E-003   439.16828964722947     
   7.1220723408232281E-002   2.2615384615384615E-003   416.58811755600038     
   7.4429404772449650E-002   2.2615384615384615E-003   397.12390069278285     
   7.7702983490304176E-002   2.2615384615384615E-003   381.04673794352721     
   8.1040960357672956E-002   2.2615384615384615E-003   368.63639782319342     
   8.4442826350042507E-002   2.2615384615384615E-003   360.18150456737976     
   8.7908062700132419E-002   2.2615384615384615E-003   355.97973012607599     
   9.1436140977004560E-002   2.2615384615384615E-003   356.33799218738750     
   9.5026523166646296E-002   2.2615384615384615E-003   361.57265836290895     
   9.8678661754014921E-002   2.2615384615384615E-003   372.00975667046987     
  0.10239199980653067        2.2615384615384615E-003   387.98519245408113     
  0.10616597105900641        2.2615384615384615E-003   409.84497188505594     
  0.10999999999999999        2.2615384615384615E-003   437.94543219260112     
  
   6.8077428705258236E-002   2.3153846153846154E-003   426.49739435898891     
   7.1220723408232281E-002   2.3153846153846154E-003   403.85552871812303     
   7.4429404772449650E-002   2.3153846153846154E-003   384.38323219765971     
   7.7702983490304176E-002   2.3153846153846154E-003   368.35604562192515     
   8.1040960357672956E-002   2.3153846153846154E-003   356.05835771499642     
   8.4442826350042507E-002   2.3153846153846154E-003   347.78359676649166     
   8.7908062700132419E-002   2.3153846153846154E-003   343.83442835597214     
   9.1436140977004560E-002   2.3153846153846154E-003   344.52295926492519     
   9.5026523166646296E-002   2.3153846153846154E-003   350.17094770914923     
   9.8678661754014921E-002   2.3153846153846154E-003   361.11002002833726     
  0.10239199980653067        2.3153846153846154E-003   377.68189397349715     
  0.10616597105900641        2.3153846153846154E-003   400.23860873700528     
  0.10999999999999999        2.3153846153846154E-003   429.14276187418272     
  
   6.8077428705258236E-002   2.3692307692307693E-003   416.40529434108447     
   7.1220723408232281E-002   2.3692307692307693E-003   393.76521509751336     
   7.4429404772449650E-002   2.3692307692307693E-003   374.34405962619439     
   7.7702983490304176E-002   2.3692307692307693E-003   358.42138301557191     
   8.1040960357672956E-002   2.3692307692307693E-003   346.28575278486613     
   8.4442826350042507E-002   2.3692307692307693E-003   338.23494582677841     
   8.7908062700132419E-002   2.3692307692307693E-003   334.57615155491419     
   9.1436140977004560E-002   2.3692307692307693E-003   335.62618138564073     
   9.5026523166646296E-002   2.3692307692307693E-003   341.71168468788164     
   9.8678661754014921E-002   2.3692307692307693E-003   353.16937133804089     
  0.10239199980653067        2.3692307692307693E-003   370.34624102115055     
  0.10616597105900641        2.3692307692307693E-003   393.59981942307650     
  0.10999999999999999        2.3692307692307693E-003   423.29840146272454     
  
   6.8077428705258236E-002   2.4230769230769228E-003   409.02271645934087     
   7.1220723408232281E-002   2.4230769230769228E-003   386.45998349888691     
   7.4429404772449650E-002   2.4230769230769228E-003   367.16213773509219     
   7.7702983490304176E-002   2.4230769230769228E-003   351.41236719452166     
   8.1040960357672956E-002   2.4230769230769228E-003   339.50302500191270     
   8.4442826350042507E-002   2.4230769230769228E-003   331.73583138457946     
   8.7908062700132419E-002   2.4230769230769228E-003   328.42208202252692     
   9.1436140977004560E-002   2.4230769230769228E-003   329.88286287467395     
   9.5026523166646296E-002   2.4230769230769228E-003   336.44927161514437     
   9.8678661754014921E-002   2.4230769230769228E-003   348.46264581716099     
  0.10239199980653067        2.4230769230769228E-003   366.27479802573072     
  0.10616597105900641        2.4230769230769228E-003   390.24825786397685     
  0.10999999999999999        2.4230769230769228E-003   420.75652132169733     
  
   6.8077428705258236E-002   2.4769230769230771E-003   404.45954634992830     
   7.1220723408232281E-002   2.4769230769230771E-003   382.06050344520781     
   7.4429404772449650E-002   2.4769230769230771E-003   362.96972130284877     
   7.7702983490304176E-002   2.4769230769230771E-003   347.47368216537740     
   8.1040960357672956E-002   2.4769230769230771E-003   335.86817579894773     
   8.4442826350042507E-002   2.4769230769230771E-003   328.45850640956348     
   8.7908062700132419E-002   2.4769230769230771E-003   325.55970604516466     
   9.1436140977004560E-002   2.4769230769230771E-003   327.49675461476374     
   9.5026523166646296E-002   2.4769230769230771E-003   334.60480665919243     
   9.8678661754014921E-002   2.4769230769230771E-003   347.22942501139840     
  0.10239199980653067        2.4769230769230771E-003   365.72682148773521     
  0.10616597105900641        2.4769230769230771E-003   390.46410475517598     
  0.10999999999999999        2.4769230769230771E-003   421.81953552275070     
  
   6.8077428705258236E-002   2.5307692307692305E-003   402.80240615756730     
   7.1220723408232281E-002   2.5307692307692305E-003   380.66260874968305     
   7.4429404772449650E-002   2.5307692307692305E-003   361.87256717252740     
   7.7702983490304176E-002   2.5307692307692305E-003   346.72175655773759     
   8.1040960357672956E-002   2.5307692307692305E-003   335.50909303642857     
   8.4442826350042507E-002   2.5307692307692305E-003   328.54314546193865     
   8.7908062700132419E-002   2.5307692307692305E-003   326.14235376071991     
   9.1436140977004560E-002   2.5307692307692305E-003   328.63525404358933     
   9.5026523166646296E-002   2.5307692307692305E-003   336.36071061278295     
   9.8678661754014921E-002   2.5307692307692305E-003   349.66815500354812     
  0.10239199980653067        2.5307692307692305E-003   368.91783220227512     
  0.10616597105900641        2.5307692307692305E-003   394.48105418635771     
  0.10999999999999999        2.5307692307692305E-003   426.74046093437823     
  
   6.8077428705258236E-002   2.5846153846153844E-003   404.11296096795434     
   7.1220723408232281E-002   2.5846153846153844E-003   382.33540199904024     
   7.4429404772449650E-002   2.5846153846153844E-003   363.94781968543407     
   7.7702983490304176E-002   2.5846153846153844E-003   349.24241189217480     
   8.1040960357672956E-002   2.5846153846153844E-003   338.52094292803321     
   8.4442826350042507E-002   2.5846153846153844E-003   332.09495999137295     
   8.7908062700132419E-002   2.5846153846153844E-003   330.28601638992922     
   9.1436140977004560E-002   2.5846153846153844E-003   333.42590166831792     
   9.5026523166646296E-002   2.5846153846153844E-003   341.85687877998845     
   9.8678661754014921E-002   2.5846153846153844E-003   355.93192844352222     
  0.10239199980653067        2.5846153846153844E-003   376.01500082629457     
  0.10616597105900641        2.5846153846153844E-003   402.48127470148438     
  0.10999999999999999        2.5846153846153844E-003   435.71742422762020     
  
   6.8077428705258236E-002   2.6384615384615383E-003   408.42695136603811     
   7.1220723408232281E-002   2.6384615384615383E-003   387.12015937640149     
   7.4429404772449650E-002   2.6384615384615383E-003   369.24277693255209     
   7.7702983490304176E-002   2.6384615384615383E-003   355.08947885531654     
   8.1040960357672956E-002   2.6384615384615383E-003   344.96462435034437     
   8.4442826350042507E-002   2.6384615384615383E-003   339.18247809249976     
   8.7908062700132419E-002   2.6384615384615383E-003   338.06743823385568     
   9.1436140977004560E-002   2.6384615384615383E-003   341.95427147088890     
   9.5026523166646296E-002   2.6384615384615383E-003   351.18835530946086     
   9.8678661754014921E-002   2.6384615384615383E-003   366.12592766909057     
  0.10239199980653067        2.6384615384615383E-003   387.13434397097609     
  0.10616597105900641        2.6384615384615383E-003   414.59234185713564     
  0.10999999999999999        2.6384615384615383E-003   448.89031369081147     
  
   6.8077428705258236E-002   2.6923076923076922E-003   415.75392097568857     
   7.1220723408232281E-002   2.6923076923076922E-003   395.03000151794913     
   7.4429404772449650E-002   2.6923076923076922E-003   377.77450006411118     
   7.7702983490304176E-002   2.6923076923076922E-003   364.28434005042982     
   8.1040960357672956E-002   2.6923076923076922E-003   354.86623988614105     
   8.4442826350042507E-002   2.6923076923076922E-003   349.83693856988953     
   8.7908062700132419E-002   2.6923076923076922E-003   349.52342838204822     
   9.1436140977004560E-002   2.6923076923076922E-003   354.26319479094252     
   9.5026523166646296E-002   2.6923076923076922E-003   364.40446371367659     
   9.8678661754014921E-002   2.6923076923076922E-003   380.30645627526508     
  0.10239199980653067        2.6923076923076922E-003   402.33965121234178     
  0.10616597105900641        2.6923076923076922E-003   430.88605507070133     
  0.10999999999999999        2.6923076923076922E-003   466.33948034831053     
  
   6.8077428705258236E-002   2.7461538461538461E-003   426.07758390562361     
   7.1220723408232281E-002   2.7461538461538461E-003   406.05026951801489     
   7.4429404772449650E-002   2.7461538461538461E-003   389.53019842370213     
   7.7702983490304176E-002   2.7461538461538461E-003   376.81632505676674     
   8.1040960357672956E-002   2.7461538461538461E-003   368.21750186663405     
   8.4442826350042507E-002   2.7461538461538461E-003   364.05270932003759     
   8.7908062700132419E-002   2.7461538461538461E-003   364.65129313200737     
   9.1436140977004560E-002   2.7461538461538461E-003   370.35320886639806     
   9.5026523166646296E-002   2.7461538461538461E-003   381.50927404935896     
   9.8678661754014921E-002   2.7461538461538461E-003   398.48142794184974     
  0.10239199980653067        2.7461538461538461E-003   421.64299911982425     
  0.10616597105900641        2.7461538461538461E-003   451.37898101352596     
  0.10999999999999999        2.7461538461538461E-003   488.08631555960460     
  
   6.8077428705258236E-002   2.8000000000000000E-003   439.35675835441538     
   7.1220723408232281E-002   2.8000000000000000E-003   420.13952445996000     
   7.4429404772449650E-002   2.8000000000000000E-003   404.46830027965729     
   7.7702983490304176E-002   2.8000000000000000E-003   392.64385817585730     
   8.1040960357672956E-002   2.8000000000000000E-003   384.97696353928507     
   8.4442826350042507E-002   2.8000000000000000E-003   381.78860897671211     
   8.7908062700132419E-002   2.8000000000000000E-003   383.41025587868359     
   9.1436140977004560E-002   2.8000000000000000E-003   390.18408351075607     
   9.5026523166646296E-002   2.8000000000000000E-003   402.46324577452810     
   9.8678661754014921E-002   2.8000000000000000E-003   420.61213578728399     
  0.10239199980653067        2.8000000000000000E-003   445.00665843166678     
  0.10616597105900641        2.8000000000000000E-003   476.03451102920451     
  0.10999999999999999        2.8000000000000000E-003   514.09547229392888     
  
