   6.8077428705258236E-002   2.1538461538461538E-003   595.48183873670291     
   7.1220723408232281E-002   2.1538461538461538E-003   570.53203813839821     
   7.4429404772449650E-002   2.1538461538461538E-003   548.56338690121493     
   7.7702983490304176E-002   2.1538461538461538E-003   529.84058879466772     
   8.1040960357672956E-002   2.1538461538461538E-003   514.63677131420241     
   8.4442826350042507E-002   2.1538461538461538E-003   503.23366516517729     
   8.7908062700132419E-002   2.1538461538461538E-003   495.92178952108355     
   9.1436140977004560E-002   2.1538461538461538E-003   493.00064318417333     
   9.5026523166646296E-002   2.1538461538461538E-003   494.77890178037813     
   9.8678661754014921E-002   2.1538461538461538E-003   501.57462112418102     
  0.10239199980653067        2.1538461538461538E-003   513.71544689301220     
  0.10616597105900641        2.1538461538461538E-003   531.53883075461738     
  0.10999999999999999        2.1538461538461538E-003   555.39225309479571     
  
   6.8077428705258236E-002   2.2076923076923076E-003   582.03528572679056     
   7.1220723408232281E-002   2.2076923076923076E-003   557.08894873971849     
   7.4429404772449650E-002   2.2076923076923076E-003   535.19028158003357     
   7.7702983490304176E-002   2.2076923076923076E-003   516.60950061113704     
   8.1040960357672956E-002   2.2076923076923076E-003   501.62548681550379     
   8.4442826350042507E-002   2.2076923076923076E-003   490.52597442622783     
   8.7908062700132419E-002   2.2076923076923076E-003   483.60774569813952     
   9.1436140977004560E-002   2.2076923076923076E-003   481.17683195961558     
   9.5026523166646296E-002   2.2076923076923076E-003   483.54872109055179     
   9.8678661754014921E-002   2.2076923076923076E-003   491.04857157630920     
  0.10239199980653067        2.2076923076923076E-003   504.01143329201318     
  0.10616597105900641        2.2076923076923076E-003   522.78247517601085     
  0.10999999999999999        2.2076923076923076E-003   547.71721995598864     
  
   6.8077428705258236E-002   2.2615384615384615E-003   571.25168257992948     
   7.1220723408232281E-002   2.2615384615384615E-003   546.37355213147066     
   7.4429404772449650E-002   2.2615384615384615E-003   524.60502326298615     
   7.7702983490304176E-002   2.2615384615384615E-003   506.22135661538789     
   8.1040960357672956E-002   2.2615384615384615E-003   491.50670157859929     
   8.4442826350042507E-002   2.2615384615384615E-003   480.75429358646306     
   8.7908062700132419E-002   2.2615384615384615E-003   474.26665789702645     
   9.1436140977004560E-002   2.2615384615384615E-003   472.35582001146582     
   9.5026523166646296E-002   2.2615384615384615E-003   475.34352288986486     
   9.8678661754014921E-002   2.2615384615384615E-003   483.56145112695873     
  0.10239199980653067        2.2615384615384615E-003   497.35146225607173     
  0.10616597105900641        2.2615384615384615E-003   517.06582535447592     
  0.10999999999999999        2.2615384615384615E-003   543.06746712873189     
  
   6.8077428705258236E-002   2.3153846153846154E-003   563.23517936942085     
   7.1220723408232281E-002   2.3153846153846154E-003   538.49985403900189     
   7.4429404772449650E-002   2.3153846153846154E-003   516.93214492660968     
   7.7702983490304176E-002   2.3153846153846154E-003   498.81191624334525     
   8.1040960357672956E-002   2.3153846153846154E-003   484.42812852818997     
   8.4442826350042507E-002   2.3153846153846154E-003   474.07904407720633     
   8.7908062700132419E-002   2.3153846153846154E-003   468.07243918072493     
   9.1436140977004560E-002   2.3153846153846154E-003   466.72582333295759     
   9.5026523166646296E-002   2.3153846153846154E-003   470.36666558388720     
   9.8678661754014921E-002   2.3153846153846154E-003   479.33262820865082     
  0.10239199980653067        2.3153846153846154E-003   493.97180787513798     
  0.10616597105900641        2.3153846153846154E-003   514.64298449617252     
  0.10999999999999999        2.3153846153846154E-003   541.71587795846222     
  
   6.8077428705258236E-002   2.3692307692307693E-003   558.06538695649476     
   7.1220723408232281E-002   2.3692307692307693E-003   533.55580065198058     
   7.4429404772449650E-002   2.3692307692307693E-003   512.26853158278334     
   7.7702983490304176E-002   2.3692307692307693E-003   494.48763227643190     
   8.1040960357672956E-002   2.3692307692307693E-003   480.50644279678971     
   8.4442826350042507E-002   2.3692307692307693E-003   470.62780373583712     
   8.7908062700132419E-002   2.3692307692307693E-003   465.16427630975966     
   9.1436140977004560E-002   2.3692307692307693E-003   464.43836973370804     
   9.5026523166646296E-002   2.3692307692307693E-003   468.78277605523925     
   9.8678661754014921E-002   2.3692307692307693E-003   478.54061263229460     
  0.10239199980653067        2.3692307692307693E-003   494.06567244746770     
  0.10616597105900641        2.3692307692307693E-003   515.72268245630767     
  0.10999999999999999        2.3692307692307693E-003   543.88757017361445     
  
   6.8077428705258236E-002   2.4230769230769228E-003   555.79539371818100     
   7.1220723408232281E-002   2.4230769230769228E-003   531.60106187129566     
   7.4429404772449650E-002   2.4230769230769228E-003   510.68095238561727     
   7.7702983490304176E-002   2.4230769230769228E-003   493.32291345382959     
   8.1040960357672956E-002   2.4230769230769228E-003   479.82425580007134     
   8.4442826350042507E-002   2.4230769230769228E-003   470.49197262579463     
   8.7908062700132419E-002   2.4230769230769228E-003   465.64296692738503     
   9.1436140977004560E-002   2.4230769230769228E-003   465.60428636828573     
   9.5026523166646296E-002   2.4230769230769228E-003   470.71336589441688     
   9.8678661754014921E-002   2.4230769230769228E-003   481.31827828765614     
  0.10239199980653067        2.4230769230769228E-003   497.77799285836079     
  0.10616597105900641        2.4230769230769228E-003   520.46264248428452     
  0.10999999999999999        2.4230769230769228E-003   549.75379920968942     
  
   6.8077428705258236E-002   2.4769230769230771E-003   556.45073757882005     
   7.1220723408232281E-002   2.4769230769230771E-003   532.66586046175496     
   7.4429404772449650E-002   2.4769230769230771E-003   512.20473574027142     
   7.7702983490304176E-002   2.4769230769230771E-003   495.35863399953143     
   8.1040960357672956E-002   2.4769230769230771E-003   482.42844728954879     
   8.4442826350042507E-002   2.4769230769230771E-003   473.72491538843121     
   8.7908062700132419E-002   2.4769230769230771E-003   469.56885967433999     
   9.1436140977004560E-002   2.4769230769230771E-003   470.29142479585124     
   9.5026523166646296E-002   2.4769230769230771E-003   476.23432833655045     
   9.8678661754014921E-002   2.4769230769230771E-003   487.75011867582214     
  0.10239199980653067        2.4769230769230771E-003   505.20244125439604     
  0.10616597105900641        2.4769230769230771E-003   528.96631345951869     
  0.10999999999999999        2.4769230769230771E-003   559.42840835140191     
  
   6.8077428705258236E-002   2.5307692307692305E-003   560.02929815125265     
   7.1220723408232281E-002   2.5307692307692305E-003   536.75080759689138     
   7.4429404772449650E-002   2.5307692307692305E-003   516.84354304699332     
   7.7702983490304176E-002   2.5307692307692305E-003   500.60184025162403     
   8.1040960357672956E-002   2.5307692307692305E-003   488.32979946427088     
   8.4442826350042507E-002   2.5307692307692305E-003   480.34151736901816     
   8.7908062700132419E-002   2.5307692307692305E-003   476.96132682236089     
   9.1436140977004560E-002   2.5307692307692305E-003   478.52404460479943     
   9.5026523166646296E-002   2.5307692307692305E-003   485.37522738344182     
   9.8678661754014921E-002   2.5307692307692305E-003   497.87143609333918     
  0.10239199980653067        2.5307692307692305E-003   516.38050895175707     
  0.10616597105900641        2.5307692307692305E-003   541.28184332600779     
  0.10999999999999999        2.5307692307692305E-003   572.96668668248140     
  
   6.8077428705258236E-002   2.5846153846153844E-003   566.50203645984413     
   7.1220723408232281E-002   2.5846153846153844E-003   543.82766453468957     
   7.4429404772449650E-002   2.5846153846153844E-003   524.57015234423397     
   7.7702983490304176E-002   2.5846153846153844E-003   509.02655637470662     
   8.1040960357672956E-002   2.5846153846153844E-003   497.50382496092215     
   8.4442826350042507E-002   2.5846153846153844E-003   490.31903521995321     
   8.7908062700132419E-002   2.5846153846153844E-003   487.79963797504706     
   9.1436140977004560E-002   2.5846153846153844E-003   490.28371086871323     
   9.5026523166646296E-002   2.5846153846153844E-003   498.12021987062099     
   9.8678661754014921E-002   2.5846153846153844E-003   511.66928939195282     
  0.10239199980653067        2.5846153846153844E-003   531.30248122465730     
  0.10616597105900641        2.5846153846153844E-003   557.40308253050762     
  0.10999999999999999        2.5846153846153844E-003   590.36640311171186     
  
   6.8077428705258236E-002   2.6384615384615383E-003   575.81448056365775     
   7.1220723408232281E-002   2.6384615384615383E-003   553.84091852868949     
   7.4429404772449650E-002   2.6384615384615383E-003   535.32812887972057     
   7.7702983490304176E-002   2.6384615384615383E-003   520.57555418524009     
   8.1040960357672956E-002   2.6384615384615383E-003   509.89264076273093     
   8.4442826350042507E-002   2.6384615384615383E-003   503.59907997080722     
   8.7908062700132419E-002   2.6384615384615383E-003   502.02505763819727     
   9.1436140977004560E-002   2.6384615384615383E-003   505.51151183159038     
   9.5026523166646296E-002   2.6384615384615383E-003   514.41039917080570     
   9.8678661754014921E-002   2.6384615384615383E-003   529.08496990588981     
  0.10239199980653067        2.6384615384615383E-003   549.91005197757522     
  0.10616597105900641        2.6384615384615383E-003   577.27234428880502     
  0.10999999999999999        2.6384615384615383E-003   611.57071942203629     
  
   6.8077428705258236E-002   2.6923076923076922E-003   587.88883471213057     
   7.1220723408232281E-002   2.6923076923076922E-003   566.71003881136323     
   7.4429404772449650E-002   2.6923076923076922E-003   549.03423574888518     
   7.7702983490304176E-002   2.6923076923076922E-003   535.16292657549275     
   8.1040960357672956E-002   2.6923076923076922E-003   525.40771284695347     
   8.4442826350042507E-002   2.6923076923076922E-003   520.09054164797624     
   8.7908062700132419E-002   2.6923076923076922E-003   519.54395887345481     
   9.1436140977004560E-002   2.6923076923076922E-003   524.11137097097139     
   9.5026523166646296E-002   2.6923076923076922E-003   534.14731535508940     
   9.8678661754014921E-002   2.6923076923076922E-003   550.01773971018690     
  0.10239199980653067        2.6923076923076922E-003   572.10029040507425     
  0.10616597105900641        2.6923076923076922E-003   600.78461024927492     
  0.10999999999999999        2.6923076923076922E-003   636.47264582749494     
  
   6.8077428705258236E-002   2.7461538461538461E-003   602.62657722298104     
   7.1220723408232281E-002   2.7461538461538461E-003   582.33226527801287     
   7.4429404772449650E-002   2.7461538461538461E-003   565.58142378593698     
   7.7702983490304176E-002   2.7461538461538461E-003   552.67728935540106     
   8.1040960357672956E-002   2.7461538461538461E-003   543.93328105843943     
   8.4442826350042507E-002   2.7461538461538461E-003   539.67324859140092     
   8.7908062700132419E-002   2.7461538461538461E-003   540.23172879028471     
   9.1436140977004560E-002   2.7461538461538461E-003   545.95421070605380     
   9.5026523166646296E-002   2.7461538461538461E-003   557.19740945176818     
   9.8678661754014921E-002   2.7461538461538461E-003   574.32954903979260     
  0.10239199980653067        2.7461538461538461E-003   597.73065443376345     
  0.10616597105900641        2.7461538461538461E-003   627.79285304661062     
  0.10999999999999999        2.7461538461538461E-003   664.92068592250439     
  
   6.8077428705258236E-002   2.8000000000000000E-003   619.91140745393704     
   7.1220723408232281E-002   2.8000000000000000E-003   600.58577761338574     
   7.4429404772449650E-002   2.8000000000000000E-003   584.84223500360622     
   7.7702983490304176E-002   2.8000000000000000E-003   572.98543151706292     
   8.1040960357672956E-002   2.8000000000000000E-003   565.33026905023644     
   8.4442826350042507E-002   2.8000000000000000E-003   562.20215024562310     
   8.7908062700132419E-002   2.8000000000000000E-003   563.93723766550397     
   9.1436140977004560E-002   2.8000000000000000E-003   570.88272160399356     
   9.5026523166646296E-002   2.8000000000000000E-003   583.39709675059169     
   9.8678661754014921E-002   2.8000000000000000E-003   601.85044792447059     
  0.10239199980653067        2.8000000000000000E-003   626.62474510541324     
  0.10616597105900641        2.8000000000000000E-003   658.11414799385261     
  0.10999999999999999        2.8000000000000000E-003   696.72532033915331     
  
