   6.8077428705258236E-002   2.1538461538461538E-003   574.29865683824914     
   7.1220723408232281E-002   2.1538461538461538E-003   553.03616406863034     
   7.4429404772449650E-002   2.1538461538461538E-003   534.67031481566573     
   7.7702983490304176E-002   2.1538461538461538E-003   519.45394968635071     
   8.1040960357672956E-002   2.1538461538461538E-003   507.64804614759009     
   8.4442826350042507E-002   2.1538461538461538E-003   499.52189779337522     
   8.7908062700132419E-002   2.1538461538461538E-003   495.35329950275491     
   9.1436140977004560E-002   2.1538461538461538E-003   495.42873862541001     
   9.5026523166646296E-002   2.1538461538461538E-003   500.04359233553862     
   9.8678661754014921E-002   2.1538461538461538E-003   509.50233129869457     
  0.10239199980653067        2.1538461538461538E-003   524.11872980035673     
  0.10616597105900641        2.1538461538461538E-003   544.21608248909115     
  0.10999999999999999        2.1538461538461538E-003   570.12742789103550     
  
   6.8077428705258236E-002   2.2076923076923076E-003   560.82170651599233     
   7.1220723408232281E-002   2.2076923076923076E-003   539.46284002423886     
   7.4429404772449650E-002   2.2076923076923076E-003   521.05368493914102     
   7.7702983490304176E-002   2.2076923076923076E-003   505.85155036279298     
   8.1040960357672956E-002   2.2076923076923076E-003   494.12206591477241     
   8.4442826350042507E-002   2.2076923076923076E-003   486.13936757326343     
   8.7908062700132419E-002   2.2076923076923076E-003   482.18628967943368     
   9.1436140977004560E-002   2.2076923076923076E-003   482.55456325225816     
   9.5026523166646296E-002   2.2076923076923076E-003   487.54502076553797     
   9.8678661754014921E-002   2.2076923076923076E-003   497.46780754333315     
  0.10239199980653067        2.2076923076923076E-003   512.64259993456756     
  0.10616597105900641        2.2076923076923076E-003   533.39883043223074     
  0.10999999999999999        2.2076923076923076E-003   560.07591990732124     
  
   6.8077428705258236E-002   2.2615384615384615E-003   549.77610679140537     
   7.1220723408232281E-002   2.2615384615384615E-003   528.37505652618677     
   7.4429404772449650E-002   2.2615384615384615E-003   509.97202979131583     
   7.7702983490304176E-002   2.2615384615384615E-003   494.82834764803283     
   8.1040960357672956E-002   2.2615384615384615E-003   483.21381981096755     
   8.4442826350042507E-002   2.2615384615384615E-003   475.40693669040252     
   8.7908062700132419E-002   2.2615384615384615E-003   471.69506785995145     
   9.1436140977004560E-002   2.2615384615384615E-003   472.37466710747003     
   9.5026523166646296E-002   2.2615384615384615E-003   477.75148423193218     
   9.8678661754014921E-002   2.2615384615384615E-003   488.14078375409122     
  0.10239199980653067        2.2615384615384615E-003   503.86757071378253     
  0.10616597105900641        2.2615384615384615E-003   525.26682373207518     
  0.10999999999999999        2.2615384615384615E-003   552.68373552168373     
  
   6.8077428705258236E-002   2.3153846153846154E-003   541.28690215288475     
   7.1220723408232281E-002   2.3153846153846154E-003   519.90989017250195     
   7.4429404772449650E-002   2.3153846153846154E-003   501.57534188665250     
   7.7702983490304176E-002   2.3153846153846154E-003   486.54818024130134     
   8.1040960357672956E-002   2.3153846153846154E-003   475.10197110293063     
   8.4442826350042507E-002   2.3153846153846154E-003   467.51912117594344     
   8.7908062700132419E-002   2.3153846153846154E-003   464.09108259918975     
   9.1436140977004560E-002   2.3153846153846154E-003   465.11856439001428     
   9.5026523166646296E-002   2.3153846153846154E-003   470.91175090949071     
   9.8678661754014921E-002   2.3153846153846154E-003   481.79052752835190     
  0.10239199980653067        2.3153846153846154E-003   498.08471367872085     
  0.10616597105900641        2.3153846153846154E-003   520.13430348253382     
  0.10999999999999999        2.3153846153846154E-003   548.28971415367801     
  
   6.8077428705258236E-002   2.3692307692307693E-003   535.45686126921896     
   7.1220723408232281E-002   2.3692307692307693E-003   514.18077944677611     
   7.4429404772449650E-002   2.3692307692307693E-003   495.98854844676191     
   7.7702983490304176E-002   2.3692307692307693E-003   481.14832642218272     
   8.1040960357672956E-002   2.3692307692307693E-003   469.93705631166472     
   8.4442826350042507E-002   2.3692307692307693E-003   462.64066933988562     
   8.7908062700132419E-002   2.3692307692307693E-003   459.55429544285323     
   9.1436140977004560E-002   2.3692307692307693E-003   460.98248079683560     
   9.5026523166646296E-002   2.3692307692307693E-003   467.23941263565013     
   9.8678661754014921E-002   2.3692307692307693E-003   478.64915154746399     
  0.10239199980653067        2.3692307692307693E-003   495.54587144819050     
  0.10616597105900641        2.3692307692307693E-003   518.27410743531493     
  0.10999999999999999        2.3692307692307693E-003   547.18901173240693     
  
   6.8077428705258236E-002   2.4230769230769228E-003   532.36393541787811     
   7.1220723408232281E-002   2.4230769230769228E-003   511.27468579921265     
   7.4429404772449650E-002   2.4230769230769228E-003   493.30835029826329     
   7.7702983490304176E-002   2.4230769230769228E-003   478.73599448308869     
   8.1040960357672956E-002   2.4230769230769228E-003   467.83759939110701     
   8.4442826350042507E-002   2.4230769230769228E-003   460.90227033880808     
   8.7908062700132419E-002   2.4230769230769228E-003   458.22845289341751     
   9.1436140977004560E-002   2.4230769230769228E-003   460.12415619560545     
   9.5026523166646296E-002   2.4230769230769228E-003   466.90718382882903     
   9.8678661754014921E-002   2.4230769230769228E-003   478.90537243759792     
  0.10239199980653067        2.4230769230769228E-003   496.45683830378039     
  0.10616597105900641        2.4230769230769228E-003   519.91023209723414     
  0.10999999999999999        2.4230769230769228E-003   549.62500202410433     
  
   6.8077428705258236E-002   2.4769230769230771E-003   532.05962324229608     
   7.1220723408232281E-002   2.4769230769230771E-003   511.25025058145809     
   7.4429404772449650E-002   2.4769230769230771E-003   493.60115325948919     
   7.7702983490304176E-002   2.4769230769230771E-003   479.38600985747024     
   8.1040960357672956E-002   2.4769230769230771E-003   468.88753487049178     
   8.4442826350042507E-002   2.4769230769230771E-003   462.39769255554677     
   8.7908062700132419E-002   2.4769230769230771E-003   460.21791816841778     
   9.1436140977004560E-002   2.4769230769230771E-003   462.65934678854944     
   9.5026523166646296E-002   2.4769230769230771E-003   470.04304993766902     
   9.8678661754014921E-002   2.4769230769230771E-003   482.70028020543947     
  0.10239199980653067        2.4769230769230771E-003   500.97272410255010     
  0.10616597105900641        2.4769230769230771E-003   525.21276336949347     
  0.10999999999999999        2.4769230769230771E-003   555.78374497682989     
  
   6.8077428705258236E-002   2.5307692307692305E-003   534.56822792864932     
   7.1220723408232281E-002   2.5307692307692305E-003   514.13693244393028     
   7.4429404772449650E-002   2.5307692307692305E-003   496.90207496066438     
   7.7702983490304176E-002   2.5307692307692305E-003   483.13968002046613     
   8.1040960357672956E-002   2.5307692307692305E-003   473.13491894172620     
   8.4442826350042507E-002   2.5307692307692305E-003   467.18232842333123     
   8.7908062700132419E-002   2.5307692307692305E-003   465.58603675194962     
   9.1436140977004560E-002   2.5307692307692305E-003   468.65999782106019     
   9.5026523166646296E-002   2.5307692307692305E-003   476.72823317713028     
   9.8678661754014921E-002   2.5307692307692305E-003   490.12508231638043     
  0.10239199980653067        2.5307692307692305E-003   509.19546146301650     
  0.10616597105900641        2.5307692307692305E-003   534.29513106838237     
  0.10999999999999999        2.5307692307692305E-003   565.79097227828095     
  
   6.8077428705258236E-002   2.5846153846153844E-003   539.88695496721175     
   7.1220723408232281E-002   2.5846153846153844E-003   519.93506801535580     
   7.4429404772449650E-002   2.5846153846153844E-003   503.21496407425707     
   7.7702983490304176E-002   2.5846153846153844E-003   490.00476775369657     
   8.1040960357672956E-002   2.5846153846153844E-003   480.59185210877598     
   8.4442826350042507E-002   2.5846153846153844E-003   475.27306169444910     
   8.7908062700132419E-002   2.5846153846153844E-003   474.35494342297324     
   9.1436140977004560E-002   2.5846153846153844E-003   478.15398544070922     
   9.5026523166646296E-002   2.5846153846153844E-003   486.99686424847778     
   9.8678661754014921E-002   2.5846153846153844E-003   501.22070029795930     
  0.10239199980653067        2.5846153846153844E-003   521.17332230464126     
  0.10616597105900641        2.5846153846153844E-003   547.21354052646166     
  0.10999999999999999        2.5846153846153844E-003   579.71142926609173     
  
   6.8077428705258236E-002   2.6384615384615383E-003   547.98676793254310     
   7.1220723408232281E-002   2.6384615384615383E-003   528.61676489355159     
   7.4429404772449650E-002   2.6384615384615383E-003   512.51333184087105     
   7.7702983490304176E-002   2.6384615384615383E-003   499.95646271817463     
   8.1040960357672956E-002   2.6384615384615383E-003   491.23549253851331     
   8.4442826350042507E-002   2.6384615384615383E-003   486.64932455450838     
   8.7908062700132419E-002   2.6384615384615383E-003   486.50666541263581     
   9.1436140977004560E-002   2.6384615384615383E-003   491.12626851527364     
   9.5026523166646296E-002   2.6384615384615383E-003   500.83718582245604     
   9.8678661754014921E-002   2.6384615384615383E-003   515.97902833346109     
  0.10239199980653067        2.6384615384615383E-003   536.90223549726443     
  0.10616597105900641        2.6384615384615383E-003   563.96835380943241     
  0.10999999999999999        2.6384615384615383E-003   597.55032486232449     
  
   6.8077428705258236E-002   2.6923076923076922E-003   558.81389676918025     
   7.1220723408232281E-002   2.6923076923076922E-003   540.12751081201009     
   7.4429404772449650E-002   2.6923076923076922E-003   524.74206823194368     
   7.7702983490304176E-002   2.6923076923076922E-003   512.93921118245999     
   8.1040960357672956E-002   2.6923076923076922E-003   505.01000642053685     
   8.4442826350042507E-002   2.6923076923076922E-003   501.25517622365572     
   8.7908062700132419E-002   2.6923076923076922E-003   501.98533745119119     
   9.1436140977004560E-002   2.6923076923076922E-003   507.52124897996964     
   9.5026523166646296E-002   2.6923076923076922E-003   518.19406775223183     
   9.8678661754014921E-002   2.6923076923076922E-003   534.34561368280856     
  0.10239199980653067        2.6923076923076922E-003   556.32864368111200     
  0.10616597105900641        2.6923076923076922E-003   584.50713505292765     
  0.10999999999999999        2.6923076923076922E-003   619.25657855594056     
  
   6.8077428705258236E-002   2.7461538461538461E-003   572.29187800044883     
   7.1220723408232281E-002   2.7461538461538461E-003   554.38836639076453     
   7.4429404772449650E-002   2.7461538461538461E-003   539.81979715801037     
   7.7702983490304176E-002   2.7461538461538461E-003   528.86924425213363     
   8.1040960357672956E-002   2.7461538461538461E-003   521.82928047832343     
   8.4442826350042507E-002   2.7461538461538461E-003   519.00221175838112     
   8.7908062700132419E-002   2.7461538461538461E-003   520.70031967381033     
   9.1436140977004560E-002   2.7461538461538461E-003   527.24611252510817     
   9.5026523166646296E-002   2.7461538461538461E-003   538.97258515041221     
   9.8678661754014921E-002   2.7461538461538461E-003   556.22348775552791     
  0.10239199980653067        2.7461538461538461E-003   579.35360401629634     
  0.10616597105900641        2.7461538461538461E-003   608.72903872363645     
  0.10999999999999999        2.7461538461538461E-003   644.72751525112722     
  
   6.8077428705258236E-002   2.8000000000000000E-003   588.32399876560714     
   7.1220723408232281E-002   2.8000000000000000E-003   571.29860075608019     
   7.4429404772449650E-002   2.8000000000000000E-003   557.64171637288791     
   7.7702983490304176E-002   2.8000000000000000E-003   547.63763553335650     
   8.1040960357672956E-002   2.8000000000000000E-003   541.58021168816254     
   8.4442826350042507E-002   2.8000000000000000E-003   539.77309899479519     
   8.7908062700132419E-002   2.8000000000000000E-003   542.52999788520435     
   9.1436140977004560E-002   2.8000000000000000E-003   550.17490926579933     
   9.5026523166646296E-002   2.8000000000000000E-003   563.04239759638335     
   9.8678661754014921E-002   2.8000000000000000E-003   581.47786310383958     
  0.10239199980653067        2.8000000000000000E-003   605.83782339530444     
  0.10616597105900641        2.8000000000000000E-003   636.49020474514123     
  0.10999999999999999        2.8000000000000000E-003   673.81464333962629     
  
