   6.8077428705258236E-002   2.1538461538461538E-003   587.07847334186181     
   7.1220723408232281E-002   2.1538461538461538E-003   565.06500726516038     
   7.4429404772449650E-002   2.1538461538461538E-003   545.80243751436069     
   7.7702983490304176E-002   2.1538461538461538E-003   529.53330463294390     
   8.1040960357672956E-002   2.1538461538461538E-003   516.50787411304952     
   8.4442826350042507E-002   2.1538461538461538E-003   506.98430209496667     
   8.7908062700132419E-002   2.1538461538461538E-003   501.22880648837497     
   9.1436140977004560E-002   2.1538461538461538E-003   499.51584364176244     
   9.5026523166646296E-002   2.1538461538461538E-003   502.12829069044568     
   9.8678661754014921E-002   2.1538461538461538E-003   509.35763371739301     
  0.10239199980653067        2.1538461538461538E-003   521.50416186524672     
  0.10616597105900641        2.1538461538461538E-003   538.87716754185328     
  0.10999999999999999        2.1538461538461538E-003   561.79515286593903     
  
   6.8077428705258236E-002   2.2076923076923076E-003   572.63269170759531     
   7.1220723408232281E-002   2.2076923076923076E-003   550.49217391086404     
   7.4429404772449650E-002   2.2076923076923076E-003   531.15549883197480     
   7.7702983490304176E-002   2.2076923076923076E-003   514.86958128694937     
   8.1040960357672956E-002   2.2076923076923076E-003   501.88922362849098     
   8.4442826350042507E-002   2.2076923076923076E-003   492.47728611064611     
   8.7908062700132419E-002   2.2076923076923076E-003   486.90486282353640     
   9.1436140977004560E-002   2.2076923076923076E-003   485.45146332803495     
   9.5026523166646296E-002   2.2076923076923076E-003   488.40520012408729     
   9.8678661754014921E-002   2.2076923076923076E-003   496.06298209059884     
  0.10239199980653067        2.2076923076923076E-003   508.73071403884910     
  0.10616597105900641        2.2076923076923076E-003   526.72350252567708     
  0.10999999999999999        2.2076923076923076E-003   550.36586807695380     
  
   6.8077428705258236E-002   2.2615384615384615E-003   560.74808866786987     
   7.1220723408232281E-002   2.2615384615384615E-003   538.55203088706264     
   7.4429404772449650E-002   2.2615384615384615E-003   519.20952645175362     
   7.7702983490304176E-002   2.2615384615384615E-003   502.97149467845753     
   8.1040960357672956E-002   2.2615384615384615E-003   490.09689251745078     
   8.4442826350042507E-002   2.2615384615384615E-003   480.85288926908470     
   8.7908062700132419E-002   2.2615384615384615E-003   475.51504700782300     
   9.1436140977004560E-002   2.2615384615384615E-003   474.36750684675530     
   9.5026523166646296E-002   2.2615384615384615E-003   477.70318117962506     
   9.8678661754014921E-002   2.2615384615384615E-003   485.82395204152351     
  0.10239199980653067        2.2615384615384615E-003   499.04087573374534     
  0.10616597105900641        2.2615384615384615E-003   517.67439386259343     
  0.10999999999999999        2.2615384615384615E-003   542.05455094641650     
  
   6.8077428705258236E-002   2.3153846153846154E-003   551.56005021197234     
   7.1220723408232281E-002   2.3153846153846154E-003   529.39240177541160     
   7.4429404772449650E-002   2.3153846153846154E-003   510.12569352411322     
   7.7702983490304176E-002   2.3153846153846154E-003   494.01453158241020     
   8.1040960357672956E-002   2.3153846153846154E-003   481.32169970990356     
   8.4442826350042507E-002   2.3153846153846154E-003   472.31833816672258     
   8.7908062700132419E-002   2.3153846153846154E-003   467.28412841918089     
   9.1436140977004560E-002   2.3153846153846154E-003   466.50748382186572     
   9.5026523166646296E-002   2.3153846153846154E-003   470.28574641641040     
   9.8678661754014921E-002   2.3153846153846154E-003   478.92538999150383     
  0.10239199980653067        2.3153846153846154E-003   492.74222955325126     
  0.10616597105900641        2.3153846153846154E-003   512.06163735936241     
  0.10999999999999999        2.3153846153846154E-003   537.21876567534559     
  
   6.8077428705258236E-002   2.3692307692307693E-003   545.17753988292793     
   7.1220723408232281E-002   2.3692307692307693E-003   523.13289694814307     
   7.4429404772449650E-002   2.3692307692307693E-003   504.03507116656579     
   7.7702983490304176E-002   2.3692307692307693E-003   488.14208499682900     
   8.1040960357672956E-002   2.3692307692307693E-003   475.72027058816911     
   8.4442826350042507E-002   2.3692307692307693E-003   467.04445268841573     
   8.7908062700132419E-002   2.3692307692307693E-003   462.39813752545422     
   9.1436140977004560E-002   2.3692307692307693E-003   462.07370780151433     
   9.5026523166646296E-002   2.3692307692307693E-003   466.37262394425960     
   9.8678661754014921E-002   2.3692307692307693E-003   475.60563176290515     
  0.10239199980653067        2.3692307692307693E-003   490.09297666242787     
  0.10616597105900641        2.3692307692307693E-003   510.16462457349587     
  0.10999999999999999        2.3692307692307693E-003   536.16048976052355     
  
   6.8077428705258236E-002   2.4230769230769228E-003   541.68049998238803     
   7.1220723408232281E-002   2.4230769230769228E-003   519.86201253348247     
   7.4429404772449650E-002   2.4230769230769228E-003   501.03539888638102     
   7.7702983490304176E-002   2.4230769230769228E-003   485.46186799198171     
   8.1040960357672956E-002   2.4230769230769228E-003   473.41106441011709     
   8.4442826350042507E-002   2.4230769230769228E-003   465.16125523157268     
   8.7908062700132419E-002   2.4230769230769228E-003   460.99952311066716     
   9.1436140977004560E-002   2.4230769230769228E-003   461.22196555155074     
   9.5026523166646296E-002   2.4230769230769228E-003   466.13390059628478     
   9.8678661754014921E-002   2.4230769230769228E-003   476.05007906722830     
  0.10239199980653067        2.4230769230769228E-003   491.29490352111679     
  0.10616597105900641        2.4230769230769228E-003   512.20265407725287     
  0.10999999999999999        2.4230769230769228E-003   539.11772128697771     
  
   6.8077428705258236E-002   2.4769230769230771E-003   541.11830102233250     
   7.1220723408232281E-002   2.4769230769230771E-003   519.63538182162540     
   7.4429404772449650E-002   2.4769230769230771E-003   501.18911993718984     
   7.7702983490304176E-002   2.4769230769230771E-003   486.04371382057764     
   8.1040960357672956E-002   2.4769230769230771E-003   474.47191871985342     
   8.4442826350042507E-002   2.4769230769230771E-003   466.75523764211312     
   8.7908062700132419E-002   2.4769230769230771E-003   463.18411856993794     
   9.1436140977004560E-002   2.4769230769230771E-003   464.05815807935630     
   9.5026523166646296E-002   2.4769230769230771E-003   469.68631151182785     
   9.8678661754014921E-002   2.4769230769230771E-003   480.38710985774588     
  0.10239199980653067        2.4769230769230771E-003   496.48888351377434     
  0.10616597105900641        2.4769230769230771E-003   518.32999308158514     
  0.10999999999999999        2.4769230769230771E-003   546.25906738084632     
  
   6.8077428705258236E-002   2.5307692307692305E-003   543.50922210495924     
   7.1220723408232281E-002   2.5307692307692305E-003   522.47516029276710     
   7.4429404772449650E-002   2.5307692307692305E-003   504.52266117125998     
   7.7702983490304176E-002   2.5307692307692305E-003   489.91874010206925     
   8.1040960357672956E-002   2.5307692307692305E-003   478.93908667127135     
   8.4442826350042507E-002   2.5307692307692305E-003   471.86825975059691     
   8.7908062700132419E-002   2.5307692307692305E-003   468.99988896308946     
   9.1436140977004560E-002   2.5307692307692305E-003   470.63688270580042     
   9.5026523166646296E-002   2.5307692307692305E-003   477.09164288702340     
   9.8678661754014921E-002   2.5307692307692305E-003   488.68628654087240     
  0.10239199980653067        2.5307692307692305E-003   505.75287448706598     
  0.10616597105900641        2.5307692307692305E-003   528.63364720932441     
  0.10999999999999999        2.5307692307692305E-003   557.68126813117715     
  
   6.8077428705258236E-002   2.5846153846153844E-003   548.84090069118372     
   7.1220723408232281E-002   2.5846153846153844E-003   528.37047666698777     
   7.4429404772449650E-002   2.5846153846153844E-003   511.02688322971062     
   7.7702983490304176E-002   2.5846153846153844E-003   497.07979583347571     
   8.1040960357672956E-002   2.5846153846153844E-003   486.80767835666950     
   8.4442826350042507E-002   2.5846153846153844E-003   480.49798232885206     
   8.7908062700132419E-002   2.5846153846153844E-003   478.44735271961281     
   9.1436140977004560E-002   2.5846153846153844E-003   480.96184044708087     
   9.5026523166646296E-002   2.5846153846153844E-003   488.35712176923352     
   9.8678661754014921E-002   2.5846153846153844E-003   500.95872472635153     
  0.10239199980653067        2.5846153846153844E-003   519.10226280861730     
  0.10616597105900641        2.5846153846153844E-003   543.13367602828112     
  0.10999999999999999        2.5846153846153844E-003   573.40947958190338     
  
   6.8077428705258236E-002   2.6384615384615383E-003   557.07165368384449     
   7.1220723408232281E-002   2.6384615384615383E-003   537.27884212830361     
   7.4429404772449650E-002   2.6384615384615383E-003   520.65858265342138     
   7.7702983490304176E-002   2.6384615384615383E-003   507.48306138857407     
   8.1040960357672956E-002   2.6384615384615383E-003   498.03336397048236     
   8.4442826350042507E-002   2.6384615384615383E-003   492.59967899104339     
   8.7908062700132419E-002   2.6384615384615383E-003   491.48150817004762     
   9.1436140977004560E-002   2.6384615384615383E-003   494.98788341588602     
   9.5026523166646296E-002   2.6384615384615383E-003   503.43759094315453     
   9.8678661754014921E-002   2.6384615384615383E-003   517.15940262144579     
  0.10239199980653067        2.6384615384615383E-003   536.49231473564237     
  0.10616597105900641        2.6384615384615383E-003   561.78579434354083     
  0.10999999999999999        2.6384615384615383E-003   593.40003342310729     
  
   6.8077428705258236E-002   2.6923076923076922E-003   568.13254381387594     
   7.1220723408232281E-002   2.6923076923076922E-003   549.12837914476881     
   7.4429404772449650E-002   2.6923076923076922E-003   533.34289375706066     
   7.7702983490304176E-002   2.6923076923076922E-003   521.05063468661876     
   8.1040960357672956E-002   2.6923076923076922E-003   512.53515617269750     
   8.4442826350042507E-002   2.6923076923076922E-003   508.08922735261882     
   8.7908062700132419E-002   2.6923076923076922E-003   508.01504684728184     
   9.1436140977004560E-002   2.6923076923076922E-003   512.62446440627969     
   9.5026523166646296E-002   2.6923076923076922E-003   522.23920978742694     
   9.8678661754014921E-002   2.6923076923076922E-003   537.19112905099178     
  0.10239199980653067        2.6923076923076922E-003   557.82242845526616     
  0.10616597105900641        2.6923076923076922E-003   584.48592614600329     
  0.10999999999999999        2.6923076923076922E-003   617.54531183874417     
  
   6.8077428705258236E-002   2.7461538461538461E-003   581.93004632221800     
   7.1220723408232281E-002   2.7461538461538461E-003   563.82071045112821     
   7.4429404772449650E-002   2.7461538461538461E-003   548.97641525627387     
   7.7702983490304176E-002   2.7461538461538461E-003   537.67391171748159     
   8.1040960357672956E-002   2.7461538461538461E-003   530.19906172792901     
   8.4442826350042507E-002   2.7461538461538461E-003   526.84705001799546     
   8.7908062700132419E-002   2.7461538461538461E-003   527.92260313626718     
   9.1436140977004560E-002   2.7461538461538461E-003   533.74021566220415     
   9.5026523166646296E-002   2.7461538461538461E-003   544.62438383082849     
   9.8678661754014921E-002   2.7461538461538461E-003   560.90984675606455     
  0.10239199980653067        2.7461538461538461E-003   582.94183544525447     
  0.10616597105900641        2.7461538461538461E-003   611.07632980423637     
  0.10999999999999999        2.7461538461538461E-003   645.68032383840136     
  
   6.8077428705258236E-002   2.8000000000000000E-003   598.34916073306135     
   7.1220723408232281E-002   2.8000000000000000E-003   581.23433759843272     
   7.4429404772449650E-002   2.8000000000000000E-003   567.43087444684988     
   7.7702983490304176E-002   2.8000000000000000E-003   557.21755632431234     
   8.1040960357672956E-002   2.8000000000000000E-003   550.88237804781716     
   8.4442826350042507E-002   2.8000000000000000E-003   548.72276028705119     
   8.7908062700132419E-002   2.8000000000000000E-003   551.04577286688641     
   9.1436140977004560E-002   2.8000000000000000E-003   558.16836547069465     
   9.5026523166646296E-002   2.8000000000000000E-003   570.41760593048843     
   9.8678661754014921E-002   2.8000000000000000E-003   588.13092629605455     
  0.10239199980653067        2.8000000000000000E-003   611.65637688198296     
  0.10616597105900641        2.8000000000000000E-003   641.35288849785502     
  0.10999999999999999        2.8000000000000000E-003   677.59054307376880     
  
