   6.8077428705258236E-002   2.1538461538461538E-003   602.29554131765303     
   7.1220723408232281E-002   2.1538461538461538E-003   575.13716205203104     
   7.4429404772449650E-002   2.1538461538461538E-003   551.12180657654596     
   7.7702983490304176E-002   2.1538461538461538E-003   530.52729633788226     
   8.1040960357672956E-002   2.1538461538461538E-003   513.63997582068771     
   8.4442826350042507E-002   2.1538461538461538E-003   500.75487396006827     
   8.7908062700132419E-002   2.1538461538461538E-003   492.17587034576064     
   9.1436140977004560E-002   2.1538461538461538E-003   488.21586630102166     
   9.5026523166646296E-002   2.1538461538461538E-003   489.19696092111263     
   9.8678661754014921E-002   2.1538461538461538E-003   495.45063215848950     
  0.10239199980653067        2.1538461538461538E-003   507.31792304392070     
  0.10616597105900641        2.1538461538461538E-003   525.14963313463181     
  0.10999999999999999        2.1538461538461538E-003   549.30651528311398     
  
   6.8077428705258236E-002   2.2076923076923076E-003   587.96755770860159     
   7.1220723408232281E-002   2.2076923076923076E-003   560.79951335378541     
   7.4429404772449650E-002   2.2076923076923076E-003   536.84241410300444     
   7.7702983490304176E-002   2.2076923076923076E-003   516.37956199585562     
   8.1040960357672956E-002   2.2076923076923076E-003   499.70300268603455     
   8.4442826350042507E-002   2.2076923076923076E-003   487.11369422098403     
   8.7908062700132419E-002   2.2076923076923076E-003   478.92168088067757     
   9.1436140977004560E-002   2.2076923076923076E-003   475.44627216656215     
   9.5026523166646296E-002   2.2076923076923076E-003   477.01622703394656     
   9.8678661754014921E-002   2.2076923076923076E-003   483.96994346351966     
  0.10239199980653067        2.2076923076923076E-003   496.65565347025631     
  0.10616597105900641        2.2076923076923076E-003   515.43162365025330     
  0.10999999999999999        2.2076923076923076E-003   540.66636136867760     
  
   6.8077428705258236E-002   2.2615384615384615E-003   576.35465377355229     
   7.1220723408232281E-002   2.2615384615384615E-003   549.22793017683864     
   7.4429404772449650E-002   2.2615384615384615E-003   525.37366369263191     
   7.7702983490304176E-002   2.2615384615384615E-003   505.08006876771287     
   8.1040960357672956E-002   2.2615384615384615E-003   488.64430558517432     
   8.4442826350042507E-002   2.2615384615384615E-003   476.37265580110648     
   8.7908062700132419E-002   2.2615384615384615E-003   468.58070359467183     
   9.1436140977004560E-002   2.2615384615384615E-003   465.59352213008651     
   9.5026523166646296E-002   2.2615384615384615E-003   467.74586553186873     
   9.8678661754014921E-002   2.2615384615384615E-003   475.38236647720282     
  0.10239199980653067        2.2615384615384615E-003   488.85773951227520     
  0.10616597105900641        2.2615384615384615E-003   508.53699020191016     
  0.10999999999999999        2.2615384615384615E-003   534.79563022502987     
  
   6.8077428705258236E-002   2.3153846153846154E-003   567.55711223593448     
   7.1220723408232281E-002   2.3153846153846154E-003   540.53199699883965     
   7.4429404772449650E-002   2.3153846153846154E-003   516.83508520439273     
   7.7702983490304176E-002   2.3153846153846154E-003   496.75896518377323     
   8.1040960357672956E-002   2.3153846153846154E-003   480.60535536190861     
   8.4442826350042507E-002   2.3153846153846154E-003   468.68528654029842     
   8.7908062700132419E-002   2.3153846153846154E-003   461.31928973385726     
   9.1436140977004560E-002   2.3153846153846154E-003   458.83758966759638     
   9.5026523166646296E-002   2.3153846153846154E-003   461.58030404203487     
   9.8678661754014921E-002   2.3153846153846154E-003   469.89764867897594     
  0.10239199980653067        2.3153846153846154E-003   484.15014866259583     
  0.10616597105900641        2.3153846153846154E-003   504.70885559358271     
  0.10999999999999999        2.3153846153846154E-003   531.95557107745788     
  
   6.8077428705258236E-002   2.3692307692307693E-003   561.65356188182659     
   7.1220723408232281E-002   2.3692307692307693E-003   534.79852578582836     
   7.4429404772449650E-002   2.3692307692307693E-003   511.32228405214369     
   7.7702983490304176E-002   2.3692307692307693E-003   491.52128970096010     
   8.1040960357672956E-002   2.3692307692307693E-003   475.70129314292586     
   8.4442826350042507E-002   2.3692307692307693E-003   464.17753059871939     
   8.7908062700132419E-002   2.3692307692307693E-003   457.27491829977663     
   9.1436140977004560E-002   2.3692307692307693E-003   455.32825258295901     
   9.5026523166646296E-002   2.3692307692307693E-003   458.68241599514215     
   9.8678661754014921E-002   2.3692307692307693E-003   467.69258952688062     
  0.10239199980653067        2.3692307692307693E-003   482.72447109768001     
  0.10616597105900641        2.3692307692307693E-003   504.15450041868451     
  0.10999999999999999        2.3692307692307693E-003   532.37009036200402     
  
   6.8077428705258236E-002   2.4230769230769228E-003   558.69901118703228     
   7.1220723408232281E-002   2.4230769230769228E-003   532.08935513766642     
   7.4429404772449650E-002   2.4230769230769228E-003   508.90448741728312     
   7.7702983490304176E-002   2.4230769230769228E-003   489.44424467850354     
   8.1040960357672956E-002   2.4230769230769228E-003   474.01791190700794     
   8.4442826350042507E-002   2.4230769230769228E-003   462.94441657330503     
   8.7908062700132419E-002   2.4230769230769228E-003   456.55252877956212     
   9.1436140977004560E-002   2.4230769230769228E-003   455.18106752113289     
   9.5026523166646296E-002   2.4230769230769228E-003   459.17911318546999     
   9.8678661754014921E-002   2.4230769230769228E-003   468.90622641482861     
  0.10239199980653067        2.4230769230769228E-003   484.73267346267784     
  0.10616597105900641        2.4230769230769228E-003   507.03965817723275     
  0.10999999999999999        2.4230769230769228E-003   536.21956074942864     
  
   6.8077428705258236E-002   2.4769230769230771E-003   558.72372837928424     
   7.1220723408232281E-002   2.4769230769230771E-003   532.44007424878509     
   7.4429404772449650E-002   2.4769230769230771E-003   509.62309911836365     
   7.7702983490304176E-002   2.4769230769230771E-003   490.57556857037343     
   8.1040960357672956E-002   2.4769230769230771E-003   475.60983181138499     
   8.4442826350042507E-002   2.4769230769230771E-003   465.04802115992771     
   8.7908062700132419E-002   2.4769230769230771E-003   459.22225773099279     
   9.1436140977004560E-002   2.4769230769230771E-003   458.47486344318008     
   9.5026523166646296E-002   2.4769230769230771E-003   463.15857947793216     
   9.8678661754014921E-002   2.4769230769230771E-003   473.63679132436425     
  0.10239199980653067        2.4769230769230771E-003   490.28376054667592     
  0.10616597105900641        2.4769230769230771E-003   513.48486341535579     
  0.10999999999999999        2.4769230769230771E-003   543.63683654720785     
  
   6.8077428705258236E-002   2.5307692307692305E-003   561.73293904030061     
   7.1220723408232281E-002   2.5307692307692305E-003   535.85963923196368     
   7.4429404772449650E-002   2.5307692307692305E-003   513.49122668450343     
   7.7702983490304176E-002   2.5307692307692305E-003   494.93296538765713     
   8.1040960357672956E-002   2.5307692307692305E-003   480.49982328787337     
   8.4442826350042507E-002   2.5307692307692305E-003   470.51667672833219     
   8.7908062700132419E-002   2.5307692307692305E-003   465.31852127561098     
   9.1436140977004560E-002   2.5307692307692305E-003   465.25068906530589     
   9.5026523166646296E-002   2.5307692307692305E-003   470.66907280283328     
   9.8678661754014921E-002   2.5307692307692305E-003   481.94035655966422     
  0.10239199980653067        2.5307692307692305E-003   499.44225350950376     
  0.10616597105900641        2.5307692307692305E-003   523.56375075313451     
  0.10999999999999999        2.5307692307692305E-003   554.70536138488387     
  
   6.8077428705258236E-002   2.5846153846153844E-003   567.70727907177286     
   7.1220723408232281E-002   2.5846153846153844E-003   542.33081316721768     
   7.4429404772449650E-002   2.5846153846153844E-003   520.49410493624680     
   7.7702983490304176E-002   2.5846153846153844E-003   502.50450803035176     
   8.1040960357672956E-002   2.5846153846153844E-003   488.67918610759665     
   8.4442826350042507E-002   2.5846153846153844E-003   479.34532185623470     
   8.7908062700132419E-002   2.5846153846153844E-003   474.84033258427024     
   9.1436140977004560E-002   2.5846153846153844E-003   475.51209251353032     
   9.5026523166646296E-002   2.5846153846153844E-003   481.71916192124962     
   9.8678661754014921E-002   2.5846153846153844E-003   493.83102327651363     
  0.10239199980653067        2.5846153846153844E-003   512.22832452340913     
  0.10616597105900641        2.5846153846153844E-003   537.30312966745055     
  0.10999999999999999        2.5846153846153844E-003   569.45917682639310     
  
   6.8077428705258236E-002   2.6384615384615383E-003   576.60391522017994     
   7.1220723408232281E-002   2.6384615384615383E-003   551.81133357056490     
   7.4429404772449650E-002   2.6384615384615383E-003   530.59031059913809     
   7.7702983490304176E-002   2.6384615384615383E-003   513.24990013484648     
   8.1040960357672956E-002   2.6384615384615383E-003   500.10905842838042     
   8.4442826350042507E-002   2.6384615384615383E-003   491.49685740768098     
   8.7908062700132419E-002   2.6384615384615383E-003   487.75270466865584     
   9.1436140977004560E-002   2.6384615384615383E-003   489.22657034611785     
   9.5026523166646296E-002   2.6384615384615383E-003   496.27922101468573     
   9.8678661754014921E-002   2.6384615384615383E-003   509.28246077420948     
  0.10239199980653067        2.6384615384615383E-003   528.61937967907329     
  0.10616597105900641        2.6384615384615383E-003   554.68460967591307     
  0.10999999999999999        2.6384615384615383E-003   587.88458821942766     
  
   6.8077428705258236E-002   2.6923076923076922E-003   588.35822743520293     
   7.1220723408232281E-002   2.6923076923076922E-003   564.23569181339883     
   7.4429404772449650E-002   2.6923076923076922E-003   543.71364205967393     
   7.7702983490304176E-002   2.6923076923076922E-003   527.10245941753396     
   8.1040960357672956E-002   2.6923076923076922E-003   514.72250693812850     
   8.4442826350042507E-002   2.6923076923076922E-003   506.90434663288687     
   8.7908062700132419E-002   2.6923076923076922E-003   503.98896352104401     
   9.1436140977004560E-002   2.6923076923076922E-003   506.32799672357822     
   9.5026523166646296E-002   2.6923076923076922E-003   514.28397776003976     
   9.8678661754014921E-002   2.6923076923076922E-003   528.23057621008786     
  0.10239199980653067        2.6923076923076922E-003   548.55285290672941     
  0.10616597105900641        2.6923076923076922E-003   575.64752083388044     
  0.10999999999999999        2.6923076923076922E-003   609.92321390646066     
  
   6.8077428705258236E-002   2.7461538461538461E-003   602.88593671983699     
   7.1220723408232281E-002   2.7461538461538461E-003   579.51739784440406     
   7.4429404772449650E-002   2.7461538461538461E-003   559.77552666688382     
   7.7702983490304176E-002   2.7461538461538461E-003   543.97167330761783     
   8.1040960357672956E-002   2.7461538461538461E-003   532.42723659738499     
   8.4442826350042507E-002   2.7461538461538461E-003   525.47388480755012     
   8.7908062700132419E-002   2.7461538461538461E-003   523.45378342524373     
   9.1436140977004560E-002   2.7461538461538461E-003   526.71983013144632     
   9.5026523166646296E-002   2.7461538461538461E-003   535.63589714525540     
   9.8678661754014921E-002   2.7461538461538461E-003   550.57708110314979     
  0.10239199980653067        2.7461538461538461E-003   571.92996064792078     
  0.10616597105900641        2.7461538461538461E-003   600.09286190771854     
  0.10999999999999999        2.7461538461538461E-003   635.47613205216180     
  
   6.8077428705258236E-002   2.8000000000000000E-003   620.08555809162795     
   7.1220723408232281E-002   2.8000000000000000E-003   597.55159951195344     
   7.4429404772449650E-002   2.8000000000000000E-003   578.66781397229875     
   7.7702983490304176E-002   2.8000000000000000E-003   563.74617376430888     
   8.1040960357672956E-002   2.8000000000000000E-003   553.10875477950185     
   8.4442826350042507E-002   2.8000000000000000E-003   547.08796050911110     
   8.7908062700132419E-002   2.8000000000000000E-003   546.02675322913728     
   9.1436140977004560E-002   2.8000000000000000E-003   550.27889253455749     
   9.5026523166646296E-002   2.8000000000000000E-003   560.20918139241326     
   9.8678661754014921E-002   2.8000000000000000E-003   576.19371988937291     
  0.10239199980653067        2.8000000000000000E-003   598.62016685569029     
  0.10616597105900641        2.8000000000000000E-003   627.88800955369516     
  0.10999999999999999        2.8000000000000000E-003   664.40884162575799     
  
