   6.8077428705258236E-002   2.1538461538461538E-003   459.31096367245721     
   7.1220723408232281E-002   2.1538461538461538E-003   440.39322332345802     
   7.4429404772449650E-002   2.1538461538461538E-003   424.25459876389482     
   7.7702983490304176E-002   2.1538461538461538E-003   411.13637066466720     
   8.1040960357672956E-002   2.1538461538461538E-003   401.28773195206043     
   8.4442826350042507E-002   2.1538461538461538E-003   394.96597162667143     
   8.7908062700132419E-002   2.1538461538461538E-003   392.43666484424233     
   9.1436140977004560E-002   2.1538461538461538E-003   393.97386941932041     
   9.5026523166646296E-002   2.1538461538461538E-003   399.86032891811618     
   9.8678661754014921E-002   2.1538461538461538E-003   410.38768251217272     
  0.10239199980653067        2.1538461538461538E-003   425.85668177002924     
  0.10616597105900641        2.1538461538461538E-003   446.57741456971894     
  0.10999999999999999        2.1538461538461538E-003   472.86953632058066     
  
   6.8077428705258236E-002   2.2076923076923076E-003   445.11264808483941     
   7.1220723408232281E-002   2.2076923076923076E-003   425.95284220802722     
   7.4429404772449650E-002   2.2076923076923076E-003   409.61101164086631     
   7.7702983490304176E-002   2.2076923076923076E-003   396.33210509392825     
   8.1040960357672956E-002   2.2076923076923076E-003   386.36914243907603     
   8.4442826350042507E-002   2.2076923076923076E-003   379.98340461630107     
   8.7908062700132419E-002   2.2076923076923076E-003   377.44463005826151     
   9.1436140977004560E-002   2.2076923076923076E-003   379.03121780330184     
   9.5026523166646296E-002   2.2076923076923076E-003   385.03043747364484     
   9.8678661754014921E-002   2.2076923076923076E-003   395.73864630119311     
  0.10239199980653067        2.2076923076923076E-003   411.46151338945651     
  0.10616597105900641        2.2076923076923076E-003   432.51425140629476     
  0.10999999999999999        2.2076923076923076E-003   459.22185590833050     
  
   6.8077428705258236E-002   2.2615384615384615E-003   433.01959978456534     
   7.1220723408232281E-002   2.2615384615384615E-003   413.65009419774810     
   7.4429404772449650E-002   2.2615384615384615E-003   397.13130250997341     
   7.7702983490304176E-002   2.2615384615384615E-003   383.71128544862682     
   8.1040960357672956E-002   2.2615384615384615E-003   373.64631066270238     
   8.4442826350042507E-002   2.2615384615384615E-003   367.20104784361479     
   8.7908062700132419E-002   2.2615384615384615E-003   364.64877057935036     
   9.1436140977004560E-002   2.2615384615384615E-003   366.27156512091307     
   9.5026523166646296E-002   2.2615384615384615E-003   372.36054624619135     
   9.8678661754014921E-002   2.2615384615384615E-003   383.21608041255200     
  0.10239199980653067        2.2615384615384615E-003   399.14801639590871     
  0.10616597105900641        2.2615384615384615E-003   420.47592362062755     
  0.10999999999999999        2.2615384615384615E-003   447.52933839128229     
  
   6.8077428705258236E-002   2.3153846153846154E-003   423.19652363696008     
   7.1220723408232281E-002   2.3153846153846154E-003   403.66540210701783     
   7.4429404772449650E-002   2.3153846153846154E-003   387.01274294842420     
   7.7702983490304176E-002   2.3153846153846154E-003   373.48921920368434     
   8.1040960357672956E-002   2.3153846153846154E-003   363.35382514653486     
   8.4442826350042507E-002   2.3153846153846154E-003   356.87407577022884     
   8.7908062700132419E-002   2.3153846153846154E-003   354.32621318489151     
   9.1436140977004560E-002   2.3153846153846154E-003   355.99542010926916     
   9.5026523166646296E-002   2.3153846153846154E-003   362.17604064829686     
   9.8678661754014921E-002   2.3153846153846154E-003   373.17180855471503     
  0.10239199980653067        2.3153846153846154E-003   389.29608317938903     
  0.10616597105900641        2.3153846153846154E-003   410.87209332208653     
  0.10999999999999999        2.3153846153846154E-003   438.23318920132249     
  
   6.8077428705258236E-002   2.3692307692307693E-003   415.79303653705585     
   7.1220723408232281E-002   2.3692307692307693E-003   396.16345165712278     
   7.4429404772449650E-002   2.3692307692307693E-003   379.43621454745869     
   7.7702983490304176E-002   2.3692307692307693E-003   365.86416879238379     
   8.1040960357672956E-002   2.3692307692307693E-003   355.70857391648684     
   8.4442826350042507E-002   2.3692307692307693E-003   349.23930843371431     
   8.7908062700132419E-002   2.3692307692307693E-003   346.73507994254572     
   9.1436140977004560E-002   2.3692307692307693E-003   348.48364245676879     
   9.5026523166646296E-002   2.3692307692307693E-003   354.78202116783643     
   9.8678661754014921E-002   2.3692307692307693E-003   365.93674484151916     
  0.10239199980653067        2.3692307692307693E-003   382.26408605835337     
  0.10616597105900641        2.3692307692307693E-003   404.09030951446641     
  0.10999999999999999        2.3692307692307693E-003   431.75192860653306     
  
   6.8077428705258236E-002   2.4230769230769228E-003   410.93958092857793     
   7.1220723408232281E-002   2.4230769230769228E-003   391.28866287269932     
   7.4429404772449650E-002   2.4230769230769228E-003   374.56120348690786     
   7.7702983490304176E-002   2.4230769230769228E-003   361.01183280617386     
   8.1040960357672956E-002   2.4230769230769228E-003   350.90367385749170     
   8.4442826350042507E-002   2.4230769230769228E-003   344.50854851424401     
   8.7908062700132419E-002   2.4230769230769228E-003   342.10719049683610     
   9.1436140977004560E-002   2.4230769230769228E-003   343.98946571143466     
   9.5026523166646296E-002   2.4230769230769228E-003   350.45460012539377     
   9.8678661754014921E-002   2.4230769230769228E-003   361.81141538440755     
  0.10239199980653067        2.4230769230769228E-003   378.37857238351114     
  0.10616597105900641        2.4230769230769228E-003   400.48482301100205     
  0.10999999999999999        2.4230769230769228E-003   428.46927029155597     
  
   6.8077428705258236E-002   2.4769230769230771E-003   408.74404413968733     
   7.1220723408232281E-002   2.4769230769230771E-003   389.16143507413443     
   7.4429404772449650E-002   2.4769230769230771E-003   372.52164154772015     
   7.7702983490304176E-002   2.4769230769230771E-003   359.08075181670836     
   8.1040960357672956E-002   2.4769230769230771E-003   349.10340850928225     
   8.4442826350042507E-002   2.4769230769230771E-003   342.86301659104652     
   8.7908062700132419E-002   2.4769230769230771E-003   340.64195854316063     
   9.1436140977004560E-002   2.4769230769230771E-003   342.73181694563868     
   9.5026523166646296E-002   2.4769230769230771E-003   349.43360466493618     
   9.8678661754014921E-002   2.4769230769230771E-003   361.05800285150804     
  0.10239199980653067        2.4769230769230771E-003   377.92560695984071     
  0.10616597105900641        2.4769230769230771E-003   400.36718101034285     
  0.10999999999999999        2.4769230769230771E-003   428.72392031966558     
  
   6.8077428705258236E-002   2.5307692307692305E-003   409.28914815688796     
   7.1220723408232281E-002   2.5307692307692305E-003   389.87523619855108     
   7.4429404772449650E-002   2.5307692307692305E-003   373.42267076250675     
   7.7702983490304176E-002   2.5307692307692305E-003   360.18872284662154     
   8.1040960357672956E-002   2.5307692307692305E-003   350.43926551390302     
   8.4442826350042507E-002   2.5307692307692305E-003   344.44898334592131     
   8.7908062700132419E-002   2.5307692307692305E-003   342.50158914538599     
   9.1436140977004560E-002   2.5307692307692305E-003   344.89004807969934     
   9.5026523166646296E-002   2.5307692307692305E-003   351.91680946360287     
   9.8678661754014921E-002   2.5307692307692305E-003   363.89404638554834     
  0.10239199980653067        2.5307692307692305E-003   381.14390338894862     
  0.10616597105900641        2.5307692307692305E-003   403.99875242622420     
  0.10999999999999999        2.5307692307692305E-003   432.80145731041716     
  
   6.8077428705258236E-002   2.5846153846153844E-003   412.63063852681927     
   7.1220723408232281E-002   2.5846153846153844E-003   393.49456762416679     
   7.4429404772449650E-002   2.5846153846153844E-003   377.33836543968727     
   7.7702983490304176E-002   2.5846153846153844E-003   364.42025884749125     
   8.1040960357672956E-002   2.5846153846153844E-003   355.00711274257566     
   8.4442826350042507E-002   2.5846153846153844E-003   349.37464043803357     
   8.7908062700132419E-002   2.5846153846153844E-003   347.80762132308661     
   9.1436140977004560E-002   2.5846153846153844E-003   350.60012597194134     
   9.5026523166646296E-002   2.5846153846153844E-003   358.05574889948105     
   9.8678661754014921E-002   2.5846153846153844E-003   370.48784916604893     
  0.10239199980653067        2.5846153846153844E-003   388.21979903990621     
  0.10616597105900641        2.5846153846153844E-003   411.58524093238452     
  0.10999999999999999        2.5846153846153844E-003   440.92835282730243     
  
   6.8077428705258236E-002   2.6384615384615383E-003   418.79626854261028     
   7.1220723408232281E-002   2.6384615384615383E-003   400.05379996936620     
   7.4429404772449650E-002   2.6384615384615383E-003   384.31040619548281     
   7.7702983490304176E-002   2.6384615384615383E-003   371.82508680711243     
   8.1040960357672956E-002   2.6384615384615383E-003   362.86550551047588     
   8.4442826350042507E-002   2.6384615384615383E-003   357.70820101421708     
   8.7908062700132419E-002   2.6384615384615383E-003   356.63880516526604     
   9.1436140977004560E-002   2.6384615384615383E-003   359.95226852549081     
   9.5026523166646296E-002   2.6384615384615383E-003   367.95309358244367     
   9.8678661754014921E-002   2.6384615384615383E-003   380.95557579336361     
  0.10239199980653067        2.6384615384615383E-003   399.28405266768868     
  0.10616597105900641        2.6384615384615383E-003   423.27316109943894     
  0.10999999999999999        2.6384615384615383E-003   453.26810316710873     
  
   6.8077428705258236E-002   2.6923076923076922E-003   427.78554673553452     
   7.1220723408232281E-002   2.6923076923076922E-003   409.55684456588256     
   7.4429404772449650E-002   2.6923076923076922E-003   394.34766705034087     
   7.7702983490304176E-002   2.6923076923076922E-003   382.41764154955092     
   8.1040960357672956E-002   2.6923076923076922E-003   374.03507756864093     
   8.4442826350042507E-002   2.6923076923076922E-003   369.47717775582316     
   8.7908062700132419E-002   2.6923076923076922E-003   369.03025613402679     
   9.1436140977004560E-002   2.6923076923076922E-003   372.98996375034062     
   9.5026523166646296E-002   2.6923076923076922E-003   381.66152193339747     
   9.8678661754014921E-002   2.6923076923076922E-003   395.35996335477410     
  0.10239199980653067        2.6923076923076922E-003   414.41038109603761     
  0.10616597105900641        2.6923076923076922E-003   439.14818592927134     
  0.10999999999999999        2.6923076923076922E-003   469.91937202448150     
  
   6.8077428705258236E-002   2.7461538461538461E-003   439.57019255421420     
   7.1220723408232281E-002   2.7461538461538461E-003   421.97760009780160     
   7.4429404772449650E-002   2.7461538461538461E-003   407.42664925306946     
   7.7702983490304176E-002   2.7461538461538461E-003   396.17748259632174     
   8.1040960357672956E-002   2.7461538461538461E-003   388.49893645036445     
   8.4442826350042507E-002   2.7461538461538461E-003   384.66875172062112     
   8.7908062700132419E-002   2.7461538461538461E-003   384.97379193739414     
   9.1436140977004560E-002   2.7461538461538461E-003   389.71026868637705     
   9.5026523166646296E-002   2.7461538461538461E-003   399.18397461505958     
   9.8678661754014921E-002   2.7461538461538461E-003   413.71052420815511     
  0.10239199980653067        2.7461538461538461E-003   433.61560253079267     
  0.10616597105900641        2.7461538461538461E-003   459.23522214404130     
  0.10999999999999999        2.7461538461538461E-003   490.91598840282541     
  
   6.8077428705258236E-002   2.8000000000000000E-003   454.09522721871713     
   7.1220723408232281E-002   2.8000000000000000E-003   437.26109448983027     
   7.4429404772449650E-002   2.8000000000000000E-003   423.49267450674517     
   7.7702983490304176E-002   2.8000000000000000E-003   413.05053882253168     
   8.1040960357672956E-002   2.8000000000000000E-003   406.20395940828439     
   8.4442826350042507E-002   2.8000000000000000E-003   403.23111913576201     
   8.7908062700132419E-002   2.8000000000000000E-003   404.41932943847723     
   9.1436140977004560E-002   2.8000000000000000E-003   410.06525533156741     
   9.5026523166646296E-002   2.8000000000000000E-003   420.47514797625809     
   9.8678661754014921E-002   2.8000000000000000E-003   435.96508498011622     
  0.10239199980653067        2.8000000000000000E-003   456.86121862988341     
  0.10616597105900641        2.8000000000000000E-003   483.50003225927850     
  0.10999999999999999        2.8000000000000000E-003   516.22860495988152     
  
