   6.8077428705258236E-002   2.1538461538461538E-003   586.64513405771561     
   7.1220723408232281E-002   2.1538461538461538E-003   564.53379243529389     
   7.4429404772449650E-002   2.1538461538461538E-003   545.11135136757161     
   7.7702983490304176E-002   2.1538461538461538E-003   528.61572827240832     
   8.1040960357672956E-002   2.1538461538461538E-003   515.29239238634534     
   8.4442826350042507E-002   2.1538461538461538E-003   505.39452439062961     
   8.7908062700132419E-002   2.1538461538461538E-003   499.18318115326474     
   9.1436140977004560E-002   2.1538461538461538E-003   496.92746570145044     
   9.5026523166646296E-002   2.1538461538461538E-003   498.90470254210732     
   9.8678661754014921E-002   2.1538461538461538E-003   505.40061845202081     
  0.10239199980653067        2.1538461538461538E-003   516.70952886283862     
  0.10616597105900641        2.1538461538461538E-003   533.13452997000741     
  0.10999999999999999        2.1538461538461538E-003   554.98769669863646     
  
   6.8077428705258236E-002   2.2076923076923076E-003   573.29975559978902     
   7.1220723408232281E-002   2.2076923076923076E-003   551.25862398623894     
   7.4429404772449650E-002   2.2076923076923076E-003   531.97964242675130     
   7.7702983490304176E-002   2.2076923076923076E-003   515.70650220493894     
   8.1040960357672956E-002   2.2076923076923076E-003   502.69068061745179     
   8.4442826350042507E-002   2.2076923076923076E-003   493.19160855979192     
   8.7908062700132419E-002   2.2076923076923076E-003   487.47684352109616     
   9.1436140977004560E-002   2.2076923076923076E-003   485.82224811063401     
   9.5026523166646296E-002   2.2076923076923076E-003   488.51217424256129     
   9.8678661754014921E-002   2.2076923076923076E-003   495.83965310962219     
  0.10239199980653067        2.2076923076923076E-003   508.10659108032121     
  0.10616597105900641        2.2076923076923076E-003   525.62397165837524     
  0.10999999999999999        2.2076923076923076E-003   548.71206364732234     
  
   6.8077428705258236E-002   2.2615384615384615E-003   562.49306920971287     
   7.1220723408232281E-002   2.2615384615384615E-003   540.60038918453984     
   7.4429404772449650E-002   2.2615384615384615E-003   521.54089667646781     
   7.7702983490304176E-002   2.2615384615384615E-003   505.56376818304926     
   8.1040960357672956E-002   2.2615384615384615E-003   492.92619262271381     
   8.4442826350042507E-002   2.2615384615384615E-003   483.89354682903786     
   8.7908062700132419E-002   2.2615384615384615E-003   478.73957674977686     
   9.1436140977004560E-002   2.2615384615384615E-003   477.74658448231810     
   9.5026523166646296E-002   2.2615384615384615E-003   481.20562128127813     
   9.8678661754014921E-002   2.2615384615384615E-003   489.41668667832522     
  0.10239199980653067        2.2615384615384615E-003   502.68893385852277     
  0.10616597105900641        2.2615384615384615E-003   521.34088144208545     
  0.10999999999999999        2.2615384615384615E-003   545.70063182482841     
  
   6.8077428705258236E-002   2.3153846153846154E-003   554.31200514493150     
   7.1220723408232281E-002   2.3153846153846154E-003   532.65285625915112     
   7.4429404772449650E-002   2.3153846153846154E-003   513.89611974485592     
   7.7702983490304176E-002   2.3153846153846154E-003   498.29618333974167     
   8.1040960357672956E-002   2.3153846153846154E-003   486.11566594518479     
   8.4442826350042507E-002   2.3153846153846154E-003   477.62560096412227     
   8.7908062700132419E-002   2.3153846153846154E-003   473.10562564252865     
   9.1436140977004560E-002   2.3153846153846154E-003   472.84417655515529     
   9.5026523166646296E-002   2.3153846153846154E-003   477.13869138107577     
   9.8678661754014921E-002   2.3153846153846154E-003   486.29581711877387     
  0.10239199980653067        2.3153846153846154E-003   500.63162489535478     
  0.10616597105900641        2.3153846153846154E-003   520.47183152929210     
  0.10999999999999999        2.3153846153846154E-003   546.15202801081386     
  
   6.8077428705258236E-002   2.3692307692307693E-003   548.81510760868116     
   7.1220723408232281E-002   2.3692307692307693E-003   527.47934039739255     
   7.4429404772449650E-002   2.3692307692307693E-003   509.11367042422256     
   7.7702983490304176E-002   2.3692307692307693E-003   493.97743019521306     
   8.1040960357672956E-002   2.3692307692307693E-003   482.33839418250966     
   8.4442826350042507E-002   2.3692307692307693E-003   474.47296990587097     
   8.7908062700132419E-002   2.3692307692307693E-003   470.66639531804032     
   9.1436140977004560E-002   2.3692307692307693E-003   471.21294264438075     
   9.5026523166646296E-002   2.3692307692307693E-003   476.41612883200781     
   9.8678661754014921E-002   2.3692307692307693E-003   486.58893276859175     
  0.10239199980653067        2.3692307692307693E-003   502.05401943597406     
  0.10616597105900641        2.3692307692307693E-003   523.14397116890268     
  0.10999999999999999        2.3692307692307693E-003   550.20152619434270     
  
   6.8077428705258236E-002   2.4230769230769228E-003   546.03155594685177     
   7.1220723408232281E-002   2.4230769230769228E-003   525.11161437175838     
   7.4429404772449650E-002   2.4230769230769228E-003   507.22805323929367     
   7.7702983490304176E-002   2.4230769230769228E-003   492.64488350016933     
   8.1040960357672956E-002   2.4230769230769228E-003   481.63476027729757     
   8.4442826350042507E-002   2.4230769230769228E-003   474.47918153561494     
   8.7908062700132419E-002   2.4230769230769228E-003   471.46869335504130     
   9.1436140977004560E-002   2.4230769230769228E-003   472.90310196685061     
   9.5026523166646296E-002   2.4230769230769228E-003   479.09169271897360     
   9.8678661754014921E-002   2.4230769230769228E-003   490.35345614083997     
  0.10239199980653067        2.4230769230769228E-003   507.01732128394605     
  0.10616597105900641        2.4230769230769228E-003   529.42239651955481     
  0.10999999999999999        2.4230769230769228E-003   557.91821798092428     
  
   6.8077428705258236E-002   2.4769230769230771E-003   545.96129056595055     
   7.1220723408232281E-002   2.4769230769230771E-003   525.55003465982418     
   7.4429404772449650E-002   2.4769230769230771E-003   508.24004616917307     
   7.7702983490304176E-002   2.4769230769230771E-003   494.29974134988004     
   8.1040960357672956E-002   2.4769230769230771E-003   484.00637325056573     
   8.4442826350042507E-002   2.4769230769230771E-003   477.64623774315874     
   8.7908062700132419E-002   2.4769230769230771E-003   475.51488645146941     
   9.1436140977004560E-002   2.4769230769230771E-003   477.91734674789109     
   9.5026523166646296E-002   2.4769230769230771E-003   485.16834899413811     
   9.8678661754014921E-002   2.4769230769230771E-003   497.59256120728060     
  0.10239199980653067        2.4769230769230771E-003   515.52483133827832     
  0.10616597105900641        2.4769230769230771E-003   539.31043735593198     
  0.10999999999999999        2.4769230769230771E-003   569.30534533546506     
  
   6.8077428705258236E-002   2.5307692307692305E-003   548.57615906745832     
   7.1220723408232281E-002   2.5307692307692305E-003   528.76478849995920     
   7.4429404772449650E-002   2.5307692307692305E-003   512.11805786560922     
   7.7702983490304176E-002   2.5307692307692305E-003   498.90850266957807     
   8.1040960357672956E-002   2.5307692307692305E-003   489.41767699252244     
   8.4442826350042507E-002   2.5307692307692305E-003   483.93636657020284     
   8.7908062700132419E-002   2.5307692307692305E-003   482.76480905702255     
   9.1436140977004560E-002   2.5307692307692305E-003   486.21292165367487     
   9.5026523166646296E-002   2.5307692307692305E-003   494.60053628473020     
   9.8678661754014921E-002   2.5307692307692305E-003   508.25764251821573     
  0.10239199980653067        2.5307692307692305E-003   527.52463842527141     
  0.10616597105900641        2.5307692307692305E-003   552.75258958417214     
  0.10999999999999999        2.5307692307692305E-003   584.30349643967008     
  
   6.8077428705258236E-002   2.5846153846153844E-003   553.82195415104536     
   7.1220723408232281E-002   2.5846153846153844E-003   534.69811895860869     
   7.4429404772449650E-002   2.5846153846153844E-003   518.80055557794742     
   7.7702983490304176E-002   2.5846153846153844E-003   506.40561491254493     
   8.1040960357672956E-002   2.5846153846153844E-003   497.79883595724192     
   8.4442826350042507E-002   2.5846153846153844E-003   493.27516552404762     
   8.7908062700132419E-002   2.5846153846153844E-003   493.13918542423795     
   9.1436140977004560E-002   2.5846153846153844E-003   497.70534729646010     
   9.5026523166646296E-002   2.5846153846153844E-003   507.29821527646419     
   9.8678661754014921E-002   2.5846153846153844E-003   522.25271671084920     
  0.10239199980653067        2.5846153846153844E-003   542.91440112333225     
  0.10616597105900641        2.5846153846153844E-003   569.63970764899102     
  0.10999999999999999        2.5846153846153844E-003   602.79624115859406     
  
   6.8077428705258236E-002   2.6384615384615383E-003   561.62118197672282     
   7.1220723408232281E-002   2.6384615384615383E-003   543.26734910729124     
   7.4429404772449650E-002   2.6384615384615383E-003   528.19936569042034     
   7.7702983490304176E-002   2.6384615384615383E-003   516.69707296148704     
   8.1040960357672956E-002   2.6384615384615383E-003   509.04965598317182     
   8.4442826350042507E-002   2.6384615384615383E-003   505.55586952209563     
   8.7908062700132419E-002   2.6384615384615383E-003   506.52427163564698     
   9.1436140977004560E-002   2.6384615384615383E-003   512.27346516734610     
   9.5026523166646296E-002   2.6384615384615383E-003   523.13234735590709     
   9.8678661754014921E-002   2.6384615384615383E-003   539.44036776970961     
  0.10239199980653067        2.6384615384615383E-003   561.54779478519652     
  0.10616597105900641        2.6384615384615383E-003   589.81599083492938     
  0.10999999999999999        2.6384615384615383E-003   624.61769665797578     
  
   6.8077428705258236E-002   2.6923076923076922E-003   571.87637852378816     
   7.1220723408232281E-002   2.6923076923076922E-003   554.36850346649328     
   7.4429404772449650E-002   2.6923076923076922E-003   540.20362396219400     
   7.7702983490304176E-002   2.6923076923076922E-003   529.66472344960550     
   8.1040960357672956E-002   2.6923076923076922E-003   523.04426964629511     
   8.4442826350042507E-002   2.6923076923076922E-003   520.64444599226670     
   8.7908062700132419E-002   2.6923076923076922E-003   522.77739103399756     
   9.1436140977004560E-002   2.6923076923076922E-003   529.76544595550956     
   9.5026523166646296E-002   2.6923076923076922E-003   541.94141046981213     
   9.8678661754014921E-002   2.6923076923076922E-003   559.64880729107017     
  0.10239199980653067        2.6923076923076922E-003   583.24215541503440     
  0.10616597105900641        2.6923076923076922E-003   613.08725244254322     
  0.10999999999999999        2.6923076923076922E-003   649.56146618842592     
  
   6.8077428705258236E-002   2.7461538461538461E-003   584.47378192407234     
   7.1220723408232281E-002   2.7461538461538461E-003   567.88031478712628     
   7.4429404772449650E-002   2.7461538461538461E-003   554.68414197303593     
   7.7702983490304176E-002   2.7461538461538461E-003   545.17101766419410     
   8.1040960357672956E-002   2.7461538461538461E-003   539.63630407912251     
   8.4442826350042507E-002   2.7461538461538461E-003   538.38520781886245     
   8.7908062700132419E-002   2.7461538461538461E-003   541.73302435633866     
   9.1436140977004560E-002   2.7461538461538461E-003   550.00539088209541     
   9.5026523166646296E-002   2.7461538461538461E-003   563.53854772702209     
   9.8678661754014921E-002   2.7461538461538461E-003   582.67960858978313     
  0.10239199980653067        2.7461538461538461E-003   607.78683980413211     
  0.10616597105900641        2.7461538461538461E-003   639.22994888880544     
  0.10999999999999999        2.7461538461538461E-003   677.39038263041073     
  
   6.8077428705258236E-002   2.8000000000000000E-003   599.28717002993858     
   7.1220723408232281E-002   2.8000000000000000E-003   583.66840612793976     
   7.4429404772449650E-002   2.8000000000000000E-003   571.49795888823405     
   7.7702983490304176E-002   2.8000000000000000E-003   563.06395966322179     
   8.1040960357672956E-002   2.8000000000000000E-003   558.66425366332965     
   8.4442826350042507E-002   2.8000000000000000E-003   558.60664047441423     
   8.7908062700132419E-002   2.8000000000000000E-003   563.20912288878753     
   9.1436140977004560E-002   2.8000000000000000E-003   572.80016426908912     
   9.5026523166646296E-002   2.8000000000000000E-003   587.71895467128377     
   9.8678661754014921E-002   2.8000000000000000E-003   608.31568596052762     
  0.10239199980653067        2.8000000000000000E-003   634.95183616117743     
  0.10616597105900641        2.8000000000000000E-003   668.00046328985900     
  0.10999999999999999        2.8000000000000000E-003   707.84650892855007     
  
