   6.8077428705258236E-002   2.1538461538461538E-003   588.51340141292155     
   7.1220723408232281E-002   2.1538461538461538E-003   565.41952023597014     
   7.4429404772449650E-002   2.1538461538461538E-003   545.23938718232284     
   7.7702983490304176E-002   2.1538461538461538E-003   528.22907762033287     
   8.1040960357672956E-002   2.1538461538461538E-003   514.65277491608879     
   8.4442826350042507E-002   2.1538461538461538E-003   504.78294187340134     
   8.7908062700132419E-002   2.1538461538461538E-003   498.90049780132955     
   9.1436140977004560E-002   2.1538461538461538E-003   497.29500134357613     
   9.5026523166646296E-002   2.1538461538461538E-003   500.26483920828991     
   9.8678661754014921E-002   2.1538461538461538E-003   508.11742094159956     
  0.10239199980653067        2.1538461538461538E-003   521.16937989258554     
  0.10616597105900641        2.1538461538461538E-003   539.74678052200079     
  0.10999999999999999        2.1538461538461538E-003   564.18533221195469     
  
   6.8077428705258236E-002   2.2076923076923076E-003   575.48990196501393     
   7.1220723408232281E-002   2.2076923076923076E-003   552.40044861691695     
   7.4429404772449650E-002   2.2076923076923076E-003   532.28792704926798     
   7.7702983490304176E-002   2.2076923076923076E-003   515.41345329983312     
   8.1040960357672956E-002   2.2076923076923076E-003   502.04644993945715     
   8.4442826350042507E-002   2.2076923076923076E-003   492.46482380333526     
   8.7908062700132419E-002   2.2076923076923076E-003   486.95514956217517     
   9.1436140977004560E-002   2.2076923076923076E-003   485.81285927327372     
   9.5026523166646296E-002   2.2076923076923076E-003   489.34243805611288     
   9.8678661754014921E-002   2.2076923076923076E-003   497.85762604195315     
  0.10239199980653067        2.2076923076923076E-003   511.68162675156628     
  0.10616597105900641        2.2076923076923076E-003   531.14732206042777     
  0.10999999999999999        2.2076923076923076E-003   556.59749391546995     
  
   6.8077428705258236E-002   2.2615384615384615E-003   565.06646819971411     
   7.1220723408232281E-002   2.2615384615384615E-003   542.03791726606244     
   7.4429404772449650E-002   2.2615384615384615E-003   522.04416111210071     
   7.7702983490304176E-002   2.2615384615384615E-003   505.35084303892870     
   8.1040960357672956E-002   2.2615384615384615E-003   492.23209240879248     
   8.4442826350042507E-002   2.2615384615384615E-003   482.97070804787899     
   8.7908062700132419E-002   2.2615384615384615E-003   477.85834767244216     
   9.1436140977004560E-002   2.2615384615384615E-003   477.19572348256861     
   9.5026523166646296E-002   2.2615384615384615E-003   481.29280407295511     
   9.8678661754014921E-002   2.2615384615384615E-003   490.46902281498626     
  0.10239199980653067        2.2615384615384615E-003   505.05349286932744     
  0.10616597105900641        2.2615384615384615E-003   525.38522899362317     
  0.10999999999999999        2.2615384615384615E-003   551.81337631508541     
  
   6.8077428705258236E-002   2.3153846153846154E-003   557.33774299236359     
   7.1220723408232281E-002   2.3153846153846154E-003   534.43463688526595     
   7.4429404772449650E-002   2.3153846153846154E-003   514.61939766705666     
   7.7702983490304176E-002   2.3153846153846154E-003   498.16170731379282     
   8.1040960357672956E-002   2.3153846153846154E-003   485.33989513294529     
   8.4442826350042507E-002   2.3153846153846154E-003   476.44112623797201     
   8.7908062700132419E-002   2.3153846153846154E-003   471.76159620164083     
   9.1436140977004560E-002   2.3153846153846154E-003   471.60673203600953     
   9.5026523166646296E-002   2.3153846153846154E-003   476.29139965156571     
   9.8678661754014921E-002   2.3153846153846154E-003   486.14011795357391     
  0.10239199980653067        2.3153846153846154E-003   501.48727973835764     
  0.10616597105900641        2.3153846153846154E-003   522.67737955815824     
  0.10999999999999999        2.3153846153846154E-003   550.06524872830778     
  
   6.8077428705258236E-002   2.3692307692307693E-003   552.37364004670030     
   7.1220723408232281E-002   2.3692307692307693E-003   529.66712218635632     
   7.4429404772449650E-002   2.3692307692307693E-003   510.09722070655391     
   7.7702983490304176E-002   2.3692307692307693E-003   493.93719064873233     
   8.1040960357672956E-002   2.3692307692307693E-003   481.46907811861314     
   8.4442826350042507E-002   2.3692307692307693E-003   472.98391325415434     
   8.7908062700132419E-002   2.3692307692307693E-003   468.78190950174815     
   9.1436140977004560E-002   2.3692307692307693E-003   469.17266935039737     
   9.5026523166646296E-002   2.3692307692307693E-003   474.47539667884752     
   9.8678661754014921E-002   2.3692307692307693E-003   485.01911587570601     
  0.10239199980653067        2.3692307692307693E-003   501.14289789808311     
  0.10616597105900641        2.3692307692307693E-003   523.19609343958587     
  0.10999999999999999        2.3692307692307693E-003   551.53857338427758     
  
   6.8077428705258236E-002   2.4230769230769228E-003   550.21795542833968     
   7.1220723408232281E-002   2.4230769230769228E-003   527.78414002383374     
   7.4429404772449650E-002   2.4230769230769228E-003   508.53176166015749     
   7.7702983490304176E-002   2.4230769230769228E-003   492.73720332368862     
   8.1040960357672956E-002   2.4230769230769228E-003   480.68576593280790     
   8.4442826350042507E-002   2.4230769230769228E-003   472.67186524417139     
   8.7908062700132419E-002   2.4230769230769228E-003   468.99923517179064     
   9.1436140977004560E-002   2.4230769230769228E-003   469.98113766983863     
   9.5026523166646296E-002   2.4230769230769228E-003   475.94057933511601     
   9.8678661754014921E-002   2.4230769230769228E-003   487.21053489056510     
  0.10239199980653067        2.4230769230769228E-003   504.13417771630714     
  0.10616597105900641        2.4230769230769228E-003   527.06511760049341     
  0.10999999999999999        2.4230769230769228E-003   556.36764588782444     
  
   6.8077428705258236E-002   2.4769230769230771E-003   550.88795902332345     
   7.1220723408232281E-002   2.4769230769230771E-003   528.80623074995901     
   7.4429404772449650E-002   2.4769230769230771E-003   509.94714454836759     
   7.7702983490304176E-002   2.4769230769230771E-003   494.58978395630578     
   8.1040960357672956E-002   2.4769230769230771E-003   483.02226106776925     
   8.4442826350042507E-002   2.4769230769230771E-003   475.54191684686839     
   8.7908062700132419E-002   2.4769230769230771E-003   472.45552793611154     
   9.1436140977004560E-002   2.4769230769230771E-003   474.07952011004818     
   9.5026523166646296E-002   2.4769230769230771E-003   480.74018853039399     
   9.8678661754014921E-002   2.4769230769230771E-003   492.77392496394077     
  0.10239199980653067        2.4769230769230771E-003   510.52745212989942     
  0.10616597105900641        2.4769230769230771E-003   534.35806534902508     
  0.10999999999999999        2.4769230769230771E-003   564.63388167237338     
  
   6.8077428705258236E-002   2.5307692307692305E-003   554.37490561319191     
   7.1220723408232281E-002   2.5307692307692305E-003   532.72623566500329     
   7.4429404772449650E-002   2.5307692307692305E-003   514.33802992526091     
   7.7702983490304176E-002   2.5307692307692305E-003   499.49166010154403     
   8.1040960357672956E-002   2.5307692307692305E-003   488.47762141771574     
   8.4442826350042507E-002   2.5307692307692305E-003   481.59573583109147     
   8.7908062700132419E-002   2.5307692307692305E-003   479.15536180440660     
   9.1436140977004560E-002   2.5307692307692305E-003   481.47561078267341     
   9.5026523166646296E-002   2.5307692307692305E-003   488.88557053020639     
   9.8678661754014921E-002   2.5307692307692305E-003   501.72453548818771     
  0.10239199980653067        2.5307692307692305E-003   520.34224431836628     
  0.10616597105900641        2.5307692307692305E-003   545.09912480431797     
  0.10999999999999999        2.5307692307692305E-003   576.36654628687222     
  
   6.8077428705258236E-002   2.5846153846153844E-003   560.64536553677522     
   7.1220723408232281E-002   2.5846153846153844E-003   539.51071991053061     
   7.4429404772449650E-002   2.5846153846153844E-003   521.67113539074148     
   7.7702983490304176E-002   2.5846153846153844E-003   507.40987206693706     
   8.1040960357672956E-002   2.5846153846153844E-003   497.01939339289009     
   8.4442826350042507E-002   2.5846153846153844E-003   490.80157183174776     
   8.7908062700132419E-002   2.5846153846153844E-003   489.06790109702092     
   9.1436140977004560E-002   2.5846153846153844E-003   492.13971513790716     
   9.5026523166646296E-002   2.5846153846153844E-003   500.34841402256041     
   9.8678661754014921E-002   2.5846153846153844E-003   514.03569687763638     
  0.10239199980653067        2.5846153846153844E-003   533.55380204812900     
  0.10616597105900641        2.5846153846153844E-003   559.26575464638597     
  0.10999999999999999        2.5846153846153844E-003   591.54562166520543     
  
   6.8077428705258236E-002   2.6384615384615383E-003   569.64324470048950     
   7.1220723408232281E-002   2.6384615384615383E-003   549.10214722397177     
   7.4429404772449650E-002   2.6384615384615383E-003   531.88757463917432     
   7.7702983490304176E-002   2.6384615384615383E-003   518.28428627638914     
   8.1040960357672956E-002   2.6384615384615383E-003   508.58631010878378     
   8.4442826350042507E-002   2.6384615384615383E-003   503.09715038213051     
   8.7908062700132419E-002   2.6384615384615383E-003   502.13000186421289     
   9.1436140977004560E-002   2.6384615384615383E-003   506.00797086023817     
   9.5026523166646296E-002   2.6384615384615383E-003   515.06430314506758     
   9.8678661754014921E-002   2.6384615384615383E-003   529.64261896836570     
  0.10239199980653067        2.6384615384615383E-003   550.09715529350001     
  0.10616597105900641        2.6384615384615383E-003   576.79301543637757     
  0.10999999999999999        2.6384615384615383E-003   610.10642627582320     
  
   6.8077428705258236E-002   2.6923076923076922E-003   581.29234349358262     
   7.1220723408232281E-002   2.6923076923076922E-003   561.42164112909552     
   7.4429404772449650E-002   2.6923076923076922E-003   544.90583346090830     
   7.7702983490304176E-002   2.6923076923076922E-003   532.03079919346885     
   8.1040960357672956E-002   2.6923076923076922E-003   523.09173693373373     
   8.4442826350042507E-002   2.6923076923076922E-003   518.39337439731264     
   8.7908062700132419E-002   2.6923076923076922E-003   518.25018424344614     
   9.1436140977004560E-002   2.6923076923076922E-003   522.98660668176785     
   9.5026523166646296E-002   2.6923076923076922E-003   532.93727899908527     
   9.8678661754014921E-002   2.6923076923076922E-003   548.44727215846342     
  0.10239199980653067        2.6923076923076922E-003   569.87233462826373     
  0.10616597105900641        2.6923076923076922E-003   597.57914360346501     
  0.10999999999999999        2.6923076923076922E-003   631.94556378683569     
  
   6.8077428705258236E-002   2.7461538461538461E-003   595.49929381510572     
   7.1220723408232281E-002   2.7461538461538461E-003   576.37215616186722     
   7.4429404772449650E-002   2.7461538461538461E-003   560.62518952575545     
   7.7702983490304176E-002   2.7461538461538461E-003   548.54502063661960     
   8.1040960357672956E-002   2.7461538461538461E-003   540.42763393873145     
   8.4442826350042507E-002   2.7461538461538461E-003   536.57858200400369     
   8.7908062700132419E-002   2.7461538461538461E-003   537.31320257031268     
   9.1436140977004560E-002   2.7461538461538461E-003   542.95684234488340     
   9.5026523166646296E-002   2.7461538461538461E-003   553.84508771706169     
   9.8678661754014921E-002   2.7461538461538461E-003   570.32400252921775     
  0.10239199980653067        2.7461538461538461E-003   592.75037305907313     
  0.10616597105900641        2.7461538461538461E-003   621.49196037160345     
  0.10999999999999999        2.7461538461538461E-003   656.92776020333736     
  
   6.8077428705258236E-002   2.8000000000000000E-003   612.15671225421579     
   7.1220723408232281E-002   2.8000000000000000E-003   593.84188183379285     
   7.4429404772449650E-002   2.8000000000000000E-003   578.92938222572150     
   7.7702983490304176E-002   2.8000000000000000E-003   567.70622520092877     
   8.1040960357672956E-002   2.8000000000000000E-003   560.46880521050275     
   8.4442826350042507E-002   2.8000000000000000E-003   557.52311067763276     
   8.7908062700132419E-002   2.8000000000000000E-003   559.18494190134243     
   9.1436140977004560E-002   2.8000000000000000E-003   565.78013570824328     
   9.5026523166646296E-002   2.8000000000000000E-003   577.64479699273761     
   9.8678661754014921E-002   2.8000000000000000E-003   595.12553729020397     
  0.10239199980653067        2.8000000000000000E-003   618.57972053196579     
  0.10616597105900641        2.8000000000000000E-003   648.37571613545697     
  0.10999999999999999        2.8000000000000000E-003   684.89315958728139     
  
