   6.8077428705258236E-002   2.1538461538461538E-003   569.36238607951236     
   7.1220723408232281E-002   2.1538461538461538E-003   548.14241319513349     
   7.4429404772449650E-002   2.1538461538461538E-003   530.07594019004614     
   7.7702983490304176E-002   2.1538461538461538E-003   515.43626823455679     
   8.1040960357672956E-002   2.1538461538461538E-003   504.50564476428093     
   8.4442826350042507E-002   2.1538461538461538E-003   497.57546872834138     
   8.7908062700132419E-002   2.1538461538461538E-003   494.94650259251659     
   9.1436140977004560E-002   2.1538461538461538E-003   496.92909125097742     
   9.5026523166646296E-002   2.1538461538461538E-003   503.84338800373200     
   9.8678661754014921E-002   2.1538461538461538E-003   516.01958776101424     
  0.10239199980653067        2.1538461538461538E-003   533.79816763955864     
  0.10616597105900641        2.1538461538461538E-003   557.53013511952554     
  0.10999999999999999        2.1538461538461538E-003   587.57728393463435     
  
   6.8077428705258236E-002   2.2076923076923076E-003   557.13021967847362     
   7.1220723408232281E-002   2.2076923076923076E-003   535.89344990611812     
   7.4429404772449650E-002   2.2076923076923076E-003   517.86751522881923     
   7.7702983490304176E-002   2.2076923076923076E-003   503.33041865607476     
   8.1040960357672956E-002   2.2076923076923076E-003   492.56930556464965     
   8.4442826350042507E-002   2.2076923076923076E-003   485.88067592350149     
   8.7908062700132419E-002   2.2076923076923076E-003   483.57060354280418     
   9.1436140977004560E-002   2.2076923076923076E-003   485.95496250990431     
   9.5026523166646296E-002   2.2076923076923076E-003   493.35966097877599     
   9.8678661754014921E-002   2.2076923076923076E-003   506.12088248435202     
  0.10239199980653067        2.2076923076923076E-003   524.58533495695337     
  0.10616597105900641        2.2076923076923076E-003   549.11050761653519     
  0.10999999999999999        2.2076923076923076E-003   580.06493593075811     
  
   6.8077428705258236E-002   2.2615384615384615E-003   547.42667788165556     
   7.1220723408232281E-002   2.2615384615384615E-003   526.21176468535725     
   7.4429404772449650E-002   2.2615384615384615E-003   508.25754392081143     
   7.7702983490304176E-002   2.2615384615384615E-003   493.84602810398945     
   8.1040960357672956E-002   2.2615384615384615E-003   483.26853759217261     
   8.4442826350042507E-002   2.2615384615384615E-003   476.82591850854715     
   8.7908062700132419E-002   2.2615384615384615E-003   474.82876789766385     
   9.1436140977004560E-002   2.2615384615384615E-003   477.59766628052557     
   9.5026523166646296E-002   2.2615384615384615E-003   485.46341778279759     
   9.8678661754014921E-002   2.2615384615384615E-003   498.76729801388950     
  0.10239199980653067        2.2615384615384615E-003   517.86130987943761     
  0.10616597105900641        2.2615384615384615E-003   543.10844751424361     
  0.10999999999999999        2.2615384615384615E-003   574.88296852722419     
  
   6.8077428705258236E-002   2.3153846153846154E-003   540.36454063650262     
   7.1220723408232281E-002   2.3153846153846154E-003   519.22076155482455     
   7.4429404772449650E-002   2.3153846153846154E-003   501.38080539419849     
   7.7702983490304176E-002   2.3153846153846154E-003   487.13003809281827     
   8.1040960357672956E-002   2.3153846153846154E-003   476.76326928653737     
   8.4442826350042507E-002   2.3153846153846154E-003   470.58497466969652     
   8.7908062700132419E-002   2.3153846153846154E-003   468.90952573120296     
   9.1436140977004560E-002   2.3153846153846154E-003   472.06142703783399     
   9.5026523166646296E-002   2.3153846153846154E-003   480.37556124160790     
   9.8678661754014921E-002   2.3153846153846154E-003   494.19744199254450     
  0.10239199980653067        2.3153846153846154E-003   513.88347494298932     
  0.10616597105900641        2.3153846153846154E-003   539.80122703419295     
  0.10999999999999999        2.3153846153846154E-003   572.32970426072575     
  
   6.8077428705258236E-002   2.3692307692307693E-003   536.03643165665517     
   7.1220723408232281E-002   2.3692307692307693E-003   515.02284498627819     
   7.4429404772449650E-002   2.3692307692307693E-003   497.35024259294829     
   7.7702983490304176E-002   2.3692307692307693E-003   483.30672835208821     
   8.1040960357672956E-002   2.3692307692307693E-003   473.18995754533739     
   8.4442826350042507E-002   2.3692307692307693E-003   467.30736244504538     
   8.7908062700132419E-002   2.3692307692307693E-003   465.97638535880697     
   9.1436140977004560E-002   2.3692307692307693E-003   469.52471930652860     
   9.5026523166646296E-002   2.3692307692307693E-003   478.29055650715276     
   9.8678661754014921E-002   2.3692307692307693E-003   492.62284485689298     
  0.10239199980653067        2.3692307692307693E-003   512.88155258528695     
  0.10616597105900641        2.3692307692307693E-003   539.43794128035199     
  0.10999999999999999        2.3692307692307693E-003   572.67484747844583     
  
   6.8077428705258236E-002   2.4230769230769228E-003   534.51263125797709     
   7.1220723408232281E-002   2.4230769230769228E-003   513.69697583168340     
   7.4429404772449650E-002   2.4230769230769228E-003   496.25424003407477     
   7.7702983490304176E-002   2.4230769230769228E-003   482.47469392573123     
   8.1040960357672956E-002   2.4230769230769228E-003   472.65824041191553     
   8.4442826350042507E-002   2.4230769230769228E-003   467.11464292370675     
   8.7908062700132419E-002   2.4230769230769228E-003   466.16376058970729     
   9.1436140977004560E-002   2.4230769230769228E-003   470.13579106876978     
   9.5026523166646296E-002   2.4230769230769228E-003   479.37152121868388     
   9.8678661754014921E-002   2.4230769230769228E-003   494.22258578011656     
  0.10239199980653067        2.4230769230769228E-003   515.05173425980570     
  0.10616597105900641        2.4230769230769228E-003   542.23310620125721     
  0.10999999999999999        2.4230769230769228E-003   576.15251503595175     
  
   6.8077428705258236E-002   2.4769230769230771E-003   535.83968658159858     
   7.1220723408232281E-002   2.4769230769230771E-003   515.29709252788268     
   7.4429404772449650E-002   2.4769230769230771E-003   498.15483856373783     
   7.7702983490304176E-002   2.4769230769230771E-003   484.70483489040754     
   8.1040960357672956E-002   2.4769230769230771E-003   475.24868194173695     
   8.4442826350042507E-002   2.4769230769230771E-003   470.09789915070797     
   8.7908062700132419E-002   2.4769230769230771E-003   469.57416119026777     
   9.1436140977004560E-002   2.4769230769230771E-003   474.00954185479532     
   9.5026523166646296E-002   2.4769230769230771E-003   483.74676575270701     
   9.8678661754014921E-002   2.4769230769230771E-003   499.13946798491895     
  0.10239199980653067        2.4769230769230771E-003   520.55246198818043     
  0.10616597105900641        2.4769230769230771E-003   548.36201572645155     
  0.10999999999999999        2.4769230769230771E-003   582.95613641772934     
  
   6.8077428705258236E-002   2.5307692307692305E-003   540.03979727139915     
   7.1220723408232281E-002   2.5307692307692305E-003   519.85137374451222     
   7.4429404772449650E-002   2.5307692307692305E-003   503.08686125403887     
   7.7702983490304176E-002   2.5307692307692305E-003   490.03933067635887     
   8.1040960357672956E-002   2.5307692307692305E-003   481.01157894001898     
   8.4442826350042507E-002   2.5307692307692305E-003   476.31635800638651     
   8.7908062700132419E-002   2.5307692307692305E-003   476.27661127058514     
   9.1436140977004560E-002   2.5307692307692305E-003   481.22571754341493     
   9.5026523166646296E-002   2.5307692307692305E-003   491.50774277876917     
   9.8678661754014921E-002   2.5307692307692305E-003   507.47769971509922     
  0.10239199980653067        2.5307692307692305E-003   529.50181560341889     
  0.10616597105900641        2.5307692307692305E-003   557.95780819806043     
  0.10999999999999999        2.5307692307692305E-003   593.23517019050007     
  
   6.8077428705258236E-002   2.5846153846153844E-003   547.11092317707221     
   7.1220723408232281E-002   2.5846153846153844E-003   527.36228458557537     
   7.4429404772449650E-002   2.5846153846153844E-003   511.05788785728146     
   7.7702983490304176E-002   2.5846153846153844E-003   498.49153148406162     
   8.1040960357672956E-002   2.5846153846153844E-003   489.96675691631799     
   8.4442826350042507E-002   2.5846153846153844E-003   485.79707704327853     
   8.7908062700132419E-002   2.5846153846153844E-003   486.30621201172147     
   9.1436140977004560E-002   2.5846153846153844E-003   491.82833253741137     
   9.5026523166646296E-002   2.5846153846153844E-003   502.70831086709444     
   9.8678661754014921E-002   2.5846153846153844E-003   519.30197955246899     
  0.10239199980653067        2.5846153846153844E-003   541.97639820114500     
  0.10616597105900641        2.5846153846153844E-003   571.11012837316650     
  0.10999999999999999        2.5846153846153844E-003   607.09351679524002     
  
   6.8077428705258236E-002   2.6384615384615383E-003   557.02753592850900     
   7.1220723408232281E-002   2.6384615384615383E-003   537.80732183006262     
   7.4429404772449650E-002   2.6384615384615383E-003   522.04898664929340     
   7.7702983490304176E-002   2.6384615384615383E-003   510.04666869149844     
   8.1040960357672956E-002   2.6384615384615383E-003   502.10424994585230     
   8.4442826350042507E-002   2.6384615384615383E-003   498.53558351571701     
   8.7908062700132419E-002   2.6384615384615383E-003   499.66472828835526     
   9.1436140977004560E-002   2.6384615384615383E-003   505.82619099162525     
   9.5026523166646296E-002   2.6384615384615383E-003   517.36517578862811     
   9.8678661754014921E-002   2.6384615384615383E-003   534.63784156446741     
  0.10239199980653067        2.6384615384615383E-003   558.01156706263725     
  0.10616597105900641        2.6384615384615383E-003   587.86522403187269     
  0.10999999999999999        2.6384615384615383E-003   624.58945854737260     
  
   6.8077428705258236E-002   2.6923076923076922E-003   569.74191842328685     
   7.1220723408232281E-002   2.6923076923076922E-003   551.14035460673585     
   7.4429404772449650E-002   2.6923076923076922E-003   536.01609208878665     
   7.7702983490304176E-002   2.6923076923076922E-003   524.66326440677460     
   8.1040960357672956E-002   2.6923076923076922E-003   517.38573603693465     
   8.4442826350042507E-002   2.6923076923076922E-003   514.49732839029286     
   8.7908062700132419E-002   2.6923076923076922E-003   516.32205294162077     
   9.1436140977004560E-002   2.6923076923076922E-003   523.19435163298635     
   9.5026523166646296E-002   2.6923076923076922E-003   535.45934469631425     
   9.8678661754014921E-002   2.6923076923076922E-003   553.47308604254363     
  0.10239199980653067        2.6923076923076922E-003   577.60282636794773     
  0.10616597105900641        2.6923076923076922E-003   608.22728413129141     
  0.10999999999999999        2.6923076923076922E-003   645.73692455854939     
  
   6.8077428705258236E-002   2.7461538461538461E-003   585.18590516352060     
   7.1220723408232281E-002   2.7461538461538461E-003   567.29344504763833     
   7.4429404772449650E-002   2.7461538461538461E-003   552.89190411605614     
   7.7702983490304176E-002   2.7461538461538461E-003   542.27510695885132     
   8.1040960357672956E-002   2.7461538461538461E-003   535.74658548484945     
   8.4442826350042507E-002   2.7461538461538461E-003   533.61980325529476     
   8.7908062700132419E-002   2.7461538461538461E-003   536.21838684651777     
   9.1436140977004560E-002   2.7461538461538461E-003   543.87636437767583     
   9.5026523166646296E-002   2.7461538461538461E-003   556.93841134264096     
   9.8678661754014921E-002   2.7461538461538461E-003   575.76010388798295     
  0.10239199980653067        2.7461538461538461E-003   600.70817968204688     
  0.10616597105900641        2.7461538461538461E-003   632.16080652290520     
  0.10999999999999999        2.7461538461538461E-003   670.50785883598780     
  
   6.8077428705258236E-002   2.8000000000000000E-003   603.27295147829807     
   7.1220723408232281E-002   2.8000000000000000E-003   586.17902827877401     
   7.4429404772449650E-002   2.8000000000000000E-003   572.58817944268878     
   7.7702983490304176E-002   2.8000000000000000E-003   562.79365336549063     
   8.1040960357672956E-002   2.8000000000000000E-003   557.09837365929241     
   8.4442826350042507E-002   2.8000000000000000E-003   555.81516173837838     
   8.7908062700132419E-002   2.8000000000000000E-003   559.26696633917993     
   9.1436140977004560E-002   2.8000000000000000E-003   567.78710010720283     
   9.5026523166646296E-002   2.8000000000000000E-003   581.71948338573782     
   9.8678661754014921E-002   2.8000000000000000E-003   601.41889534445681     
  0.10239199980653067        2.8000000000000000E-003   627.25123258863641     
  0.10616597105900641        2.8000000000000000E-003   659.59377539301352     
  0.10999999999999999        2.8000000000000000E-003   698.83546170679529     
  
