   6.8077428705258236E-002   2.1538461538461538E-003   670.30734315160794     
   7.1220723408232281E-002   2.1538461538461538E-003   652.44870477709310     
   7.4429404772449650E-002   2.1538461538461538E-003   637.71044181899674     
   7.7702983490304176E-002   2.1538461538461538E-003   626.35533666561344     
   8.1040960357672956E-002   2.1538461538461538E-003   618.65454493839820     
   8.4442826350042507E-002   2.1538461538461538E-003   614.88777781270551     
   8.7908062700132419E-002   2.1538461538461538E-003   615.34349063091190     
   9.1436140977004560E-002   2.1538461538461538E-003   620.31907798104692     
   9.5026523166646296E-002   2.1538461538461538E-003   630.12107542080525     
   9.8678661754014921E-002   2.1538461538461538E-003   645.06536803363565     
  0.10239199980653067        2.1538461538461538E-003   665.47740601072132     
  0.10616597105900641        2.1538461538461538E-003   691.69242746011082     
  0.10999999999999999        2.1538461538461538E-003   724.05568865183591     
  
   6.8077428705258236E-002   2.2076923076923076E-003   659.24371086877989     
   7.1220723408232281E-002   2.2076923076923076E-003   641.46654772741476     
   7.4429404772449650E-002   2.2076923076923076E-003   626.87356765891786     
   7.7702983490304176E-002   2.2076923076923076E-003   615.73257312849273     
   8.1040960357672956E-002   2.2076923076923076E-003   608.31994754748268     
   8.4442826350042507E-002   2.2076923076923076E-003   604.92084504138700     
   8.7908062700132419E-002   2.2076923076923076E-003   605.82938681242103     
   9.1436140977004560E-002   2.2076923076923076E-003   611.34886428120274     
   9.5026523166646296E-002   2.2076923076923076E-003   621.79194919885254     
   9.8678661754014921E-002   2.2076923076923076E-003   637.48091092858363     
  0.10239199980653067        2.2076923076923076E-003   658.74784110341216     
  0.10616597105900641        2.2076923076923076E-003   685.93488587450975     
  0.10999999999999999        2.2076923076923076E-003   719.39448597307137     
  
   6.8077428705258236E-002   2.2615384615384615E-003   650.55896035594606     
   7.1220723408232281E-002   2.2615384615384615E-003   632.90786002825280     
   7.4429404772449650E-002   2.2615384615384615E-003   618.49907299823485     
   7.7702983490304176E-002   2.2615384615384615E-003   607.60491172559284     
   8.1040960357672956E-002   2.2615384615384615E-003   600.50645977833437     
   8.4442826350042507E-002   2.2615384615384615E-003   597.49376858398387     
   8.7908062700132419E-002   2.2615384615384615E-003   598.86606106023351     
   9.1436140977004560E-002   2.2615384615384615E-003   604.93194231969881     
   9.5026523166646296E-002   2.2615384615384615E-003   616.00961765160878     
   9.8678661754014921E-002   2.2615384615384615E-003   632.42711799084384     
  0.10239199980653067        2.2615384615384615E-003   654.52253309299158     
  0.10616597105900641        2.2615384615384615E-003   682.64425264281795     
  0.10999999999999999        2.2615384615384615E-003   717.15121553202403     
  
   6.8077428705258236E-002   2.3153846153846154E-003   644.37079728355957     
   7.1220723408232281E-002   2.3153846153846154E-003   626.90159296670424     
   7.4429404772449650E-002   2.3153846153846154E-003   612.72795949834995     
   7.7702983490304176E-002   2.3153846153846154E-003   602.12624859125174     
   8.1040960357672956E-002   2.3153846153846154E-003   595.38175680119491     
   8.4442826350042507E-002   2.3153846153846154E-003   592.78892881478180     
   8.7908062700132419E-002   2.3153846153846154E-003   594.65156788418096     
   9.1436140977004560E-002   2.3153846153846154E-003   601.28305361369803     
   9.5026523166646296E-002   2.3153846153846154E-003   613.00656731123456     
   9.8678661754014921E-002   2.3153846153846154E-003   630.15532512606410     
  0.10239199980653067        2.3153846153846154E-003   653.07281920307980     
  0.10616597105900641        2.3153846153846154E-003   682.11306709268854     
  0.10999999999999999        2.3153846153846154E-003   717.64086966488208     
  
   6.8077428705258236E-002   2.3692307692307693E-003   640.77495542945405     
   7.1220723408232281E-002   2.3692307692307693E-003   623.55343584500099     
   7.4429404772449650E-002   2.3692307692307693E-003   609.67662006062596     
   7.7702983490304176E-002   2.3692307692307693E-003   599.42446530227255     
   8.1040960357672956E-002   2.3692307692307693E-003   593.08603195707940     
   8.4442826350042507E-002   2.3692307692307693E-003   590.95969296378939     
   8.7908062700132419E-002   2.3692307692307693E-003   593.35335060092723     
   9.1436140977004560E-002   2.3692307692307693E-003   600.58466088718728     
   9.5026523166646296E-002   2.3692307692307693E-003   612.98126581686756     
   9.8678661754014921E-002   2.3692307692307693E-003   630.88103366207895     
  0.10239199980653067        2.3692307692307693E-003   654.63230758265797     
  0.10616597105900641        2.3692307692307693E-003   684.59416279410516     
  0.10999999999999999        2.3692307692307693E-003   721.13667255388350     
  
   6.8077428705258236E-002   2.4230769230769228E-003   639.84224261785471     
   7.1220723408232281E-002   2.4230769230769228E-003   622.94253256482079     
   7.4429404772449650E-002   2.4230769230769228E-003   609.43320017539315     
   7.7702983490304176E-002   2.4230769230769228E-003   599.59740778173932     
   8.1040960357672956E-002   2.4230769230769228E-003   593.72756463813243     
   8.4442826350042507E-002   2.4230769230769228E-003   592.12554198744306     
   8.7908062700132419E-002   2.4230769230769228E-003   595.10289575982370     
   9.1436140977004560E-002   2.4230769230769228E-003   602.98109712694111     
   9.5026523166646296E-002   2.4230769230769228E-003   616.09177114378565     
   9.8678661754014921E-002   2.4230769230769228E-003   634.77694371944392     
  0.10239199980653067        2.4230769230769228E-003   659.38929716778432     
  0.10616597105900641        2.4230769230769228E-003   690.29243459907821     
  0.10999999999999999        2.4230769230769228E-003   727.86115342365702     
  
   6.8077428705258236E-002   2.4769230769230771E-003   641.61654121779975     
   7.1220723408232281E-002   2.4769230769230771E-003   625.11924687376859     
   7.4429404772449650E-002   2.4769230769230771E-003   612.05510939126543     
   7.7702983490304176E-002   2.4769230769230771E-003   602.71012458025712     
   8.1040960357672956E-002   2.4769230769230771E-003   597.37966506567022     
   8.4442826350042507E-002   2.4769230769230771E-003   596.36870060588876     
   8.7908062700132419E-002   2.4769230769230771E-003   599.99202626168233     
   9.1436140977004560E-002   2.4769230769230771E-003   608.57449864689511     
   9.5026523166646296E-002   2.4769230769230771E-003   622.45128050173878     
   9.8678661754014921E-002   2.4769230769230771E-003   641.96809383897698     
  0.10239199980653067        2.4769230769230771E-003   667.48148192347332     
  0.10616597105900641        2.4769230769230771E-003   699.35908035583589     
  0.10999999999999999        2.4769230769230771E-003   737.97989754168429     
  
   6.8077428705258236E-002   2.5307692307692305E-003   646.11377761818414     
   7.1220723408232281E-002   2.5307692307692305E-003   630.10399135189130     
   7.4429404772449650E-002   2.5307692307692305E-003   617.56769852192338     
   7.7702983490304176E-002   2.5307692307692305E-003   608.79338053936317     
   8.1040960357672956E-002   2.5307692307692305E-003   604.07901217324718     
   8.4442826350042507E-002   2.5307692307692305E-003   603.73228669552032     
   8.7908062700132419E-002   2.5307692307692305E-003   608.07084907794069     
   9.1436140977004560E-002   2.5307692307692305E-003   617.42253748014252     
   9.5026523166646296E-002   2.5307692307692305E-003   632.12563327747341     
   9.8678661754014921E-002   2.5307692307692305E-003   652.52911988753863     
  0.10239199980653067        2.5307692307692305E-003   678.99295066452748     
  0.10616597105900641        2.5307692307692305E-003   711.88832614124783     
  0.10999999999999999        2.5307692307692305E-003   751.59798090996730     
  
   6.8077428705258236E-002   2.5846153846153844E-003   653.32183067893516     
   7.1220723408232281E-002   2.5846153846153844E-003   637.88708631759312     
   7.4429404772449650E-002   2.5846153846153844E-003   625.96406448446055     
   7.7702983490304176E-002   2.5846153846153844E-003   617.84340293237619     
   8.1040960357672956E-002   2.5846153846153844E-003   613.82533632546176     
   8.4442826350042507E-002   2.5846153846153844E-003   614.21992578003199     
   8.7908062700132419E-002   2.5846153846153844E-003   619.34729664245538     
   9.1436140977004560E-002   2.5846153846153844E-003   629.53788475019076     
   9.5026523166646296E-002   2.5846153846153844E-003   645.13269143220373     
   9.8678661754014921E-002   2.5846153846153844E-003   666.48354751529484     
  0.10239199980653067        2.5846153846153844E-003   693.95338661356141     
  0.10616597105900641        2.5846153846153844E-003   727.91652798945779     
  0.10999999999999999        2.5846153846153844E-003   768.75896928629584     
  
   6.8077428705258236E-002   2.6384615384615383E-003   663.20131113696777     
   7.1220723408232281E-002   2.6384615384615383E-003   648.42957312225985     
   7.4429404772449650E-002   2.6384615384615383E-003   637.20589900333698     
   7.7702983490304176E-002   2.6384615384615383E-003   629.82276729609146     
   8.1040960357672956E-002   2.6384615384615383E-003   626.58234421527368     
   8.4442826350042507E-002   2.6384615384615383E-003   627.79671717442648     
   8.7908062700132419E-002   2.6384615384615383E-003   633.78813669093461     
   9.1436140977004560E-002   2.6384615384615383E-003   644.88926694892507     
   9.5026523166646296E-002   2.6384615384615383E-003   661.44344528299803     
   9.8678661754014921E-002   2.6384615384615383E-003   683.80495085651819     
  0.10239199980653067        2.6384615384615383E-003   712.33928281912404     
  0.10616597105900641        2.6384615384615383E-003   747.42344823964243     
  0.10999999999999999        2.6384615384615383E-003   789.44626012250501     
  
   6.8077428705258236E-002   2.6923076923076922E-003   675.68711339482093     
   7.1220723408232281E-002   2.6923076923076922E-003   661.66487292600198     
   7.4429404772449650E-002   2.6923076923076922E-003   651.22526103323742     
   7.7702983490304176E-002   2.6923076923076922E-003   644.66229059800173     
   8.1040960357672956E-002   2.6923076923076922E-003   642.27974033806413     
   8.4442826350042507E-002   2.6923076923076922E-003   644.39139182265887     
   8.7908062700132419E-002   2.6923076923076922E-003   651.32127504387972     
   9.1436140977004560E-002   2.6923076923076922E-003   663.40392280296305     
   9.5026523166646296E-002   2.6923076923076922E-003   680.98463418066876     
   9.8678661754014921E-002   2.6923076923076922E-003   704.41974737201417     
  0.10239199980653067        2.6923076923076922E-003   734.07692217676299     
  0.10616597105900641        2.6923076923076922E-003   770.33543244900090     
  0.10999999999999999        2.6923076923076922E-003   813.58646882135736     
  
   6.8077428705258236E-002   2.7461538461538461E-003   690.69061855216137     
   7.1220723408232281E-002   2.7461538461538461E-003   677.50115752537261     
   7.4429404772449650E-002   2.7461538461538461E-003   667.92712617550512     
   7.7702983490304176E-002   2.7461538461538461E-003   662.26377064654321     
   8.1040960357672956E-002   2.7461538461538461E-003   660.81616844340635     
   8.4442826350042507E-002   2.7461538461538461E-003   663.89946851255263     
   8.7908062700132419E-002   2.7461538461538461E-003   671.83914001263838     
   9.1436140977004560E-002   2.7461538461538461E-003   684.97123003928311     
   9.5026523166646296E-002   2.7461538461538461E-003   703.64263057888752     
   9.8678661754014921E-002   2.7461538461538461E-003   728.21135497746570     
  0.10239199980653067        2.7461538461538461E-003   759.04682422218252     
  0.10616597105900641        2.7461538461538461E-003   796.53016334530162     
  0.10999999999999999        2.7461538461538461E-003   841.05450827272318     
  
   6.8077428705258236E-002   2.8000000000000000E-003   708.10241298204119     
   7.1220723408232281E-002   2.8000000000000000E-003   695.82428311980925     
   7.4429404772449650E-002   2.8000000000000000E-003   687.19254951836729     
   7.7702983490304176E-002   2.8000000000000000E-003   682.50339261499187     
   8.1040960357672956E-002   2.8000000000000000E-003   682.06287710887068     
   8.4442826350042507E-002   2.8000000000000000E-003   686.18719465303116     
   8.7908062700132419E-002   2.8000000000000000E-003   695.20291535273361     
   9.1436140977004560E-002   2.8000000000000000E-003   709.44724833944554     
   9.5026523166646296E-002   2.8000000000000000E-003   729.26831170009893     
   9.8678661754014921E-002   2.8000000000000000E-003   755.02541205309080     
  0.10239199980653067        2.8000000000000000E-003   787.08933407403720     
  0.10616597105900641        2.8000000000000000E-003   825.84264028683936     
  0.10999999999999999        2.8000000000000000E-003   871.67998144820956     
  
