   6.8077428705258236E-002   2.1538461538461538E-003   565.13171184850330     
   7.1220723408232281E-002   2.1538461538461538E-003   541.15235786332403     
   7.4429404772449650E-002   2.1538461538461538E-003   519.95616613737729     
   7.7702983490304176E-002   2.1538461538461538E-003   501.79184755162203     
   8.1040960357672956E-002   2.1538461538461538E-003   486.91606543932392     
   8.4442826350042507E-002   2.1538461538461538E-003   475.59360592054077     
   8.7908062700132419E-002   2.1538461538461538E-003   468.09755358545976     
   9.1436140977004560E-002   2.1538461538461538E-003   464.70947263586390     
   9.5026523166646296E-002   2.1538461538461538E-003   465.71959359730158     
   9.8678661754014921E-002   2.1538461538461538E-003   471.42700571707104     
  0.10239199980653067        2.1538461538461538E-003   482.13985516635057     
  0.10616597105900641        2.1538461538461538E-003   498.17554916774122     
  0.10999999999999999        2.1538461538461538E-003   519.86096617239878     
  
   6.8077428705258236E-002   2.2076923076923076E-003   551.60263046187765     
   7.1220723408232281E-002   2.2076923076923076E-003   527.76605946109100     
   7.4429404772449650E-002   2.2076923076923076E-003   506.79565965326401     
   7.7702983490304176E-002   2.2076923076923076E-003   488.94653982434318     
   8.1040960357672956E-002   2.2076923076923076E-003   474.48201802668530     
   8.4442826350042507E-002   2.2076923076923076E-003   463.67380054265288     
   8.7908062700132419E-002   2.2076923076923076E-003   456.80216651578672     
   9.1436140977004560E-002   2.2076923076923076E-003   454.15615836819904     
   9.5026523166646296E-002   2.2076923076923076E-003   456.03377812613974     
   9.8678661754014921E-002   2.2076923076923076E-003   462.74218977890678     
  0.10239199980653067        2.2076923076923076E-003   474.59792779955268     
  0.10616597105900641        2.2076923076923076E-003   491.92711195906935     
  0.10999999999999999        2.2076923076923076E-003   515.06566856912718     
  
   6.8077428705258236E-002   2.2615384615384615E-003   540.76125349426195     
   7.1220723408232281E-002   2.2615384615384615E-003   517.14132285746109     
   7.4429404772449650E-002   2.2615384615384615E-003   496.46700693358065     
   7.7702983490304176E-002   2.2615384615384615E-003   478.99941155539074     
   8.1040960357672956E-002   2.2615384615384615E-003   465.00809514218599     
   8.4442826350042507E-002   2.2615384615384615E-003   454.77125599945435     
   8.7908062700132419E-002   2.2615384615384615E-003   448.57592559952366     
   9.1436140977004560E-002   2.2615384615384615E-003   446.71816797142139     
   9.5026523166646296E-002   2.2615384615384615E-003   449.50328533159581     
   9.8678661754014921E-002   2.2615384615384615E-003   457.24603009087770     
  0.10239199980653067        2.2615384615384615E-003   470.27082337647801     
  0.10616597105900641        2.2615384615384615E-003   488.91198021151888     
  0.10999999999999999        2.2615384615384615E-003   513.51394149828661     
  
   6.8077428705258236E-002   2.3153846153846154E-003   532.68689462136103     
   7.1220723408232281E-002   2.3153846153846154E-003   509.36242834343312     
   7.4429404772449650E-002   2.3153846153846154E-003   489.05965547754039     
   7.7702983490304176E-002   2.3153846153846154E-003   472.04527981671043     
   8.1040960357672956E-002   2.3153846153846154E-003   458.59468709148814     
   8.4442826350042507E-002   2.3153846153846154E-003   448.99214026974221     
   8.7908062700132419E-002   2.3153846153846154E-003   443.53098114374080     
   9.1436140977004560E-002   2.3153846153846154E-003   442.51383834221826     
   9.5026523166646296E-002   2.3153846153846154E-003   446.25284190918978     
   9.8678661754014921E-002   2.3153846153846154E-003   455.06984459501876     
  0.10239199980653067        2.3153846153846154E-003   469.29665000922591     
  0.10616597105900641        2.3153846153846154E-003   489.27524778846782     
  0.10999999999999999        2.3153846153846154E-003   515.35805593725308     
  
   6.8077428705258236E-002   2.3692307692307693E-003   527.43240666916813     
   7.1220723408232281E-002   2.3692307692307693E-003   504.48552121034197     
   7.4429404772449650E-002   2.3692307692307693E-003   484.63316238191067     
   7.7702983490304176E-002   2.3692307692307693E-003   468.14723116009952     
   8.1040960357672956E-002   2.3692307692307693E-003   455.30852520246680     
   8.4442826350042507E-002   2.3692307692307693E-003   446.40694175931634     
   8.7908062700132419E-002   2.3692307692307693E-003   441.74168716880104     
   9.1436140977004560E-002   2.3692307692307693E-003   441.62149308293453     
   9.5026523166646296E-002   2.3692307692307693E-003   446.36483957628849     
   9.8678661754014921E-002   2.3692307692307693E-003   456.30018529312292     
  0.10239199980653067        2.3692307692307693E-003   471.76620479314624     
  0.10616597105900641        2.3692307692307693E-003   493.11203326027749     
  0.10999999999999999        2.3692307692307693E-003   520.69751874339306     
  
   6.8077428705258236E-002   2.4230769230769228E-003   525.02351574026056     
   7.1220723408232281E-002   2.4230769230769228E-003   502.53788099887265     
   7.4429404772449650E-002   2.4230769230769228E-003   483.21639557364335     
   7.7702983490304176E-002   2.4230769230769228E-003   467.33575181212558     
   8.1040960357672956E-002   2.4230769230769228E-003   455.18173811242480     
   8.4442826350042507E-002   2.4230769230769228E-003   447.04944899846225     
   8.7908062700132419E-002   2.4230769230769228E-003   443.24350206195248     
   9.1436140977004560E-002   2.4230769230769228E-003   444.07826192808352     
   9.5026523166646296E-002   2.4230769230769228E-003   449.87807140625284     
   9.8678661754014921E-002   2.4230769230769228E-003   460.97748999174496     
  0.10239199980653067        2.4230769230769228E-003   477.72153988912851     
  0.10616597105900641        2.4230769230769228E-003   500.46595973254426     
  0.10999999999999999        2.4230769230769228E-003   529.57746618307465     
  
   6.8077428705258236E-002   2.4769230769230771E-003   525.45910017087272     
   7.1220723408232281E-002   2.4769230769230771E-003   503.51822472703623     
   7.4429404772449650E-002   2.4769230769230771E-003   484.80786473795160     
   7.7702983490304176E-002   2.4769230769230771E-003   469.60909021495058     
   8.1040960357672956E-002   2.4769230769230771E-003   458.21225036795556     
   8.4442826350042507E-002   2.4769230769230771E-003   450.91719033418889     
   8.7908062700132419E-002   2.4769230769230771E-003   448.03347504022793     
   9.1436140977004560E-002   2.4769230769230771E-003   449.88062036314523     
   9.5026523166646296E-002   2.4769230769230771E-003   456.78833176172856     
   9.8678661754014921E-002   2.4769230769230771E-003   469.09675055331735     
  0.10239199980653067        2.4769230769230771E-003   487.15670801713645     
  0.10616597105900641        2.4769230769230771E-003   511.32998750985757     
  0.10999999999999999        2.4769230769230771E-003   541.98959478432675     
  
   6.8077428705258236E-002   2.5307692307692305E-003   528.71232610950619     
   7.1220723408232281E-002   2.5307692307692305E-003   507.39794548271254     
   7.4429404772449650E-002   2.5307692307692305E-003   489.37707186534999     
   7.7702983490304176E-002   2.5307692307692305E-003   474.93472922517492     
   8.1040960357672956E-002   2.5307692307692305E-003   464.36538678813412     
   8.4442826350042507E-002   2.5307692307692305E-003   457.97318184914963     
   8.7908062700132419E-002   2.5307692307692305E-003   456.07214996213406     
   9.1436140977004560E-002   2.5307692307692305E-003   458.98646268379298     
   9.5026523166646296E-002   2.5307692307692305E-003   467.05067305071003     
   9.8678661754014921E-002   2.5307692307692305E-003   480.60996897476383     
  0.10239199980653067        2.5307692307692305E-003   500.02043474696876     
  0.10616597105900641        2.5307692307692305E-003   525.64932084548764     
  0.10999999999999999        2.5307692307692305E-003   557.87532224884455     
  
   6.8077428705258236E-002   2.5846153846153844E-003   534.73251705887003     
   7.1220723408232281E-002   2.5846153846153844E-003   514.12315016235891     
   7.4429404772449650E-002   2.5846153846153844E-003   496.86673038423805     
   7.7702983490304176E-002   2.5846153846153844E-003   483.25180076825922     
   8.1040960357672956E-002   2.5846153846153844E-003   473.57649776122133     
   8.4442826350042507E-002   2.5846153846153844E-003   468.14877947791979     
   8.7908062700132419E-002   2.5846153846153844E-003   467.28666156740576     
   9.1436140977004560E-002   2.5846153846153844E-003   471.31846086284031     
   9.5026523166646296E-002   2.5846153846153844E-003   480.58304700262755     
   9.8678661754014921E-002   2.5846153846153844E-003   495.43010221609165     
  0.10239199980653067        2.5846153846153844E-003   516.22038947252213     
  0.10616597105900641        2.5846153846153844E-003   543.32602919834937     
  0.10999999999999999        2.5846153846153844E-003   577.13078477267641     
  
   6.8077428705258236E-002   2.6384615384615383E-003   543.44761060089968     
   7.1220723408232281E-002   2.6384615384615383E-003   523.61733404745075     
   7.4429404772449650E-002   2.6384615384615383E-003   507.19567370256584     
   7.7702983490304176E-002   2.6384615384615383E-003   494.47424546987901     
   8.1040960357672956E-002   2.6384615384615383E-003   485.75438815809969     
   8.4442826350042507E-002   2.6384615384615383E-003   481.34739652421075     
   8.7908062700132419E-002   2.6384615384615383E-003   481.57476211304180     
   9.1436140977004560E-002   2.6384615384615383E-003   486.76842208228874     
   9.5026523166646296E-002   2.6384615384615383E-003   497.27101620781502     
   9.8678661754014921E-002   2.6384615384615383E-003   513.43615226977022     
  0.10239199980653067        2.6384615384615383E-003   535.62868002614209     
  0.10616597105900641        2.6384615384615383E-003   564.22497398612995     
  0.10999999999999999        2.6384615384615383E-003   599.61322520206522     
  
   6.8077428705258236E-002   2.6923076923076922E-003   554.76704180007789     
   7.1220723408232281E-002   2.6923076923076922E-003   535.78451534488477     
   7.4429404772449650E-002   2.6923076923076922E-003   520.26225859008514     
   7.7702983490304176E-002   2.6923076923076922E-003   508.49450359075854     
   8.1040960357672956E-002   2.6923076923076922E-003   500.78531558579499     
   8.4442826350042507E-002   2.6923076923076922E-003   497.44883010653615     
   8.7908062700132419E-002   2.6923076923076922E-003   498.80949804717375     
   9.1436140977004560E-002   2.6923076923076922E-003   505.20233889181736     
   9.5026523166646296E-002   2.6923076923076922E-003   516.97320229893262     
   9.8678661754014921E-002   2.6923076923076922E-003   534.47903825005415     
  0.10239199980653067        2.6923076923076922E-003   558.08817597556322     
  0.10616597105900641        2.6923076923076922E-003   588.18061187684282     
  0.10999999999999999        2.6923076923076922E-003   625.14830667022443     
  
   6.8077428705258236E-002   2.7461538461538461E-003   568.58488890543435     
   7.1220723408232281E-002   2.7461538461538461E-003   550.51264910666623     
   7.4429404772449650E-002   2.7461538461538461E-003   535.94806537856357     
   7.7702983490304176E-002   2.7461538461538461E-003   525.18752050168405     
   8.1040960357672956E-002   2.7461538461538461E-003   518.53732110173917     
   8.4442826350042507E-002   2.7461538461538461E-003   516.31393808666735     
   8.7908062700132419E-002   2.7461538461538461E-003   518.84425517954037     
   9.1436140977004560E-002   2.7461538461538461E-003   526.46582574648892     
   9.5026523166646296E-002   2.7461538461538461E-003   539.52713812533216     
   9.8678661754014921E-002   2.7461538461538461E-003   558.38788966654738     
  0.10239199980653067        2.7461538461538461E-003   583.41926970461122     
  0.10616597105900641        2.7461538461538461E-003   615.00425168417951     
  0.10999999999999999        2.7461538461538461E-003   653.53789467204274     
  
   6.8077428705258236E-002   2.8000000000000000E-003   584.78312192790077     
   7.1220723408232281E-002   2.8000000000000000E-003   567.67714590640526     
   7.4429404772449650E-002   2.8000000000000000E-003   554.12170407401868     
   7.7702983490304176E-002   2.8000000000000000E-003   544.41485837294499     
   8.1040960357672956E-002   2.8000000000000000E-003   538.86466545250244     
   8.4442826350042507E-002   2.8000000000000000E-003   537.78941968777633     
   8.7908062700132419E-002   2.8000000000000000E-003   541.51790439517731     
   9.1436140977004560E-002   2.8000000000000000E-003   550.38965144780184     
   9.5026523166646296E-002   2.8000000000000000E-003   564.75520949943234     
   9.8678661754014921E-002   2.8000000000000000E-003   584.97642103251326     
  0.10239199980653067        2.8000000000000000E-003   611.42670845183591     
  0.10616597105900641        2.8000000000000000E-003   644.49136945216696     
  0.10999999999999999        2.8000000000000000E-003   684.56788189469626     
  
