   6.8077428705258236E-002   2.1538461538461538E-003   823.75876113022798     
   7.1220723408232281E-002   2.1538461538461538E-003   789.33027826894011     
   7.4429404772449650E-002   2.1538461538461538E-003   757.48933396217171     
   7.7702983490304176E-002   2.1538461538461538E-003   728.48833433105915     
   8.1040960357672956E-002   2.1538461538461538E-003   702.58781615292958     
   8.4442826350042507E-002   2.1538461538461538E-003   680.05662934106954     
   8.7908062700132419E-002   2.1538461538461538E-003   661.17212580614455     
   9.1436140977004560E-002   2.1538461538461538E-003   646.22035487925370     
   9.5026523166646296E-002   2.1538461538461538E-003   635.49626548365006     
   9.8678661754014921E-002   2.1538461538461538E-003   629.30391524928598     
  0.10239199980653067        2.1538461538461538E-003   627.95668677188542     
  0.10616597105900641        2.1538461538461538E-003   631.77751122577547     
  0.10999999999999999        2.1538461538461538E-003   641.09909954780721     
  
   6.8077428705258236E-002   2.2076923076923076E-003   808.70203194059377     
   7.1220723408232281E-002   2.2076923076923076E-003   774.16620736366599     
   7.4429404772449650E-002   2.2076923076923076E-003   742.27725590661441     
   7.7702983490304176E-002   2.2076923076923076E-003   713.29257937204045     
   8.1040960357672956E-002   2.2076923076923076E-003   687.47791548066857     
   8.4442826350042507E-002   2.2076923076923076E-003   665.10752767528959     
   8.7908062700132419E-002   2.2076923076923076E-003   646.46440160634211     
   9.1436140977004560E-002   2.2076923076923076E-003   631.84044849057500     
   9.5026523166646296E-002   2.2076923076923076E-003   621.53671554141442     
   9.8678661754014921E-002   2.2076923076923076E-003   615.86360367758209     
  0.10239199980653067        2.2076923076923076E-003   615.14109272448763     
  0.10616597105900641        2.2076923076923076E-003   619.69897433094195     
  0.10999999999999999        2.2076923076923076E-003   629.87709283281981     
  
   6.8077428705258236E-002   2.2615384615384615E-003   796.72984791461909     
   7.1220723408232281E-002   2.2615384615384615E-003   762.16772709163968     
   7.4429404772449650E-002   2.2615384615384615E-003   730.30718146294601     
   7.7702983490304176E-002   2.2615384615384615E-003   701.41009977383351     
   8.1040960357672956E-002   2.2615384615384615E-003   675.74689285999511     
   8.4442826350042507E-002   2.2615384615384615E-003   653.59669018131206     
   8.7908062700132419E-002   2.2615384615384615E-003   635.24754331393751     
   9.1436140977004560E-002   2.2615384615384615E-003   620.99663660263570     
   9.5026523166646296E-002   2.2615384615384615E-003   611.15050518288615     
   9.8678661754014921E-002   2.2615384615384615E-003   606.02526059064439     
  0.10239199980653067        2.2615384615384615E-003   605.94682418622381     
  0.10616597105900641        2.2615384615384615E-003   611.25116862745858     
  0.10999999999999999        2.2615384615384615E-003   622.28456763648796     
  
   6.8077428705258236E-002   2.3153846153846154E-003   787.94328871742619     
   7.1220723408232281E-002   2.3153846153846154E-003   753.44483211540773     
   7.4429404772449650E-002   2.3153846153846154E-003   721.69861707015059     
   7.7702983490304176E-002   2.3153846153846154E-003   692.97053788110827     
   8.1040960357672956E-002   2.3153846153846154E-003   667.53517869680081     
   8.4442826350042507E-002   2.3153846153846154E-003   645.67601618697620     
   8.7908062700132419E-002   2.3153846153846154E-003   627.68562942626431     
   9.1436140977004560E-002   2.3153846153846154E-003   613.86591720090814     
   9.5026523166646296E-002   2.3153846153846154E-003   604.52832295803501     
   9.8678661754014921E-002   2.3153846153846154E-003   599.99406762604269     
  0.10239199980653067        2.3153846153846154E-003   600.59439054330369     
  0.10616597105900641        2.3153846153846154E-003   606.67079874207798     
  0.10999999999999999        2.3153846153846154E-003   618.57532484376827     
  
   6.8077428705258236E-002   2.3692307692307693E-003   782.41656995700077     
   7.1220723408232281E-002   2.3692307692307693E-003   748.07908955925177     
   7.4429404772449650E-002   2.3692307692307693E-003   716.54101506923473     
   7.7702983490304176E-002   2.3692307692307693E-003   688.07179053202708     
   8.1040960357672956E-002   2.3692307692307693E-003   662.94969983605108     
   8.4442826350042507E-002   2.3692307692307693E-003   641.46207493659858     
   8.7908062700132419E-002   2.3692307692307693E-003   623.90551152066564     
   9.1436140977004560E-002   2.3692307692307693E-003   610.58609233324341     
   9.5026523166646296E-002   2.3692307692307693E-003   601.81961839397138     
   9.8678661754014921E-002   2.3692307692307693E-003   597.93184834201725     
  0.10239199980653067        2.3692307692307693E-003   599.25874615668965     
  0.10616597105900641        2.3692307692307693E-003   606.14673751091016     
  0.10999999999999999        2.3692307692307693E-003   618.95297502493668     
  
   6.8077428705258236E-002   2.4230769230769228E-003   780.19511917917464     
   7.1220723408232281E-002   2.4230769230769228E-003   746.12149207873949     
   7.4429404772449650E-002   2.4230769230769228E-003   714.89138631892365     
   7.7702983490304176E-002   2.4230769230769228E-003   686.77736283916602     
   8.1040960357672956E-002   2.4230769230769228E-003   662.06095525507033     
   8.4442826350042507E-002   2.4230769230769228E-003   641.03288305245894     
   8.7908062700132419E-002   2.4230769230769228E-003   623.99327242935988     
   9.1436140977004560E-002   2.4230769230769228E-003   611.25188501378420     
   9.5026523166646296E-002   2.4230769230769228E-003   603.12835469450863     
   9.8678661754014921E-002   2.4230769230769228E-003   599.95243281157309     
  0.10239199980653067        2.4230769230769228E-003   602.06424196284820     
  0.10616597105900641        2.4230769230769228E-003   609.81453869351333     
  0.10999999999999999        2.4230769230769228E-003   623.56498534565048     
  
   6.8077428705258236E-002   2.4769230769230771E-003   781.29465501636071     
   7.1220723408232281E-002   2.4769230769230771E-003   747.59140951192160     
   7.4429404772449650E-002   2.4769230769230771E-003   716.77311387297289     
   7.7702983490304176E-002   2.4769230769230771E-003   689.11503294773615     
   8.1040960357672956E-002   2.4769230769230771E-003   664.90152048386972     
   8.4442826350042507E-002   2.4769230769230771E-003   644.42623672075297     
   8.7908062700132419E-002   2.4769230769230771E-003   627.99237381330022     
   9.1436140977004560E-002   2.4769230769230771E-003   615.91288932220573     
   9.5026523166646296E-002   2.4769230769230771E-003   608.51074801539926     
   9.8678661754014921E-002   2.4769230769230771E-003   606.11917223499768     
  0.10239199980653067        2.4769230769230771E-003   609.08190109455484     
  0.10616597105900641        2.4769230769230771E-003   617.75345878162602     
  0.10999999999999999        2.4769230769230771E-003   632.49943225210325     
  
   6.8077428705258236E-002   2.5307692307692305E-003   785.70124558746397     
   7.1220723408232281E-002   2.5307692307692305E-003   752.47661197941216     
   7.4429404772449650E-002   2.5307692307692305E-003   722.17593693383105     
   7.7702983490304176E-002   2.5307692307692305E-003   695.07679286443908     
   8.1040960357672956E-002   2.5307692307692305E-003   671.46594120513146     
   8.4442826350042507E-002   2.5307692307692305E-003   651.63955383948314     
   8.7908062700132419E-002   2.5307692307692305E-003   635.90344252290402     
   9.1436140977004560E-002   2.5307692307692305E-003   624.57329653889883     
   9.5026523166646296E-002   2.5307692307692305E-003   617.97492884058886     
   9.8678661754014921E-002   2.5307692307692305E-003   616.44453093895572     
  0.10239199980653067        2.5307692307692305E-003   620.32893680953805     
  0.10616597105900641        2.5307692307692305E-003   629.98589610056706     
  0.10999999999999999        2.5307692307692305E-003   645.78435693661379     
  
   6.8077428705258236E-002   2.5846153846153844E-003   793.37227857105393     
   7.1220723408232281E-002   2.5846153846153844E-003   760.73428938422853     
   7.4429404772449650E-002   2.5846153846153844E-003   731.05702183865571     
   7.7702983490304176E-002   2.5846153846153844E-003   704.61997313403799     
   8.1040960357672956E-002   2.5846153846153844E-003   681.71191398325504     
   8.4442826350042507E-002   2.5846153846153844E-003   662.63111333270558     
   8.7908062700132419E-002   2.5846153846153844E-003   647.68557121505501     
   9.1436140977004560E-002   2.5846153846153844E-003   637.19325998122463     
   9.5026523166646296E-002   2.5846153846153844E-003   631.48237416877043     
   9.8678661754014921E-002   2.5846153846153844E-003   630.89158927407209     
  0.10239199980653067        2.5846153846153844E-003   635.77032970663322     
  0.10616597105900641        2.5846153846153844E-003   646.47904621497514     
  0.10999999999999999        2.5846153846153844E-003   663.38950308537574     
  
   6.8077428705258236E-002   2.6384615384615383E-003   804.23823946727578     
   7.1220723408232281E-002   2.6384615384615383E-003   772.29295303715026     
   7.4429404772449650E-002   2.6384615384615383E-003   743.34299407922117     
   7.7702983490304176E-002   2.6384615384615383E-003   717.66941264059176     
   8.1040960357672956E-002   2.6384615384615383E-003   695.56260160456111     
   8.4442826350042507E-002   2.6384615384615383E-003   677.32252417422114     
   8.7908062700132419E-002   2.6384615384615383E-003   663.25894960745245     
   9.1436140977004560E-002   2.6384615384615383E-003   653.69169745518820     
   9.5026523166646296E-002   2.6384615384615383E-003   648.95089056505003     
   9.8678661754014921E-002   2.6384615384615383E-003   649.37721712312100     
  0.10239199980653067        2.6384615384615383E-003   655.32220201778637     
  0.10616597105900641        2.6384615384615383E-003   667.14848782092838     
  0.10999999999999999        2.6384615384615383E-003   685.23012569397861     
  
   6.8077428705258236E-002   2.6923076923076922E-003   818.20516734638136     
   7.1220723408232281E-002   2.6923076923076922E-003   787.05507556529233     
   7.4429404772449650E-002   2.6923076923076922E-003   758.93277331674756     
   7.7702983490304176E-002   2.6923076923076922E-003   734.12050017502963     
   8.1040960357672956E-002   2.6923076923076922E-003   712.90989315942852     
   8.4442826350042507E-002   2.6923076923076922E-003   695.60221647609376     
   8.7908062700132419E-002   2.6923076923076922E-003   682.50859961090941     
   9.1436140977004560E-002   2.6923076923076922E-003   673.95028402940341     
   9.5026523166646296E-002   2.6923076923076922E-003   670.25887875024182     
   9.8678661754014921E-002   2.6923076923076922E-003   671.77662506971558     
  0.10239199980653067        2.6923076923076922E-003   678.85667072591957     
  0.10616597105900641        2.6923076923076922E-003   691.86335380317178     
  0.10999999999999999        2.6923076923076922E-003   711.17249668928071     
  
   6.8077428705258236E-002   2.7461538461538461E-003   835.15763917846004     
   7.1220723408232281E-002   2.7461538461538461E-003   804.90030565661516     
   7.4429404772449650E-002   2.7461538461538461E-003   777.70103230169150     
   7.7702983490304176E-002   2.7461538461538461E-003   753.84289187441686     
   8.1040960357672956E-002   2.7461538461538461E-003   733.61839494153173     
   8.4442826350042507E-002   2.7461538461538461E-003   717.32972139714411     
   8.7908062700132419E-002   2.7461538461538461E-003   705.28896041650080     
   9.1436140977004560E-002   2.7461538461538461E-003   697.81835910189000     
   9.5026523166646296E-002   2.7461538461538461E-003   695.25058009080863     
   9.8678661754014921E-002   2.7461538461538461E-003   697.92896840799017     
  0.10239199980653067        2.7461538461538461E-003   706.20782785394806     
  0.10616597105900641        2.7461538461538461E-003   720.45270723516751     
  0.10999999999999999        2.7461538461538461E-003   741.04069675305709     
  
   6.8077428705258236E-002   2.8000000000000000E-003   854.96212445863375     
   7.1220723408232281E-002   2.8000000000000000E-003   825.68908428980819     
   7.4429404772449650E-002   2.8000000000000000E-003   799.50209020221894     
   7.7702983490304176E-002   2.8000000000000000E-003   776.68469775824201     
   8.1040960357672956E-002   2.8000000000000000E-003   757.52992692475641     
   8.4442826350042507E-002   2.8000000000000000E-003   742.34049492448776     
   8.7908062700132419E-002   2.8000000000000000E-003   731.42905758445590     
   9.1436140977004560E-002   2.8000000000000000E-003   725.11845944403910     
   9.5026523166646296E-002   2.8000000000000000E-003   723.74199289626154     
   9.8678661754014921E-002   2.8000000000000000E-003   727.64366664705233     
  0.10239199980653067        2.8000000000000000E-003   737.17848378885674     
  0.10616597105900641        2.8000000000000000E-003   752.71272979737250     
  0.10999999999999999        2.8000000000000000E-003   774.62427077246525     
  
