   6.8077428705258236E-002   2.1538461538461538E-003   597.85070344364726     
   7.1220723408232281E-002   2.1538461538461538E-003   575.94888562243250     
   7.4429404772449650E-002   2.1538461538461538E-003   556.81708790653090     
   7.7702983490304176E-002   2.1538461538461538E-003   540.69914941977186     
   8.1040960357672956E-002   2.1538461538461538E-003   527.84667398324461     
   8.4442826350042507E-002   2.1538461538461538E-003   518.51919508871856     
   8.7908062700132419E-002   2.1538461538461538E-003   512.98434609097239     
   9.1436140977004560E-002   2.1538461538461538E-003   511.51803572894977     
   9.5026523166646296E-002   2.1538461538461538E-003   514.40462908836071     
   9.8678661754014921E-002   2.1538461538461538E-003   521.93713412159559     
  0.10239199980653067        2.1538461538461538E-003   534.41739384401956     
  0.10616597105900641        2.1538461538461538E-003   552.15628432862297     
  0.10999999999999999        2.1538461538461538E-003   575.47391862452207     
  
   6.8077428705258236E-002   2.2076923076923076E-003   583.08855449257783     
   7.1220723408232281E-002   2.2076923076923076E-003   561.08770210959347     
   7.4429404772449650E-002   2.2076923076923076E-003   541.91575205435242     
   7.7702983490304176E-002   2.2076923076923076E-003   525.82147123276854     
   8.1040960357672956E-002   2.2076923076923076E-003   513.06159080970974     
   8.4442826350042507E-002   2.2076923076923076E-003   503.90097796524486     
   8.7908062700132419E-002   2.2076923076923076E-003   498.61281312294477     
   9.1436140977004560E-002   2.2076923076923076E-003   497.47877276791985     
   9.5026523166646296E-002   2.2076923076923076E-003   500.78921797563845     
   9.8678661754014921E-002   2.2076923076923076E-003   508.84338877595167     
  0.10239199980653067        2.2076923076923076E-003   521.94960448022937     
  0.10616597105900641        2.2076923076923076E-003   540.42547010307089     
  0.10999999999999999        2.2076923076923076E-003   564.59808901352892     
  
   6.8077428705258236E-002   2.2615384615384615E-003   570.86300073418033     
   7.1220723408232281E-002   2.2615384615384615E-003   548.83627910472057     
   7.4429404772449650E-002   2.2615384615384615E-003   529.69447290137089     
   7.7702983490304176E-002   2.2615384615384615E-003   513.69094004957469     
   8.1040960357672956E-002   2.2615384615384615E-003   501.08719201315404     
   8.4442826350042507E-002   2.2615384615384615E-003   492.15307216217968     
   8.7908062700132419E-002   2.2615384615384615E-003   487.16693986328505     
   9.1436140977004560E-002   2.2615384615384615E-003   486.41586041809779     
   9.5026523166646296E-002   2.2615384615384615E-003   490.19580097911512     
   9.8678661754014921E-002   2.2615384615384615E-003   498.81183257622246     
  0.10239199980653067        2.2615384615384615E-003   512.57833839069110     
  0.10616597105900641        2.2615384615384615E-003   531.81922841753249     
  0.10999999999999999        2.2615384615384615E-003   556.86816066096821     
  
   6.8077428705258236E-002   2.3153846153846154E-003   561.30562661489512     
   7.1220723408232281E-002   2.3153846153846154E-003   539.33795868731443     
   7.4429404772449650E-002   2.3153846153846154E-003   520.30917114032263     
   7.7702983490304176E-002   2.3153846153846154E-003   504.47691853155504     
   8.1040960357672956E-002   2.3153846153846154E-003   492.10718949904617     
   8.4442826350042507E-002   2.3153846153846154E-003   483.47449161699660     
   8.7908062700132419E-002   2.3153846153846154E-003   478.86204222339745     
   9.1436140977004560E-002   2.3153846153846154E-003   478.56196535333851     
   9.5026523166646296E-002   2.3153846153846154E-003   482.87549491573441     
   9.8678661754014921E-002   2.3153846153846154E-003   492.11318425541987     
  0.10239199980653067        2.3153846153846154E-003   506.59512224666480     
  0.10616597105900641        2.3153846153846154E-003   526.65115606825759     
  0.10999999999999999        2.3153846153846154E-003   552.62112081488624     
  
   6.8077428705258236E-002   2.3692307692307693E-003   554.52171508412050     
   7.1220723408232281E-002   2.3692307692307693E-003   532.70796023749074     
   7.4429404772449650E-002   2.3692307692307693E-003   513.88571985707893     
   7.7702983490304176E-002   2.3692307692307693E-003   498.31668765166091     
   8.1040960357672956E-002   2.3692307692307693E-003   486.27106446014557     
   8.4442826350042507E-002   2.3692307692307693E-003   478.02774950084745     
   8.7908062700132419E-002   2.3692307692307693E-003   473.87453784171771     
   9.1436140977004560E-002   2.3692307692307693E-003   474.10832423353816     
   9.5026523166646296E-002   2.3692307692307693E-003   479.03531345234194     
   9.8678661754014921E-002   2.3692307692307693E-003   488.97123730168374     
  0.10239199980653067        2.3692307692307693E-003   504.24157842995794     
  0.10616597105900641        2.3692307692307693E-003   525.18180112249161     
  0.10999999999999999        2.3692307692307693E-003   552.13758923264731     
  
   6.8077428705258236E-002   2.4230769230769228E-003   550.58785742252019     
   7.1220723408232281E-002   2.4230769230769228E-003   529.03071643049611     
   7.4429404772449650E-002   2.4230769230769228E-003   510.51698395808580     
   7.7702983490304176E-002   2.4230769230769228E-003   495.31216549731732     
   8.1040960357672956E-002   2.4230769230769228E-003   483.69044011938530     
   8.4442826350042507E-002   2.4230769230769228E-003   475.93485803289792     
   8.7908062700132419E-002   2.4230769230769228E-003   472.33754461125034     
   9.1436140977004560E-002   2.4230769230769228E-003   473.19991103927151     
   9.5026523166646296E-002   2.4230769230769228E-003   478.83287173381916     
   9.8678661754014921E-002   2.4230769230769228E-003   489.55706869758001     
  0.10239199980653067        2.4230769230769228E-003   505.70310297031727     
  0.10616597105900641        2.4230769230769228E-003   527.61177334638728     
  0.10999999999999999        2.4230769230769228E-003   555.63432253251517     
  
   6.8077428705258236E-002   2.4769230769230771E-003   549.55060614251420     
   7.1220723408232281E-002   2.4769230769230771E-003   528.35835622646562     
   7.4429404772449650E-002   2.4769230769230771E-003   510.26111883005734     
   7.7702983490304176E-002   2.4769230769230771E-003   495.52800639729253     
   8.1040960357672956E-002   2.4769230769230771E-003   484.43696531665893     
   8.4442826350042507E-002   2.4769230769230771E-003   477.27497969463678     
   8.7908062700132419E-002   2.4769230769230771E-003   474.33828184396225     
   9.1436140977004560E-002   2.4769230769230771E-003   475.93256964485505     
   9.5026523166646296E-002   2.4769230769230771E-003   482.37323094180306     
   9.8678661754014921E-002   2.4769230769230771E-003   493.98557514386550     
  0.10239199980653067        2.4769230769230771E-003   511.10507220108423     
  0.10616597105900641        2.4769230769230771E-003   534.07759913489281     
  0.10999999999999999        2.4769230769230771E-003   563.25969430561781     
  
   6.8077428705258236E-002   2.5307692307692305E-003   551.42614607925907     
   7.1220723408232281E-002   2.5307692307692305E-003   530.71030733258567     
   7.4429404772449650E-002   2.5307692307692305E-003   513.14109778572742     
   7.7702983490304176E-002   2.5307692307692305E-003   498.99104669084380     
   8.1040960357672956E-002   2.5307692307692305E-003   488.54167167607818     
   8.4442826350042507E-002   2.5307692307692305E-003   482.08368861487833     
   8.7908062700132419E-002   2.5307692307692305E-003   479.91722845095063     
   9.1436140977004560E-002   2.5307692307692305E-003   482.35206114455445     
   9.5026523166646296E-002   2.5307692307692305E-003   489.70782691051096     
   9.8678661754014921E-002   2.5307692307692305E-003   502.31427492375963     
  0.10239199980653067        2.5307692307692305E-003   520.51150967332637     
  0.10616597105900641        2.5307692307692305E-003   544.65024515088692     
  0.10999999999999999        2.5307692307692305E-003   575.09206706553209     
  
   6.8077428705258236E-002   2.5846153846153844E-003   556.20091562451580     
   7.1220723408232281E-002   2.5846153846153844E-003   536.07394300432793     
   7.4429404772449650E-002   2.5846153846153844E-003   519.14538542706543     
   7.7702983490304176E-002   2.5846153846153844E-003   505.69100582858425     
   8.1040960357672956E-002   2.5846153846153844E-003   495.99570383260516     
   8.4442826350042507E-002   2.5846153846153844E-003   490.35373155789671     
   8.7908062700132419E-002   2.5846153846153844E-003   489.06891661434798     
   9.1436140977004560E-002   2.5846153846153844E-003   492.45489246058764     
   9.5026523166646296E-002   2.5846153846153844E-003   500.83533630098719     
   9.8678661754014921E-002   2.5846153846153844E-003   514.54421470496800     
  0.10239199980653067        2.5846153846153844E-003   533.92603713722690     
  0.10616597105900641        2.5846153846153844E-003   559.33611759256564     
  0.10999999999999999        2.5846153846153844E-003   591.14084453490932     
  
   6.8077428705258236E-002   2.6384615384615383E-003   563.83307470162094     
   7.1220723408232281E-002   2.6384615384615383E-003   544.40615913121064     
   7.4429404772449650E-002   2.6384615384615383E-003   528.22963128472679     
   7.7702983490304176E-002   2.6384615384615383E-003   515.58230456874674     
   8.1040960357672956E-002   2.6384615384615383E-003   506.75227079735362     
   8.4442826350042507E-002   2.6384615384615383E-003   502.03712173187017     
   8.7908062700132419E-002   2.6384615384615383E-003   501.74417803247115     
   9.1436140977004560E-002   2.6384615384615383E-003   506.19072580063727     
   9.5026523166646296E-002   2.6384615384615383E-003   515.70426089685179     
   9.8678661754014921E-002   2.6384615384615383E-003   530.62274122329586     
  0.10239199980653067        2.6384615384615383E-003   551.29484716674665     
  0.10616597105900641        2.6384615384615383E-003   578.08025040250709     
  0.10999999999999999        2.6384615384615383E-003   611.34989126564619     
  
   6.8077428705258236E-002   2.6923076923076922E-003   574.25468937248536     
   7.1220723408232281E-002   2.6923076923076922E-003   555.63573822058527     
   7.4429404772449650E-002   2.6923076923076922E-003   540.31922594137814     
   7.7702983490304176E-002   2.6923076923076922E-003   528.58682685697579     
   8.1040960357672956E-002   2.6923076923076922E-003   520.72962812387198     
   8.4442826350042507E-002   2.6923076923076922E-003   517.04835674868661     
   8.7908062700132419E-002   2.6923076923076922E-003   517.85361422563255     
   9.1436140977004560E-002   2.6923076923076922E-003   523.46611898060962     
   9.5026523166646296E-002   2.6923076923076922E-003   534.21695681206984     
   9.8678661754014921E-002   2.6923076923076922E-003   550.44783952449779     
  0.10239199980653067        2.6923076923076922E-003   572.51137195571175     
  0.10616597105900641        2.6923076923076922E-003   600.77132760485404     
  0.10999999999999999        2.6923076923076922E-003   635.60293307376764     
  
   6.8077428705258236E-002   2.7461538461538461E-003   587.37448519821623     
   7.1220723408232281E-002   2.7461538461538461E-003   569.66633745044612     
   7.4429404772449650E-002   2.7461538461538461E-003   555.31254062152254     
   7.7702983490304176E-002   2.7461538461538461E-003   544.59742885695971     
   8.1040960357672956E-002   2.7461538461538461E-003   537.81487540651062     
   8.4442826350042507E-002   2.7461538461538461E-003   535.26852480741900     
   8.7908062700132419E-002   2.7461538461538461E-003   537.27203288423948     
   9.1436140977004560E-002   2.7461538461538461E-003   544.14931475515118     
   9.5026523166646296E-002   2.7461538461538461E-003   556.23480104023906     
   9.8678661754014921E-002   2.7461538461538461E-003   573.87370247272065     
  0.10239199980653067        2.7461538461538461E-003   597.42228311962288     
  0.10616597105900641        2.7461538461538461E-003   627.24814242432888     
  0.10999999999999999        2.7461538461538461E-003   663.73050628884903     
  
   6.8077428705258236E-002   2.8000000000000000E-003   603.08101246458386     
   7.1220723408232281E-002   2.8000000000000000E-003   586.37992818704561     
   7.4429404772449650E-002   2.8000000000000000E-003   573.08466065870402     
   7.7702983490304176E-002   2.8000000000000000E-003   563.48198720435369     
   8.1040960357672956E-002   2.8000000000000000E-003   557.86834139996722     
   8.4442826350042507E-002   2.8000000000000000E-003   556.55005006604347     
   8.7908062700132419E-002   2.8000000000000000E-003   559.84357825558720     
   9.1436140977004560E-002   2.8000000000000000E-003   568.07578243114347     
   9.5026523166646296E-002   2.8000000000000000E-003   581.58417203080671     
   9.8678661754014921E-002   2.8000000000000000E-003   600.71717962882713     
  0.10239199980653067        2.8000000000000000E-003   625.83443990198327     
  0.10616597105900641        2.8000000000000000E-003   657.30707761865563     
  0.10999999999999999        2.8000000000000000E-003   695.51800487331730     
  
