   6.8077428705258236E-002   2.1538461538461538E-003   1423.6771260035898     
   7.1220723408232281E-002   2.1538461538461538E-003   1355.3274296995974     
   7.4429404772449650E-002   2.1538461538461538E-003   1288.8501168989787     
   7.7702983490304176E-002   2.1538461538461538E-003   1224.5021542050210     
   8.1040960357672956E-002   2.1538461538461538E-003   1162.5487144307704     
   8.4442826350042507E-002   2.1538461538461538E-003   1103.2633560258719     
   8.7908062700132419E-002   2.1538461538461538E-003   1046.9282086714388     
   9.1436140977004560E-002   2.1538461538461538E-003   993.83416521130698     
   9.5026523166646296E-002   2.1538461538461538E-003   944.28108009479729     
   9.8678661754014921E-002   2.1538461538461538E-003   898.57797451272995     
  0.10239199980653067        2.1538461538461538E-003   857.04324841520418     
  0.10616597105900641        2.1538461538461538E-003   820.00489960721359     
  0.10999999999999999        2.1538461538461538E-003   787.80075012528471     
  
   6.8077428705258236E-002   2.2076923076923076E-003   1401.8364387477081     
   7.1220723408232281E-002   2.2076923076923076E-003   1333.1104166853002     
   7.4429404772449650E-002   2.2076923076923076E-003   1266.3151468365286     
   7.7702983490304176E-002   2.2076923076923076E-003   1201.7130036954327     
   8.1040960357672956E-002   2.2076923076923076E-003   1139.5747882495243     
   8.4442826350042507E-002   2.2076923076923076E-003   1080.1799150801053     
   8.7908062700132419E-002   2.2076923076923076E-003   1023.8166059332875     
   9.1436140977004560E-002   2.2076923076923076E-003   970.78208994094211     
   9.5026523166646296E-002   2.2076923076923076E-003   921.38281067777530     
   9.8678661754014921E-002   2.2076923076923076E-003   875.93464024774903     
  0.10239199980653067        2.2076923076923076E-003   834.76310060090088     
  0.10616597105900641        2.2076923076923076E-003   798.20359228888697     
  0.10999999999999999        2.2076923076923076E-003   766.60163087594185     
  
   6.8077428705258236E-002   2.2615384615384615E-003   1384.4568501782257     
   7.1220723408232281E-002   2.2615384615384615E-003   1315.5020627159327     
   7.4429404772449650E-002   2.2615384615384615E-003   1248.5334962175457     
   7.7702983490304176E-002   2.2615384615384615E-003   1183.8184476387239     
   8.1040960357672956E-002   2.2615384615384615E-003   1121.6328433987874     
   8.4442826350042507E-002   2.2615384615384615E-003   1062.2614336638444     
   8.7908062700132419E-002   2.2615384615384615E-003   1005.9979933847527     
   9.1436140977004560E-002   2.2615384615384615E-003   953.14553027891498     
   9.5026523166646296E-002   2.2615384615384615E-003   904.01649995269770     
   9.8678661754014921E-002   2.2615384615384615E-003   858.93302836870123     
  0.10239199980653067        2.2615384615384615E-003   818.22714187019278     
  0.10616597105900641        2.2615384615384615E-003   782.24100498302187     
  0.10999999999999999        2.2615384615384615E-003   751.32716622421572     
  
   6.8077428705258236E-002   2.3153846153846154E-003   1371.6142218020891     
   7.1220723408232281E-002   2.3153846153846154E-003   1302.5859663549095     
   7.4429404772449650E-002   2.3153846153846154E-003   1235.5970726324297     
   7.7702983490304176E-002   2.3153846153846154E-003   1170.9193023437026     
   8.1040960357672956E-002   2.3153846153846154E-003   1108.8332330395792     
   8.4442826350042507E-002   2.3153846153846154E-003   1049.6284590959631     
   8.7908062700132419E-002   2.3153846153846154E-003   993.60379971733164     
   9.1436140977004560E-002   2.3153846153846154E-003   941.06751415915926     
   9.5026523166646296E-002   2.3153846153846154E-003   892.33752437560031     
   9.8678661754014921E-002   2.3153846153846154E-003   847.74164530706480     
  0.10239199980653067        2.3153846153846154E-003   807.61782303060886     
  0.10616597105900641        2.3153846153846154E-003   772.31438100468904     
  0.10999999999999999        2.3153846153846154E-003   742.19027464903525     
  
   6.8077428705258236E-002   2.3692307692307693E-003   1363.3525406670528     
   7.1220723408232281E-002   2.3692307692307693E-003   1294.4121098758230     
   7.4429404772449650E-002   2.3692307692307693E-003   1227.5623628832357     
   7.7702983490304176E-002   2.3692307692307693E-003   1163.0790945559261     
   8.1040960357672956E-002   2.3692307692307693E-003   1101.2470860668695     
   8.4442826350042507E-002   2.3692307692307693E-003   1042.3603121036915     
   8.7908062700132419E-002   2.3692307692307693E-003   986.72215534452425     
   9.1436140977004560E-002   2.3692307692307693E-003   934.64562840909446     
   9.5026523166646296E-002   2.3692307692307693E-003   886.45360350046599     
   9.8678661754014921E-002   2.3692307692307693E-003   842.47904996164868     
  0.10239199980653067        2.3692307692307693E-003   803.06527997999683     
  0.10616597105900641        2.3692307692307693E-003   768.56620268147515     
  0.10999999999999999        2.3692307692307693E-003   739.34658686628313     
  
   6.8077428705258236E-002   2.4230769230769228E-003   1359.6825129902320     
   7.1220723408232281E-002   2.4230769230769228E-003   1290.9952463007535     
   7.4429404772449650E-002   2.4230769230769228E-003   1224.4485953331398     
   7.7702983490304176E-002   2.4230769230769228E-003   1160.3219800716704     
   8.1040960357672956E-002   2.4230769230769228E-003   1098.9039619676637     
   8.4442826350042507E-002   2.4230769230769228E-003   1040.4924569044649     
   8.7908062700132419E-002   2.4230769230769228E-003   985.39495566013511     
   9.1436140977004560E-002   2.4230769230769228E-003   933.92875208293106     
   9.5026523166646296E-002   2.4230769230769228E-003   886.42117920428223     
   9.8678661754014921E-002   2.4230769230769228E-003   843.20985352202615     
  0.10239199980653067        2.4230769230769228E-003   804.64292769622193     
  0.10616597105900641        2.4230769230769228E-003   771.07935190929322     
  0.10999999999999999        2.4230769230769228E-003   742.88914415232261     
  
   6.8077428705258236E-002   2.4769230769230771E-003   1360.5810975299883     
   7.1220723408232281E-002   2.4769230769230771E-003   1292.3143142634003     
   7.4429404772449650E-002   2.4769230769230771E-003   1226.2370246495093     
   7.7702983490304176E-002   2.4769230769230771E-003   1162.6318861611906     
   8.1040960357672956E-002   2.4769230769230771E-003   1101.7908381242196     
   8.4442826350042507E-002   2.4769230769230771E-003   1044.0153199776682     
   8.7908062700132419E-002   2.4769230769230771E-003   989.61649724425035     
   9.1436140977004560E-002   2.4769230769230771E-003   938.91549543399935     
   9.5026523166646296E-002   2.4769230769230771E-003   892.24364211326201     
   9.8678661754014921E-002   2.4769230769230771E-003   849.94271738050873     
  0.10239199980653067        2.4769230769230771E-003   812.36521299997185     
  0.10616597105900641        2.4769230769230771E-003   779.87460045361456     
  0.10999999999999999        2.4769230769230771E-003   752.84560818306727     
  
   6.8077428705258236E-002   2.5307692307692305E-003   1365.9919559808000     
   7.1220723408232281E-002   2.5307692307692305E-003   1298.3128554423204     
   7.4429404772449650E-002   2.5307692307692305E-003   1232.8713108255345     
   7.7702983490304176E-002   2.5307692307692305E-003   1169.9528464607099     
   8.1040960357672956E-002   2.5307692307692305E-003   1109.8523945909949     
   8.4442826350042507E-002   2.5307692307692305E-003   1052.8745184730853     
   8.7908062700132419E-002   2.5307692307692305E-003   999.33364338354522     
   9.1436140977004560E-002   2.5307692307692305E-003   949.55429576124766     
   9.5026523166646296E-002   2.5307692307692305E-003   903.87135072529850     
   9.8678661754014921E-002   2.5307692307692305E-003   862.63028821791420     
  0.10239199980653067        2.5307692307692305E-003   826.18745803088575     
  0.10616597105900641        2.5307692307692305E-003   794.91035398514634     
  0.10999999999999999        2.5307692307692305E-003   769.17789754325668     
  
   6.8077428705258236E-002   2.5846153846153844E-003   1375.8267580721322     
   7.1220723408232281E-002   2.5846153846153844E-003   1308.9003658544409     
   7.4429404772449650E-002   2.5846153846153844E-003   1244.2589167767956     
   7.7702983490304176E-002   2.5846153846153844E-003   1182.1904449833246     
   8.1040960357672956E-002   2.5846153846153844E-003   1122.9925046412541     
   8.4442826350042507E-002   2.5846153846153844E-003   1066.9723974336484     
   8.7908062700132419E-002   2.5846153846153844E-003   1014.4474081370895     
   9.1436140977004560E-002   2.5846153846153844E-003   965.74504852143036     
   9.5026523166646296E-002   2.5846153846153844E-003   921.20330981789016     
   9.8678661754014921E-002   2.5846153846153844E-003   881.17092401197306     
  0.10239199980653067        2.5846153846153844E-003   846.00763422768932     
  0.10616597105900641        2.5846153846153844E-003   816.08447447993058     
  0.10999999999999999        2.5846153846153844E-003   791.78405908353284     
  
   6.8077428705258236E-002   2.6384615384615383E-003   1389.9672465754657     
   7.1220723408232281E-002   2.6384615384615383E-003   1323.9544768034305     
   7.4429404772449650E-002   2.6384615384615383E-003   1260.2734101014371     
   7.7702983490304176E-002   2.6384615384615383E-003   1199.2142437779062     
   8.1040960357672956E-002   2.6384615384615383E-003   1141.0767936403436     
   8.4442826350042507E-002   2.6384615384615383E-003   1086.1707254395071     
   8.7908062700132419E-002   2.6384615384615383E-003   1034.8157945620460     
   9.1436140977004560E-002   2.6384615384615383E-003   987.34209421463379     
   9.5026523166646296E-002   2.6384615384615383E-003   944.09031235253030     
   9.8678661754014921E-002   2.6384615384615383E-003   905.41199761543635     
  0.10239199980653067        2.6384615384615383E-003   871.66983454419687     
  0.10616597105900641        2.6384615384615383E-003   843.23792836264897     
  0.10999999999999999        2.6384615384615383E-003   820.50209962037411     
  
   6.8077428705258236E-002   2.6923076923076922E-003   1408.2679428567676     
   7.1220723408232281E-002   2.6923076923076922E-003   1343.3238345648929     
   7.4429404772449650E-002   2.6923076923076922E-003   1280.7575256185446     
   7.7702983490304176E-002   2.6923076923076922E-003   1220.8610374142581     
   8.1040960357672956E-002   2.6923076923076922E-003   1163.9360949580214     
   8.4442826350042507E-002   2.6923076923076922E-003   1110.2943618289964     
   8.7908062700132419E-002   2.6923076923076922E-003   1060.2576835398020     
   9.1436140977004560E-002   2.6923076923076922E-003   1014.1583395418568     
   9.5026523166646296E-002   2.6923076923076922E-003   972.33930413479004     
   9.8678661754014921E-002   2.6923076923076922E-003   935.15451654882440     
  0.10239199980653067        2.6923076923076922E-003   902.96916048030994     
  0.10616597105900641        2.6923076923076922E-003   876.15995337125071     
  0.10999999999999999        2.6923076923076922E-003   855.11544573577100     
  
   6.8077428705258236E-002   2.7461538461538461E-003   1430.5593571979377     
   7.1220723408232281E-002   2.7461538461538461E-003   1366.8315301817252     
   7.4429404772449650E-002   2.7461538461538461E-003   1305.5268262498571     
   7.7702983490304176E-002   2.7461538461538461E-003   1246.9387570398510     
   8.1040960357672956E-002   2.7461538461538461E-003   1191.3706097785976     
   8.4442826350042507E-002   2.7461538461538461E-003   1139.1356853436037     
   8.7908062700132419E-002   2.7461538461538461E-003   1090.5575448538202     
   9.1436140977004560E-002   2.7461538461538461E-003   1045.9702650438348     
   9.5026523166646296E-002   2.7461538461538461E-003   1005.7187026857971     
   9.8678661754014921E-002   2.7461538461538461E-003   970.15876833389780     
  0.10239199980653067        2.7461538461538461E-003   939.65770967713365     
  0.10616597105900641        2.7461538461538461E-003   914.59440479804186     
  0.10999999999999999        2.7461538461538461E-003   895.35966564623016     
  
   6.8077428705258236E-002   2.8000000000000000E-003   1456.6515596307622     
   7.1220723408232281E-002   2.8000000000000000E-003   1394.2789217506038     
   7.4429404772449650E-002   2.8000000000000000E-003   1334.3737903168258     
   7.7702983490304176E-002   2.8000000000000000E-003   1277.2308367780265     
   8.1040960357672956E-002   2.8000000000000000E-003   1223.1545672349521     
   8.4442826350042507E-002   2.8000000000000000E-003   1172.4595631880202     
   8.7908062700132419E-002   2.8000000000000000E-003   1125.4707309328919     
   9.1436140977004560E-002   2.8000000000000000E-003   1082.5235598628592     
   9.5026523166646296E-002   2.8000000000000000E-003   1043.9643899472255     
   9.8678661754014921E-002   2.8000000000000000E-003   1010.1506886658881     
  0.10239199980653067        2.8000000000000000E-003   981.45133769143604     
  0.10616597105900641        2.8000000000000000E-003   958.24692962193262     
  0.10999999999999999        2.8000000000000000E-003   940.93007507956452     
  
