   6.8077428705258236E-002   2.1538461538461538E-003   562.17519176181429     
   7.1220723408232281E-002   2.1538461538461538E-003   543.27613897791775     
   7.4429404772449650E-002   2.1538461538461538E-003   527.59917300793063     
   7.7702983490304176E-002   2.1538461538461538E-003   515.41738372480268     
   8.1040960357672956E-002   2.1538461538461538E-003   507.01265084894567     
   8.4442826350042507E-002   2.1538461538461538E-003   502.67583716757224     
   8.7908062700132419E-002   2.1538461538461538E-003   502.70698804664437     
   9.1436140977004560E-002   2.1538461538461538E-003   507.41553737788792     
   9.5026523166646296E-002   2.1538461538461538E-003   517.12052010758612     
   9.8678661754014921E-002   2.1538461538461538E-003   532.15079149765120     
  0.10239199980653067        2.1538461538461538E-003   552.84525327365270     
  0.10616597105900641        2.1538461538461538E-003   579.55308681865381     
  0.10999999999999999        2.1538461538461538E-003   612.63399357550315     
  
   6.8077428705258236E-002   2.2076923076923076E-003   550.13693395156747     
   7.1220723408232281E-002   2.2076923076923076E-003   531.14707726692347     
   7.4429404772449650E-002   2.2076923076923076E-003   515.42682233878531     
   7.7702983490304176E-002   2.2076923076923076E-003   503.25334964695458     
   8.1040960357672956E-002   2.2076923076923076E-003   494.91280367500326     
   8.4442826350042507E-002   2.2076923076923076E-003   490.70049223417578     
   8.7908062700132419E-002   2.2076923076923076E-003   490.92109228716583     
   9.1436140977004560E-002   2.2076923076923076E-003   495.88886241969726     
   9.5026523166646296E-002   2.2076923076923076E-003   505.92786211188275     
   9.8678661754014921E-002   2.2076923076923076E-003   521.37217796568189     
  0.10239199980653067        2.2076923076923076E-003   542.56615704901719     
  0.10616597105900641        2.2076923076923076E-003   569.86464752127995     
  0.10999999999999999        2.2076923076923076E-003   603.63324670950635     
  
   6.8077428705258236E-002   2.2615384615384615E-003   540.63414399246710     
   7.1220723408232281E-002   2.2615384615384615E-003   521.59232346460021     
   7.4429404772449650E-002   2.2615384615384615E-003   505.86046815545649     
   7.7702983490304176E-002   2.2615384615384615E-003   493.71922955672335     
   8.1040960357672956E-002   2.2615384615384615E-003   485.45837487541559     
   8.4442826350042507E-002   2.2615384615384615E-003   481.37699176249191     
   8.7908062700132419E-002   2.2615384615384615E-003   481.78369971672669     
   9.1436140977004560E-002   2.2615384615384615E-003   486.99686831559086     
   9.5026523166646296E-002   2.2615384615384615E-003   497.34484242928556     
   9.8678661754014921E-002   2.2615384615384615E-003   513.16617457841198     
  0.10239199980653067        2.2615384615384615E-003   534.80986460019096     
  0.10616597105900641        2.2615384615384615E-003   562.63560679248826     
  0.10999999999999999        2.2615384615384615E-003   597.01404470951627     
  
   6.8077428705258236E-002   2.3153846153846154E-003   533.79933340105606     
   7.1220723408232281E-002   2.3153846153846154E-003   514.75718154121955     
   7.4429404772449650E-002   2.3153846153846154E-003   499.05915550039288     
   7.7702983490304176E-002   2.3153846153846154E-003   486.98880975058825     
   8.1040960357672956E-002   2.3153846153846154E-003   478.83894584328328     
   8.4442826350042507E-002   2.3153846153846154E-003   474.91182193317633     
   8.7908062700132419E-002   2.3153846153846154E-003   475.51936912585211     
   9.1436140977004560E-002   2.3153846153846154E-003   480.98341480418770     
   9.5026523166646296E-002   2.3153846153846154E-003   491.63591309250006     
   9.8678661754014921E-002   2.3153846153846154E-003   507.81918262199230     
  0.10239199980653067        2.3153846153846154E-003   529.88615176558596     
  0.10616597105900641        2.3153846153846154E-003   558.20061151467655     
  0.10999999999999999        2.3153846153846154E-003   593.13747617496972     
  
   6.8077428705258236E-002   2.3692307692307693E-003   529.74165387620224     
   7.1220723408232281E-002   2.3692307692307693E-003   510.76234376145840     
   7.4429404772449650E-002   2.3692307692307693E-003   495.15602353886777     
   7.7702983490304176E-002   2.3692307692307693E-003   483.20863340093661     
   8.1040960357672956E-002   2.3692307692307693E-003   475.21547374395396     
   8.4442826350042507E-002   2.3692307692307693E-003   471.48141897143978     
   8.7908062700132419E-002   2.3692307692307693E-003   472.32113824952626     
   9.1436140977004560E-002   2.3692307692307693E-003   478.05932337123187     
   9.5026523166646296E-002   2.3692307692307693E-003   489.03092389074601     
   9.8678661754014921E-002   2.3692307692307693E-003   505.58138969354559     
  0.10239199980653067        2.3692307692307693E-003   528.06692117278089     
  0.10616597105900641        2.3692307692307693E-003   556.85472718667779     
  0.10999999999999999        2.3692307692307693E-003   592.32329097680122     
  
   6.8077428705258236E-002   2.4230769230769228E-003   528.54409495926143     
   7.1220723408232281E-002   2.4230769230769228E-003   509.70076499189065     
   7.4429404772449650E-002   2.4230769230769228E-003   494.25482906184152     
   7.7702983490304176E-002   2.4230769230769228E-003   482.49414407633589     
   8.1040960357672956E-002   2.4230769230769228E-003   474.71602405751639     
   8.4442826350042507E-002   2.4230769230769228E-003   471.22745780328376     
   8.7908062700132419E-002   2.4230769230769228E-003   472.34533361301521     
   9.1436140977004560E-002   2.4230769230769228E-003   478.39667123688582     
   9.5026523166646296E-002   2.4230769230769228E-003   489.71886121151351     
   9.8678661754014921E-002   2.4230769230769228E-003   506.65991174957696     
  0.10239199980653067        2.4230769230769228E-003   529.57870335548262     
  0.10616597105900641        2.4230769230769228E-003   558.84525134377918     
  0.10999999999999999        2.4230769230769228E-003   594.84097644185897     
  
   6.8077428705258236E-002   2.4769230769230771E-003   530.26168395882667     
   7.1220723408232281E-002   2.4769230769230771E-003   511.63563496003576     
   7.4429404772449650E-002   2.4769230769230771E-003   496.42767079341166     
   7.7702983490304176E-002   2.4769230769230771E-003   484.92714049276549     
   8.1040960357672956E-002   2.4769230769230771E-003   477.43293277833038     
   8.4442826350042507E-002   2.4769230769230771E-003   474.25369723977076     
   8.7908062700132419E-002   2.4769230769230771E-003   475.70807268756903     
   9.1436140977004560E-002   2.4769230769230771E-003   482.12492283291817     
   9.5026523166646296E-002   2.4769230769230771E-003   493.84357946040342     
   9.8678661754014921E-002   2.4769230769230771E-003   511.21409326262136     
  0.10239199980653067        2.4769230769230771E-003   534.59749251030780     
  0.10616597105900641        2.4769230769230771E-003   564.36604973628721     
  0.10999999999999999        2.4769230769230771E-003   600.90355661627109     
  
   6.8077428705258236E-002   2.5307692307692305E-003   534.92067787275846     
   7.1220723408232281E-002   2.5307692307692305E-003   516.59943717708461     
   7.4429404772449650E-002   2.5307692307692305E-003   501.71390208652770     
   7.7702983490304176E-002   2.5307692307692305E-003   490.55452883525112     
   8.1040960357672956E-002   2.5307692307692305E-003   483.42138324162067     
   8.4442826350042507E-002   2.5307692307692305E-003   480.62436515604173     
   8.7908062700132419E-002   2.5307692307692305E-003   482.48344017613113     
   9.1436140977004560E-002   2.5307692307692305E-003   489.32887879065231     
   9.5026523166646296E-002   2.5307692307692305E-003   501.50150311837308     
   9.8678661754014921E-002   2.5307692307692305E-003   519.35294141227337     
  0.10239199980653067        2.5307692307692305E-003   543.24589050442933     
  0.10616597105900641        2.5307692307692305E-003   573.55438637142333     
  0.10999999999999999        2.5307692307692305E-003   610.66408300498153     
  
   6.8077428705258236E-002   2.5846153846153844E-003   542.51869328824318     
   7.1220723408232281E-002   2.5846153846153844E-003   524.59403517246255     
   7.4429404772449650E-002   2.5846153846153844E-003   510.12016689012023     
   7.7702983490304176E-002   2.5846153846153844E-003   499.38830130752626     
   8.1040960357672956E-002   2.5846153846153844E-003   492.69931952038047     
   8.4442826350042507E-002   2.5846153846153844E-003   490.36399837491444     
   8.7908062700132419E-002   2.5846153846153844E-003   492.70324535495820     
   9.1436140977004560E-002   2.5846153846153844E-003   500.04834099814741     
   9.5026523166646296E-002   2.5846153846153844E-003   512.74118900925703     
   9.8678661754014921E-002   2.5846153846153844E-003   531.13457424296757     
  0.10239199980653067        2.5846153846153844E-003   555.59242873325275     
  0.10616597105900641        2.5846153846153844E-003   586.49010595121035     
  0.10999999999999999        2.5846153846153844E-003   624.21466347785190     
  
   6.8077428705258236E-002   2.6384615384615383E-003   553.02568427382380     
   7.1220723408232281E-002   2.6384615384615383E-003   535.59168727925078     
   7.4429404772449650E-002   2.6384615384615383E-003   521.62145077281775     
   7.7702983490304176E-002   2.6384615384615383E-003   511.40662252262319     
   8.1040960357672956E-002   2.6384615384615383E-003   505.24856707242236     
   8.4442826350042507E-002   2.6384615384615383E-003   503.45859619669966     
   8.7908062700132419E-002   2.6384615384615383E-003   506.35820682326073     
   9.1436140977004560E-002   2.6384615384615383E-003   514.27932658901284     
   9.5026523166646296E-002   2.6384615384615383E-003   527.56456719912626     
   9.8678661754014921E-002   2.6384615384615383E-003   546.56748576441623     
  0.10239199980653067        2.6384615384615383E-003   571.65285429645019     
  0.10616597105900641        2.6384615384615383E-003   603.19693754472678     
  0.10999999999999999        2.6384615384615383E-003   641.58777936487115     
  
   6.8077428705258236E-002   2.6923076923076922E-003   566.38565087929328     
   7.1220723408232281E-002   2.6923076923076922E-003   549.53686128154970     
   7.4429404772449650E-002   2.6923076923076922E-003   536.16300616415845     
   7.7702983490304176E-002   2.6923076923076922E-003   526.55586985133073     
   8.1040960357672956E-002   2.6923076923076922E-003   521.01699276752584     
   8.4442826350042507E-002   2.6923076923076922E-003   519.85790472380336     
   8.7908062700132419E-002   2.6923076923076922E-003   523.40036577916101     
   9.1436140977004560E-002   2.6923076923076922E-003   531.97661484539583     
   9.5026523166646296E-002   2.6923076923076922E-003   545.92962620878939     
   9.8678661754014921E-002   2.6923076923076922E-003   565.61337414648824     
  0.10239199980653067        2.6923076923076922E-003   591.39310582028679     
  0.10616597105900641        2.6923076923076922E-003   623.64562263540677     
  0.10999999999999999        2.6923076923076922E-003   662.75957025639491     
  
   6.8077428705258236E-002   2.7461538461538461E-003   582.51894223229851     
   7.1220723408232281E-002   2.7461538461538461E-003   566.34869997271983     
   7.4429404772449650E-002   2.7461538461538461E-003   553.66298897997251     
   7.7702983490304176E-002   2.7461538461538461E-003   544.75345002221547     
   8.1040960357672956E-002   2.7461538461538461E-003   539.92151067234374     
   8.4442826350042507E-002   2.7461538461538461E-003   539.47862134427817     
   8.7908062700132419E-002   2.7461538461538461E-003   543.74649901897851     
   9.1436140977004560E-002   2.7461538461538461E-003   553.05737883251504     
   9.5026523166646296E-002   2.7461538461538461E-003   567.75427370343380     
   9.8678661754014921E-002   2.7461538461538461E-003   588.19124218116281     
  0.10239199980653067        2.7461538461538461E-003   614.73366470236260     
  0.10616597105900641        2.7461538461538461E-003   647.75852844681037     
  0.10999999999999999        2.7461538461538461E-003   687.65472098944406     
  
   6.8077428705258236E-002   2.8000000000000000E-003   601.32500807745714     
   7.1220723408232281E-002   2.8000000000000000E-003   585.92397772242452     
   7.4429404772449650E-002   2.8000000000000000E-003   574.01563200732630     
   7.7702983490304176E-002   2.8000000000000000E-003   565.89120160115465     
   8.1040960357672956E-002   2.8000000000000000E-003   561.85172639888174     
   8.4442826350042507E-002   2.8000000000000000E-003   562.20829423125838     
   8.7908062700132419E-002   2.8000000000000000E-003   567.28228738707412     
   9.1436140977004560E-002   2.8000000000000000E-003   577.40563712511164     
   9.5026523166646296E-002   2.8000000000000000E-003   592.92108635758018     
   9.8678661754014921E-002   2.8000000000000000E-003   614.18246069191423     
  0.10239199980653067        2.8000000000000000E-003   641.55494802282794     
  0.10616597105900641        2.8000000000000000E-003   675.41538687147818     
  0.10999999999999999        2.8000000000000000E-003   716.15256367381937     
  
