# Created by Octave 4.2.2, Tue May 19 16:54:29 2020 CDT <jogabell@Jarvis>
# name: yi
# type: matrix
# rows: 1000
# columns: 1
 0.0021
 0.002100700700700701
 0.002101401401401401
 0.002102102102102102
 0.002102802802802803
 0.002103503503503503
 0.002104204204204204
 0.002104904904904905
 0.002105605605605606
 0.002106306306306306
 0.002107007007007007
 0.002107707707707707
 0.002108408408408408
 0.002109109109109109
 0.00210980980980981
 0.002110510510510511
 0.002111211211211211
 0.002111911911911912
 0.002112612612612612
 0.002113313313313313
 0.002114014014014014
 0.002114714714714715
 0.002115415415415415
 0.002116116116116116
 0.002116816816816817
 0.002117517517517517
 0.002118218218218218
 0.002118918918918919
 0.00211961961961962
 0.00212032032032032
 0.002121021021021021
 0.002121721721721721
 0.002122422422422422
 0.002123123123123123
 0.002123823823823824
 0.002124524524524525
 0.002125225225225225
 0.002125925925925926
 0.002126626626626626
 0.002127327327327327
 0.002128028028028028
 0.002128728728728729
 0.002129429429429429
 0.00213013013013013
 0.002130830830830831
 0.002131531531531531
 0.002132232232232232
 0.002132932932932933
 0.002133633633633634
 0.002134334334334334
 0.002135035035035035
 0.002135735735735736
 0.002136436436436436
 0.002137137137137137
 0.002137837837837838
 0.002138538538538539
 0.002139239239239239
 0.00213993993993994
 0.00214064064064064
 0.002141341341341341
 0.002142042042042042
 0.002142742742742743
 0.002143443443443444
 0.002144144144144144
 0.002144844844844845
 0.002145545545545545
 0.002146246246246246
 0.002146946946946947
 0.002147647647647648
 0.002148348348348348
 0.002149049049049049
 0.00214974974974975
 0.00215045045045045
 0.002151151151151151
 0.002151851851851852
 0.002152552552552553
 0.002153253253253253
 0.002153953953953954
 0.002154654654654654
 0.002155355355355355
 0.002156056056056056
 0.002156756756756757
 0.002157457457457458
 0.002158158158158158
 0.002158858858858859
 0.002159559559559559
 0.00216026026026026
 0.002160960960960961
 0.002161661661661662
 0.002162362362362362
 0.002163063063063063
 0.002163763763763764
 0.002164464464464464
 0.002165165165165165
 0.002165865865865866
 0.002166566566566567
 0.002167267267267267
 0.002167967967967968
 0.002168668668668669
 0.002169369369369369
 0.00217007007007007
 0.002170770770770771
 0.002171471471471472
 0.002172172172172172
 0.002172872872872873
 0.002173573573573573
 0.002174274274274274
 0.002174974974974975
 0.002175675675675676
 0.002176376376376376
 0.002177077077077077
 0.002177777777777778
 0.002178478478478478
 0.002179179179179179
 0.00217987987987988
 0.002180580580580581
 0.002181281281281281
 0.002181981981981982
 0.002182682682682683
 0.002183383383383383
 0.002184084084084084
 0.002184784784784785
 0.002185485485485485
 0.002186186186186186
 0.002186886886886887
 0.002187587587587587
 0.002188288288288288
 0.002188988988988989
 0.00218968968968969
 0.00219039039039039
 0.002191091091091091
 0.002191791791791792
 0.002192492492492492
 0.002193193193193193
 0.002193893893893894
 0.002194594594594594
 0.002195295295295295
 0.002195995995995996
 0.002196696696696697
 0.002197397397397397
 0.002198098098098098
 0.002198798798798799
 0.002199499499499499
 0.0022002002002002
 0.002200900900900901
 0.002201601601601602
 0.002202302302302302
 0.002203003003003003
 0.002203703703703703
 0.002204404404404404
 0.002205105105105105
 0.002205805805805806
 0.002206506506506506
 0.002207207207207207
 0.002207907907907908
 0.002208608608608608
 0.002209309309309309
 0.00221001001001001
 0.002210710710710711
 0.002211411411411411
 0.002212112112112112
 0.002212812812812812
 0.002213513513513513
 0.002214214214214214
 0.002214914914914915
 0.002215615615615616
 0.002216316316316316
 0.002217017017017017
 0.002217717717717717
 0.002218418418418418
 0.002219119119119119
 0.00221981981981982
 0.00222052052052052
 0.002221221221221221
 0.002221921921921922
 0.002222622622622622
 0.002223323323323323
 0.002224024024024024
 0.002224724724724725
 0.002225425425425425
 0.002226126126126126
 0.002226826826826827
 0.002227527527527527
 0.002228228228228228
 0.002228928928928929
 0.00222962962962963
 0.00223033033033033
 0.002231031031031031
 0.002231731731731731
 0.002232432432432432
 0.002233133133133133
 0.002233833833833834
 0.002234534534534535
 0.002235235235235235
 0.002235935935935936
 0.002236636636636636
 0.002237337337337337
 0.002238038038038038
 0.002238738738738739
 0.002239439439439439
 0.00224014014014014
 0.002240840840840841
 0.002241541541541541
 0.002242242242242242
 0.002242942942942943
 0.002243643643643644
 0.002244344344344344
 0.002245045045045045
 0.002245745745745745
 0.002246446446446446
 0.002247147147147147
 0.002247847847847848
 0.002248548548548549
 0.002249249249249249
 0.00224994994994995
 0.00225065065065065
 0.002251351351351351
 0.002252052052052052
 0.002252752752752753
 0.002253453453453453
 0.002254154154154154
 0.002254854854854855
 0.002255555555555555
 0.002256256256256256
 0.002256956956956957
 0.002257657657657658
 0.002258358358358358
 0.002259059059059059
 0.00225975975975976
 0.00226046046046046
 0.002261161161161161
 0.002261861861861862
 0.002262562562562563
 0.002263263263263263
 0.002263963963963964
 0.002264664664664664
 0.002265365365365365
 0.002266066066066066
 0.002266766766766767
 0.002267467467467468
 0.002268168168168168
 0.002268868868868869
 0.002269569569569569
 0.00227027027027027
 0.002270970970970971
 0.002271671671671672
 0.002272372372372372
 0.002273073073073073
 0.002273773773773774
 0.002274474474474474
 0.002275175175175175
 0.002275875875875876
 0.002276576576576577
 0.002277277277277277
 0.002277977977977978
 0.002278678678678678
 0.002279379379379379
 0.00228008008008008
 0.002280780780780781
 0.002281481481481482
 0.002282182182182182
 0.002282882882882883
 0.002283583583583583
 0.002284284284284284
 0.002284984984984985
 0.002285685685685686
 0.002286386386386386
 0.002287087087087087
 0.002287787787787788
 0.002288488488488488
 0.002289189189189189
 0.00228988988988989
 0.002290590590590591
 0.002291291291291291
 0.002291991991991992
 0.002292692692692693
 0.002293393393393393
 0.002294094094094094
 0.002294794794794795
 0.002295495495495496
 0.002296196196196196
 0.002296896896896897
 0.002297597597597597
 0.002298298298298298
 0.002298998998998999
 0.0022996996996997
 0.002300400400400401
 0.002301101101101101
 0.002301801801801802
 0.002302502502502502
 0.002303203203203203
 0.002303903903903904
 0.002304604604604605
 0.002305305305305305
 0.002306006006006006
 0.002306706706706707
 0.002307407407407407
 0.002308108108108108
 0.002308808808808809
 0.00230950950950951
 0.00231021021021021
 0.002310910910910911
 0.002311611611611611
 0.002312312312312312
 0.002313013013013013
 0.002313713713713714
 0.002314414414414414
 0.002315115115115115
 0.002315815815815816
 0.002316516516516516
 0.002317217217217217
 0.002317917917917918
 0.002318618618618619
 0.002319319319319319
 0.00232002002002002
 0.002320720720720721
 0.002321421421421421
 0.002322122122122122
 0.002322822822822823
 0.002323523523523523
 0.002324224224224224
 0.002324924924924925
 0.002325625625625626
 0.002326326326326326
 0.002327027027027027
 0.002327727727727728
 0.002328428428428428
 0.002329129129129129
 0.00232982982982983
 0.00233053053053053
 0.002331231231231231
 0.002331931931931932
 0.002332632632632632
 0.002333333333333333
 0.002334034034034034
 0.002334734734734735
 0.002335435435435435
 0.002336136136136136
 0.002336836836836837
 0.002337537537537537
 0.002338238238238238
 0.002338938938938939
 0.00233963963963964
 0.00234034034034034
 0.002341041041041041
 0.002341741741741741
 0.002342442442442442
 0.002343143143143143
 0.002343843843843844
 0.002344544544544544
 0.002345245245245245
 0.002345945945945946
 0.002346646646646647
 0.002347347347347347
 0.002348048048048048
 0.002348748748748749
 0.002349449449449449
 0.00235015015015015
 0.002350850850850851
 0.002351551551551551
 0.002352252252252252
 0.002352952952952953
 0.002353653653653654
 0.002354354354354354
 0.002355055055055055
 0.002355755755755756
 0.002356456456456456
 0.002357157157157157
 0.002357857857857858
 0.002358558558558559
 0.002359259259259259
 0.00235995995995996
 0.00236066066066066
 0.002361361361361361
 0.002362062062062062
 0.002362762762762763
 0.002363463463463463
 0.002364164164164164
 0.002364864864864865
 0.002365565565565565
 0.002366266266266266
 0.002366966966966967
 0.002367667667667668
 0.002368368368368368
 0.002369069069069069
 0.002369769769769769
 0.00237047047047047
 0.002371171171171171
 0.002371871871871872
 0.002372572572572573
 0.002373273273273273
 0.002373973973973974
 0.002374674674674674
 0.002375375375375375
 0.002376076076076076
 0.002376776776776777
 0.002377477477477477
 0.002378178178178178
 0.002378878878878879
 0.002379579579579579
 0.00238028028028028
 0.002380980980980981
 0.002381681681681682
 0.002382382382382382
 0.002383083083083083
 0.002383783783783784
 0.002384484484484484
 0.002385185185185185
 0.002385885885885886
 0.002386586586586587
 0.002387287287287287
 0.002387987987987988
 0.002388688688688688
 0.002389389389389389
 0.00239009009009009
 0.002390790790790791
 0.002391491491491492
 0.002392192192192192
 0.002392892892892893
 0.002393593593593593
 0.002394294294294294
 0.002394994994994995
 0.002395695695695696
 0.002396396396396396
 0.002397097097097097
 0.002397797797797798
 0.002398498498498498
 0.002399199199199199
 0.0023998998998999
 0.002400600600600601
 0.002401301301301301
 0.002402002002002002
 0.002402702702702702
 0.002403403403403403
 0.002404104104104104
 0.002404804804804805
 0.002405505505505506
 0.002406206206206206
 0.002406906906906907
 0.002407607607607607
 0.002408308308308308
 0.002409009009009009
 0.00240970970970971
 0.002410410410410411
 0.002411111111111111
 0.002411811811811812
 0.002412512512512512
 0.002413213213213213
 0.002413913913913914
 0.002414614614614615
 0.002415315315315315
 0.002416016016016016
 0.002416716716716717
 0.002417417417417417
 0.002418118118118118
 0.002418818818818819
 0.00241951951951952
 0.00242022022022022
 0.002420920920920921
 0.002421621621621621
 0.002422322322322322
 0.002423023023023023
 0.002423723723723724
 0.002424424424424425
 0.002425125125125125
 0.002425825825825826
 0.002426526526526526
 0.002427227227227227
 0.002427927927927928
 0.002428628628628629
 0.002429329329329329
 0.00243003003003003
 0.002430730730730731
 0.002431431431431431
 0.002432132132132132
 0.002432832832832833
 0.002433533533533534
 0.002434234234234234
 0.002434934934934935
 0.002435635635635636
 0.002436336336336336
 0.002437037037037037
 0.002437737737737738
 0.002438438438438439
 0.002439139139139139
 0.00243983983983984
 0.00244054054054054
 0.002441241241241241
 0.002441941941941942
 0.002442642642642643
 0.002443343343343343
 0.002444044044044044
 0.002444744744744745
 0.002445445445445445
 0.002446146146146146
 0.002446846846846847
 0.002447547547547548
 0.002448248248248248
 0.002448948948948949
 0.00244964964964965
 0.00245035035035035
 0.002451051051051051
 0.002451751751751752
 0.002452452452452452
 0.002453153153153153
 0.002453853853853854
 0.002454554554554554
 0.002455255255255255
 0.002455955955955956
 0.002456656656656657
 0.002457357357357357
 0.002458058058058058
 0.002458758758758759
 0.002459459459459459
 0.00246016016016016
 0.002460860860860861
 0.002461561561561561
 0.002462262262262262
 0.002462962962962963
 0.002463663663663664
 0.002464364364364364
 0.002465065065065065
 0.002465765765765766
 0.002466466466466467
 0.002467167167167167
 0.002467867867867868
 0.002468568568568569
 0.002469269269269269
 0.00246996996996997
 0.00247067067067067
 0.002471371371371371
 0.002472072072072072
 0.002472772772772773
 0.002473473473473473
 0.002474174174174174
 0.002474874874874875
 0.002475575575575576
 0.002476276276276276
 0.002476976976976977
 0.002477677677677678
 0.002478378378378378
 0.002479079079079079
 0.002479779779779779
 0.00248048048048048
 0.002481181181181181
 0.002481881881881882
 0.002482582582582583
 0.002483283283283283
 0.002483983983983984
 0.002484684684684685
 0.002485385385385385
 0.002486086086086086
 0.002486786786786787
 0.002487487487487487
 0.002488188188188188
 0.002488888888888889
 0.002489589589589589
 0.00249029029029029
 0.002490990990990991
 0.002491691691691692
 0.002492392392392392
 0.002493093093093093
 0.002493793793793794
 0.002494494494494494
 0.002495195195195195
 0.002495895895895896
 0.002496596596596597
 0.002497297297297297
 0.002497997997997998
 0.002498698698698698
 0.002499399399399399
 0.0025001001001001
 0.002500800800800801
 0.002501501501501502
 0.002502202202202202
 0.002502902902902903
 0.002503603603603603
 0.002504304304304304
 0.002505005005005005
 0.002505705705705706
 0.002506406406406406
 0.002507107107107107
 0.002507807807807808
 0.002508508508508508
 0.002509209209209209
 0.00250990990990991
 0.002510610610610611
 0.002511311311311311
 0.002512012012012012
 0.002512712712712712
 0.002513413413413413
 0.002514114114114114
 0.002514814814814815
 0.002515515515515516
 0.002516216216216216
 0.002516916916916917
 0.002517617617617617
 0.002518318318318318
 0.002519019019019019
 0.00251971971971972
 0.00252042042042042
 0.002521121121121121
 0.002521821821821822
 0.002522522522522522
 0.002523223223223223
 0.002523923923923924
 0.002524624624624625
 0.002525325325325325
 0.002526026026026026
 0.002526726726726727
 0.002527427427427427
 0.002528128128128128
 0.002528828828828829
 0.00252952952952953
 0.00253023023023023
 0.002530930930930931
 0.002531631631631631
 0.002532332332332332
 0.002533033033033033
 0.002533733733733734
 0.002534434434434435
 0.002535135135135135
 0.002535835835835836
 0.002536536536536536
 0.002537237237237237
 0.002537937937937938
 0.002538638638638639
 0.002539339339339339
 0.00254004004004004
 0.002540740740740741
 0.002541441441441441
 0.002542142142142142
 0.002542842842842843
 0.002543543543543544
 0.002544244244244244
 0.002544944944944945
 0.002545645645645645
 0.002546346346346346
 0.002547047047047047
 0.002547747747747748
 0.002548448448448449
 0.002549149149149149
 0.00254984984984985
 0.00255055055055055
 0.002551251251251251
 0.002551951951951952
 0.002552652652652653
 0.002553353353353353
 0.002554054054054054
 0.002554754754754755
 0.002555455455455455
 0.002556156156156156
 0.002556856856856857
 0.002557557557557558
 0.002558258258258258
 0.002558958958958959
 0.00255965965965966
 0.00256036036036036
 0.002561061061061061
 0.002561761761761762
 0.002562462462462463
 0.002563163163163163
 0.002563863863863864
 0.002564564564564564
 0.002565265265265265
 0.002565965965965966
 0.002566666666666667
 0.002567367367367368
 0.002568068068068068
 0.002568768768768769
 0.002569469469469469
 0.00257017017017017
 0.002570870870870871
 0.002571571571571572
 0.002572272272272272
 0.002572972972972973
 0.002573673673673674
 0.002574374374374374
 0.002575075075075075
 0.002575775775775776
 0.002576476476476477
 0.002577177177177177
 0.002577877877877878
 0.002578578578578578
 0.002579279279279279
 0.00257997997997998
 0.002580680680680681
 0.002581381381381381
 0.002582082082082082
 0.002582782782782783
 0.002583483483483483
 0.002584184184184184
 0.002584884884884885
 0.002585585585585586
 0.002586286286286286
 0.002586986986986987
 0.002587687687687688
 0.002588388388388388
 0.002589089089089089
 0.00258978978978979
 0.00259049049049049
 0.002591191191191191
 0.002591891891891892
 0.002592592592592593
 0.002593293293293293
 0.002593993993993994
 0.002594694694694695
 0.002595395395395396
 0.002596096096096096
 0.002596796796796797
 0.002597497497497497
 0.002598198198198198
 0.002598898898898899
 0.002599599599599599
 0.0026003003003003
 0.002601001001001001
 0.002601701701701702
 0.002602402402402402
 0.002603103103103103
 0.002603803803803804
 0.002604504504504505
 0.002605205205205205
 0.002605905905905906
 0.002606606606606607
 0.002607307307307307
 0.002608008008008008
 0.002608708708708708
 0.002609409409409409
 0.00261011011011011
 0.002610810810810811
 0.002611511511511511
 0.002612212212212212
 0.002612912912912913
 0.002613613613613614
 0.002614314314314314
 0.002615015015015015
 0.002615715715715716
 0.002616416416416416
 0.002617117117117117
 0.002617817817817818
 0.002618518518518518
 0.002619219219219219
 0.00261991991991992
 0.002620620620620621
 0.002621321321321321
 0.002622022022022022
 0.002622722722722723
 0.002623423423423424
 0.002624124124124124
 0.002624824824824825
 0.002625525525525526
 0.002626226226226226
 0.002626926926926927
 0.002627627627627627
 0.002628328328328328
 0.002629029029029029
 0.00262972972972973
 0.00263043043043043
 0.002631131131131131
 0.002631831831831832
 0.002632532532532533
 0.002633233233233233
 0.002633933933933934
 0.002634634634634635
 0.002635335335335335
 0.002636036036036036
 0.002636736736736736
 0.002637437437437437
 0.002638138138138138
 0.002638838838838839
 0.00263953953953954
 0.00264024024024024
 0.002640940940940941
 0.002641641641641642
 0.002642342342342342
 0.002643043043043043
 0.002643743743743744
 0.002644444444444444
 0.002645145145145145
 0.002645845845845846
 0.002646546546546546
 0.002647247247247247
 0.002647947947947948
 0.002648648648648649
 0.002649349349349349
 0.00265005005005005
 0.002650750750750751
 0.002651451451451451
 0.002652152152152152
 0.002652852852852853
 0.002653553553553554
 0.002654254254254254
 0.002654954954954955
 0.002655655655655655
 0.002656356356356356
 0.002657057057057057
 0.002657757757757758
 0.002658458458458459
 0.002659159159159159
 0.00265985985985986
 0.00266056056056056
 0.002661261261261261
 0.002661961961961962
 0.002662662662662663
 0.002663363363363363
 0.002664064064064064
 0.002664764764764765
 0.002665465465465465
 0.002666166166166166
 0.002666866866866867
 0.002667567567567568
 0.002668268268268268
 0.002668968968968969
 0.002669669669669669
 0.00267037037037037
 0.002671071071071071
 0.002671771771771772
 0.002672472472472473
 0.002673173173173173
 0.002673873873873874
 0.002674574574574574
 0.002675275275275275
 0.002675975975975976
 0.002676676676676677
 0.002677377377377377
 0.002678078078078078
 0.002678778778778779
 0.002679479479479479
 0.00268018018018018
 0.002680880880880881
 0.002681581581581582
 0.002682282282282282
 0.002682982982982983
 0.002683683683683684
 0.002684384384384384
 0.002685085085085085
 0.002685785785785786
 0.002686486486486487
 0.002687187187187187
 0.002687887887887888
 0.002688588588588588
 0.002689289289289289
 0.00268998998998999
 0.002690690690690691
 0.002691391391391392
 0.002692092092092092
 0.002692792792792793
 0.002693493493493493
 0.002694194194194194
 0.002694894894894895
 0.002695595595595596
 0.002696296296296296
 0.002696996996996997
 0.002697697697697698
 0.002698398398398398
 0.002699099099099099
 0.0026997997997998
 0.002700500500500501
 0.002701201201201201
 0.002701901901901902
 0.002702602602602602
 0.002703303303303303
 0.002704004004004004
 0.002704704704704705
 0.002705405405405406
 0.002706106106106106
 0.002706806806806807
 0.002707507507507507
 0.002708208208208208
 0.002708908908908909
 0.00270960960960961
 0.00271031031031031
 0.002711011011011011
 0.002711711711711712
 0.002712412412412412
 0.002713113113113113
 0.002713813813813814
 0.002714514514514515
 0.002715215215215215
 0.002715915915915916
 0.002716616616616617
 0.002717317317317317
 0.002718018018018018
 0.002718718718718719
 0.002719419419419419
 0.00272012012012012
 0.002720820820820821
 0.002721521521521521
 0.002722222222222222
 0.002722922922922923
 0.002723623623623624
 0.002724324324324325
 0.002725025025025025
 0.002725725725725726
 0.002726426426426426
 0.002727127127127127
 0.002727827827827828
 0.002728528528528528
 0.002729229229229229
 0.00272992992992993
 0.002730630630630631
 0.002731331331331331
 0.002732032032032032
 0.002732732732732733
 0.002733433433433434
 0.002734134134134134
 0.002734834834834835
 0.002735535535535535
 0.002736236236236236
 0.002736936936936937
 0.002737637637637637
 0.002738338338338338
 0.002739039039039039
 0.00273973973973974
 0.00274044044044044
 0.002741141141141141
 0.002741841841841842
 0.002742542542542543
 0.002743243243243243
 0.002743943943943944
 0.002744644644644645
 0.002745345345345345
 0.002746046046046046
 0.002746746746746746
 0.002747447447447447
 0.002748148148148148
 0.002748848848848849
 0.00274954954954955
 0.00275025025025025
 0.002750950950950951
 0.002751651651651652
 0.002752352352352353
 0.002753053053053053
 0.002753753753753754
 0.002754454454454454
 0.002755155155155155
 0.002755855855855856
 0.002756556556556556
 0.002757257257257257
 0.002757957957957958
 0.002758658658658659
 0.002759359359359359
 0.00276006006006006
 0.002760760760760761
 0.002761461461461462
 0.002762162162162162
 0.002762862862862863
 0.002763563563563564
 0.002764264264264264
 0.002764964964964965
 0.002765665665665665
 0.002766366366366366
 0.002767067067067067
 0.002767767767767768
 0.002768468468468469
 0.002769169169169169
 0.00276986986986987
 0.002770570570570571
 0.002771271271271271
 0.002771971971971972
 0.002772672672672673
 0.002773373373373373
 0.002774074074074074
 0.002774774774774775
 0.002775475475475475
 0.002776176176176176
 0.002776876876876877
 0.002777577577577578
 0.002778278278278278
 0.002778978978978979
 0.00277967967967968
 0.00278038038038038
 0.002781081081081081
 0.002781781781781782
 0.002782482482482483
 0.002783183183183183
 0.002783883883883884
 0.002784584584584584
 0.002785285285285285
 0.002785985985985986
 0.002786686686686687
 0.002787387387387387
 0.002788088088088088
 0.002788788788788789
 0.002789489489489489
 0.00279019019019019
 0.002790890890890891
 0.002791591591591592
 0.002792292292292292
 0.002792992992992993
 0.002793693693693694
 0.002794394394394394
 0.002795095095095095
 0.002795795795795796
 0.002796496496496497
 0.002797197197197197
 0.002797897897897898
 0.002798598598598598
 0.002799299299299299
 0.0028


