   2.1538461538461538E-003
   2.1538461538461538E-003
   2.1538461538461538E-003
   2.1538461538461538E-003
   2.1538461538461538E-003
   2.1538461538461538E-003
   2.1538461538461538E-003
   2.1538461538461538E-003
   2.1538461538461538E-003
   2.1538461538461538E-003
   2.1538461538461538E-003
   2.1538461538461538E-003
   2.1538461538461538E-003
   2.2076923076923076E-003
   2.2076923076923076E-003
   2.2076923076923076E-003
   2.2076923076923076E-003
   2.2076923076923076E-003
   2.2076923076923076E-003
   2.2076923076923076E-003
   2.2076923076923076E-003
   2.2076923076923076E-003
   2.2076923076923076E-003
   2.2076923076923076E-003
   2.2076923076923076E-003
   2.2076923076923076E-003
   2.2615384615384615E-003
   2.2615384615384615E-003
   2.2615384615384615E-003
   2.2615384615384615E-003
   2.2615384615384615E-003
   2.2615384615384615E-003
   2.2615384615384615E-003
   2.2615384615384615E-003
   2.2615384615384615E-003
   2.2615384615384615E-003
   2.2615384615384615E-003
   2.2615384615384615E-003
   2.2615384615384615E-003
   2.3153846153846154E-003
   2.3153846153846154E-003
   2.3153846153846154E-003
   2.3153846153846154E-003
   2.3153846153846154E-003
   2.3153846153846154E-003
   2.3153846153846154E-003
   2.3153846153846154E-003
   2.3153846153846154E-003
   2.3153846153846154E-003
   2.3153846153846154E-003
   2.3153846153846154E-003
   2.3153846153846154E-003
   2.3692307692307693E-003
   2.3692307692307693E-003
   2.3692307692307693E-003
   2.3692307692307693E-003
   2.3692307692307693E-003
   2.3692307692307693E-003
   2.3692307692307693E-003
   2.3692307692307693E-003
   2.3692307692307693E-003
   2.3692307692307693E-003
   2.3692307692307693E-003
   2.3692307692307693E-003
   2.3692307692307693E-003
   2.4230769230769228E-003
   2.4230769230769228E-003
   2.4230769230769228E-003
   2.4230769230769228E-003
   2.4230769230769228E-003
   2.4230769230769228E-003
   2.4230769230769228E-003
   2.4230769230769228E-003
   2.4230769230769228E-003
   2.4230769230769228E-003
   2.4230769230769228E-003
   2.4230769230769228E-003
   2.4230769230769228E-003
   2.4769230769230771E-003
   2.4769230769230771E-003
   2.4769230769230771E-003
   2.4769230769230771E-003
   2.4769230769230771E-003
   2.4769230769230771E-003
   2.4769230769230771E-003
   2.4769230769230771E-003
   2.4769230769230771E-003
   2.4769230769230771E-003
   2.4769230769230771E-003
   2.4769230769230771E-003
   2.4769230769230771E-003
   2.5307692307692305E-003
   2.5307692307692305E-003
   2.5307692307692305E-003
   2.5307692307692305E-003
   2.5307692307692305E-003
   2.5307692307692305E-003
   2.5307692307692305E-003
   2.5307692307692305E-003
   2.5307692307692305E-003
   2.5307692307692305E-003
   2.5307692307692305E-003
   2.5307692307692305E-003
   2.5307692307692305E-003
   2.5846153846153844E-003
   2.5846153846153844E-003
   2.5846153846153844E-003
   2.5846153846153844E-003
   2.5846153846153844E-003
   2.5846153846153844E-003
   2.5846153846153844E-003
   2.5846153846153844E-003
   2.5846153846153844E-003
   2.5846153846153844E-003
   2.5846153846153844E-003
   2.5846153846153844E-003
   2.5846153846153844E-003
   2.6384615384615383E-003
   2.6384615384615383E-003
   2.6384615384615383E-003
   2.6384615384615383E-003
   2.6384615384615383E-003
   2.6384615384615383E-003
   2.6384615384615383E-003
   2.6384615384615383E-003
   2.6384615384615383E-003
   2.6384615384615383E-003
   2.6384615384615383E-003
   2.6384615384615383E-003
   2.6384615384615383E-003
   2.6923076923076922E-003
   2.6923076923076922E-003
   2.6923076923076922E-003
   2.6923076923076922E-003
   2.6923076923076922E-003
   2.6923076923076922E-003
   2.6923076923076922E-003
   2.6923076923076922E-003
   2.6923076923076922E-003
   2.6923076923076922E-003
   2.6923076923076922E-003
   2.6923076923076922E-003
   2.6923076923076922E-003
   2.7461538461538461E-003
   2.7461538461538461E-003
   2.7461538461538461E-003
   2.7461538461538461E-003
   2.7461538461538461E-003
   2.7461538461538461E-003
   2.7461538461538461E-003
   2.7461538461538461E-003
   2.7461538461538461E-003
   2.7461538461538461E-003
   2.7461538461538461E-003
   2.7461538461538461E-003
   2.7461538461538461E-003
   2.8000000000000000E-003
   2.8000000000000000E-003
   2.8000000000000000E-003
   2.8000000000000000E-003
   2.8000000000000000E-003
   2.8000000000000000E-003
   2.8000000000000000E-003
   2.8000000000000000E-003
   2.8000000000000000E-003
   2.8000000000000000E-003
   2.8000000000000000E-003
   2.8000000000000000E-003
   2.8000000000000000E-003
