# Created by Octave 4.2.2, Tue May 19 16:54:40 2020 CDT <jogabell@Jarvis>
# name: zi
# type: matrix
# rows: 1000
# columns: 1
 NaN
 NaN
 NaN
 NaN
 NaN
 NaN
 NaN
 NaN
 NaN
 NaN
 NaN
 NaN
 NaN
 NaN
 NaN
 NaN
 NaN
 NaN
 NaN
 NaN
 NaN
 NaN
 NaN
 NaN
 NaN
 NaN
 NaN
 NaN
 NaN
 NaN
 NaN
 NaN
 NaN
 NaN
 NaN
 NaN
 NaN
 NaN
 NaN
 NaN
 NaN
 NaN
 NaN
 NaN
 NaN
 NaN
 NaN
 NaN
 NaN
 NaN
 NaN
 NaN
 NaN
 NaN
 NaN
 NaN
 NaN
 NaN
 NaN
 NaN
 NaN
 NaN
 NaN
 NaN
 NaN
 NaN
 NaN
 NaN
 NaN
 NaN
 NaN
 NaN
 NaN
 NaN
 NaN
 NaN
 NaN
 682.4784423841096
 682.0758005840984
 681.6731587840871
 681.2705169840759
 680.8678751840645
 680.4652333840532
 680.0625915840423
 679.659949784031
 679.2573079840198
 678.8546661840085
 678.4520243839972
 678.049382583986
 677.6467407839748
 677.2440989839636
 676.8414571839523
 676.4388153839411
 676.0361735839299
 675.6335317839187
 675.2308899839073
 674.8282481838961
 674.4256063838849
 674.0229645838737
 673.6203227838624
 673.2176809838512
 672.8310412329732
 672.4637208401363
 672.0964004472993
 671.7290800544627
 671.3617596616257
 670.9944392687887
 670.6271188759519
 670.2597984831149
 669.8924780902781
 669.5251576974413
 669.1578373046043
 668.7905169117672
 668.4231965189305
 668.0558761260935
 667.6885557332566
 667.3212353404199
 666.9539149475829
 666.5865945547461
 666.2192741619091
 665.8519537690721
 665.4846333762353
 665.1173129833985
 664.7499925905615
 664.3826721977247
 664.0153518048877
 663.6480314120507
 663.2807110192139
 662.9133906263769
 662.5460702335401
 662.1787498407033
 661.811502324416
 661.4443742239124
 661.0772461234086
 660.7101180229051
 660.3429899224016
 659.975861821898
 659.6087337213943
 659.2416056208907
 658.8744775203871
 658.5073494198834
 658.1402213193796
 657.7730932188763
 657.4059651183728
 657.038837017869
 656.6717089173654
 656.3045808168617
 655.9374527163582
 655.5703246158546
 655.2031965153511
 654.8360684148473
 654.468940314344
 654.1018122138403
 653.7346841133367
 653.3780844218882
 653.0451736508138
 652.7122628797392
 652.3793521086648
 652.0464413375904
 651.7135305665159
 651.3806197954415
 651.0477090243671
 650.7147982532925
 650.3818874822182
 650.0489767111438
 649.7160659400693
 649.3831551689947
 649.0502443979203
 648.717333626846
 648.3844228557714
 648.0515120846969
 647.7186013136226
 647.3856905425482
 647.0527797714736
 646.7198690003991
 646.3869582293247
 646.0540474582504
 645.721136687176
 645.3882259161014
 645.055315145027
 644.7224043739525
 644.389493602878
 644.0565828318038
 643.7236720607291
 643.3907612896547
 643.0578505185802
 642.7249397475058
 642.3920289764312
 642.0591182053569
 641.7262074342825
 641.3932966632082
 641.0603858921335
 640.7274751210591
 640.3945643499846
 640.0616535789103
 639.7287428078358
 639.3958320367612
 639.0629212656869
 638.7300104946125
 638.3970997235378
 638.0641889524635
 637.742009010592
 637.4471481591378
 637.1522873076834
 636.8574264562291
 636.5625656047748
 636.2677047533207
 635.9728439018663
 635.6779830504121
 635.3831221989577
 635.0882613475035
 634.7934004960491
 634.4985396445949
 634.2036787931405
 633.9088179416864
 633.6139570902319
 633.3190962387778
 633.0242353873234
 632.7293745358692
 632.4345136844148
 632.1396528329605
 631.8447919815062
 631.549931130052
 631.2550702785978
 630.9602094271435
 630.6653485756891
 630.3704877242349
 630.0756268727806
 629.7807660213263
 629.4859051698719
 629.1910443184177
 628.9128478100199
 628.6540930351881
 628.3953382603562
 628.1365834855245
 627.8778287106926
 627.619073935861
 627.3603191610291
 627.1015643861974
 626.8428096113656
 626.5840548365339
 626.3253000617021
 626.0665452868705
 625.8077905120387
 625.5490357372069
 625.2902809623749
 625.0315261875432
 624.7727714127114
 624.5140166378798
 624.2552618630478
 623.9965070882162
 623.7377523133844
 623.4789975385526
 623.2202427637208
 622.9614879888891
 622.7027332140573
 622.4439784392256
 622.1852236643936
 621.9264688895618
 621.6677141147301
 621.4089593398983
 621.1502045650666
 620.8926555648069
 620.6369365441005
 620.3812175233942
 620.1254985026877
 619.8697794819815
 619.6140604612752
 619.3583414405687
 619.1026224198624
 618.846903399156
 618.5911843784496
 618.3354653577434
 618.0797463370369
 617.8240273163306
 617.5683082956241
 617.3125892749179
 617.0568702542115
 616.801151233505
 616.5454322127988
 616.2897131920924
 616.033994171386
 615.7782751506797
 615.5225561299733
 615.2668371092669
 615.0111180885607
 614.7553990678541
 614.4996800471479
 614.2439610264415
 613.9882420057351
 613.7325229850288
 613.4768039643224
 613.221084943616
 612.9653659229098
 612.7096469022034
 612.453927881497
 612.1982088607906
 611.9424898400842
 611.6867708193779
 611.4310517986715
 611.1753327779652
 610.919613757259
 610.6638947365525
 610.4115213491505
 610.1951700555929
 609.9788187620356
 609.7624674684781
 609.5461161749206
 609.3551803630112
 609.1801292271319
 609.0050780912527
 608.8300269553733
 608.6549758194941
 608.4799246836147
 608.3048735477355
 608.1298224118561
 607.9547712759768
 607.7797201400975
 607.6046690042182
 607.4296178683389
 607.2545185501104
 607.0786928056797
 606.902867061249
 606.7270413168183
 606.5512155723876
 606.3753898279568
 606.1995640835262
 606.0237383390955
 605.8479125946648
 605.6720868502341
 605.4962611058035
 605.3204353613727
 605.1446096169419
 604.9687838725113
 604.7929581280805
 604.6171323836498
 604.4413066392191
 604.2654808947883
 604.0896551503577
 603.913829405927
 603.7380036614964
 603.5621779170656
 603.3863521726348
 603.2105264282042
 603.0347006837735
 602.8588749393427
 602.683049194912
 602.5072234504813
 602.3313977060506
 602.1555719616199
 601.9797462171892
 601.8039204727585
 601.6280947283277
 601.4522689838971
 601.2764432394664
 601.1006174950356
 600.924791750605
 600.7489660061742
 600.5731402617436
 600.3973145173129
 600.2214887728821
 600.0456630284515
 599.8698372840206
 599.69401153959
 599.5181857951593
 599.3423600507286
 599.1665343062979
 598.9907085618672
 598.8148828174365
 598.6390570730057
 598.463231328575
 598.2874055841444
 598.1115798397137
 597.9357540952831
 597.7599283508523
 597.5841026064215
 597.4082768619909
 597.2324511175601
 597.0566253731294
 596.8807996286987
 596.7049738842679
 596.5291481398373
 596.3533223954066
 596.177496650976
 596.0016709065452
 595.8564307600574
 595.7203662929526
 595.5843018258478
 595.448237358743
 595.3121728916381
 595.1761084245333
 595.0400439574285
 594.9039794903236
 594.7679150232187
 594.6321868414462
 594.5024550211082
 594.3727232007702
 594.2429913804322
 594.1132595600942
 593.9835277397561
 593.8537959194182
 593.7240640990802
 593.5943322787422
 593.4646004584042
 593.3348686380663
 593.2051368177282
 593.0754049973903
 592.9456731770523
 592.8522954200314
 592.7639918424991
 592.6756882649665
 592.5873846874342
 592.4990811099018
 592.4107775323693
 592.3224739548369
 592.2341703773045
 592.145866799772
 592.0575632222397
 591.9692596447072
 591.8809560671748
 591.7926524896425
 591.7043489121099
 591.6160453345775
 591.5277417570452
 591.4394381795126
 591.3511346019802
 591.2628310244479
 591.1745274469154
 591.0862238693829
 590.9979202918506
 590.9096167143181
 590.8213131367858
 590.7330095592533
 590.6447059817208
 590.5564024041885
 590.4680988266559
 590.3797952491235
 590.2914916715912
 590.2031880940588
 590.1148845165263
 590.0265809389939
 589.9382773614615
 589.849973783929
 589.7616702063967
 589.6733666288642
 589.5850630513318
 589.4967594737994
 589.4084558962669
 589.3201523187345
 589.2318487412022
 589.1435451636696
 589.0552415861372
 588.9669380086049
 588.8786344310723
 588.79033085354
 588.7020272760075
 588.613723698475
 588.5254201209427
 588.4371165434103
 588.3488129658779
 588.2605093883454
 588.172205810813
 588.1268580257469
 588.085089890053
 588.0433217543591
 588.0015536186652
 587.9597854829714
 587.9180173472774
 587.8762492115835
 587.8344810758896
 587.7927129401958
 587.7509448045018
 587.7091766688079
 587.6674085331141
 587.6256403974202
 587.5838722617262
 587.5421041260324
 587.5003359903385
 587.4585678546447
 587.4167997189508
 587.3750315832568
 587.333263447563
 587.2914953118691
 587.2497271761752
 587.2079590404813
 587.1661909047874
 587.1244227690935
 587.0826546333997
 587.0408864977059
 586.9991183620119
 586.957350226318
 586.9155820906242
 586.8738139549301
 586.8320458192363
 586.7902776835425
 586.7485095478486
 586.7067414121547
 586.6649732764608
 586.6232051407669
 586.581437005073
 586.5396688693791
 586.4979007336852
 586.4561325979913
 586.4143644622974
 586.3725963266036
 586.3308281909096
 586.2890600552157
 586.2472919195219
 586.205523783828
 586.1637556481342
 586.1219875124402
 586.0802193767463
 586.0384512410524
 585.9966831053586
 585.983833750444
 585.9848755978284
 585.9859174452127
 585.986959292597
 585.9880011399815
 585.9890429873659
 585.9900848347502
 585.9911266821346
 585.9921685295189
 585.9932103769033
 585.9942522242877
 585.995294071672
 585.9963359190564
 585.9973777664408
 586.0011346601616
 586.0114322575605
 586.0217298549594
 586.0320274523583
 586.0423250497571
 586.0526226471561
 586.062920244555
 586.0732178419538
 586.0835154393527
 586.0938130367517
 586.1074936904092
 586.1617710191713
 586.2160483479331
 586.2703256766952
 586.3246030054571
 586.378880334219
 586.4331576629811
 586.487434991743
 586.5417123205051
 586.595989649267
 586.6502669780291
 586.704544306791
 586.758821635553
 586.8130989643149
 586.867376293077
 586.9216536218389
 586.975930950601
 587.0302082793629
 587.0844856081249
 587.1387629368868
 587.1930402656488
 587.2473175944109
 587.3015949231728
 587.3558722519348
 587.4101495806967
 587.4644269094588
 587.5187042382207
 587.5729815669827
 587.6272588957447
 587.6815362245067
 587.7358135532686
 587.7900908820305
 587.8443682107926
 587.8986455395545
 587.9529228683165
 588.0072001970785
 588.0614775258405
 588.1157548546024
 588.1700321833644
 588.2243095121264
 588.2785868408884
 588.3328641696503
 588.3871414984123
 588.4414188271743
 588.4956961559362
 588.5499734846982
 588.6042508134602
 588.6585281422222
 588.7128054709842
 588.7670827997462
 588.8213601285082
 588.87563745727
 588.9299147860321
 588.9841921147942
 589.0384694435561
 589.092746772318
 589.14702410108
 589.201301429842
 589.255578758604
 589.3098560873659
 589.364133416128
 589.4170675190982
 589.4695529886535
 589.5220384582091
 589.5745239277644
 589.6270093973199
 589.6794948668753
 589.7319803364305
 589.7844658059861
 589.8369512755414
 589.8894367450969
 589.9419222146523
 589.9944076842077
 590.0468931537631
 590.0993786233186
 590.151864092874
 590.2043495624293
 590.2668986390802
 590.3629930727152
 590.4590875063503
 590.5604082925511
 590.6685643377651
 590.7767203829792
 590.8848764281931
 591.0127129037373
 591.1606139385581
 591.3085149733787
 591.4564160081994
 591.60431704302
 591.7522180778406
 591.9001191126613
 592.0480201474818
 592.1959211823024
 592.3438222171231
 592.4917232519438
 592.6396242867644
 592.7875253215851
 592.9354263564056
 593.0833273912262
 593.2312284260469
 593.3791294608675
 593.5270304956882
 593.6749315305088
 593.8228325653295
 593.9707336001501
 594.1186346349707
 594.2665356697913
 594.4144367046119
 594.5623377394326
 594.7102387742533
 594.8581398090738
 595.0060408438944
 595.1539418787152
 595.3018429135358
 595.4497439483564
 595.597644983177
 595.7455460179976
 595.8934470528183
 596.0413480876389
 596.1892491224595
 596.3371501572802
 596.4850511921009
 596.6329522269215
 596.7808532617421
 596.9287542965627
 597.0791469841507
 597.2396460396252
 597.4001450950997
 597.5606441505743
 597.7211432060486
 597.8816422615231
 598.0421413169977
 598.2026403724722
 598.3631394279466
 598.5236384834212
 598.6841375388957
 598.8446365943701
 599.0051356498445
 599.165634705319
 599.3261337607935
 599.4866328162681
 599.6471318717425
 599.807630927217
 599.9681299826915
 600.128629038166
 600.2891280936404
 600.449627149115
 600.6101262045895
 600.770625260064
 600.9311243155385
 601.0916233710129
 601.2521224264873
 601.4126214819619
 601.5731205374364
 601.751070424245
 601.9569416411885
 602.1628128581319
 602.3686840750751
 602.5745552920185
 602.7804265089619
 602.9862977259052
 603.1921689428486
 603.3980401597919
 603.6039113767353
 603.8097825936787
 604.0156538106221
 604.2215250275655
 604.4273962445087
 604.6332674614521
 604.8391386783956
 605.0450098953388
 605.2508811122822
 605.4567523292255
 605.6626235461689
 605.8684947631123
 606.0743659800555
 606.280237196999
 606.4861084139424
 606.6919796308857
 606.8978508478291
 607.1037220647723
 607.3095932817158
 607.5154644986593
 607.7213357156024
 607.9272069325459
 608.1330781494893
 608.3389493664325
 608.544820583376
 608.7506918003193
 608.9565630172626
 609.1624342342061
 609.3683054511495
 609.5741766680927
 609.7800478850362
 610.0023015594195
 610.2545854392829
 610.5068693191463
 610.7591531990097
 611.0114370788731
 611.2637209587366
 611.5160048386
 611.7682887184634
 612.0205725983267
 612.2728564781902
 612.5251403580537
 612.777424237917
 613.0297081177805
 613.2819919976439
 613.5342758775074
 613.7865597573708
 614.0388436372342
 614.2911275170976
 614.543411396961
 614.7956952768245
 615.0479791566879
 615.3002630365513
 615.559974982013
 615.8267589809253
 616.0935429798376
 616.3603269787499
 616.6271109776623
 616.8938949765744
 617.1606789754869
 617.427462974399
 617.6942469733114
 617.9610309722235
 618.2278149711359
 618.4945989700482
 618.7613829689603
 619.0281669678726
 619.2949509667849
 619.586427356754
 619.8990686533434
 620.2117099499327
 620.5243512465224
 620.8369925431117
 621.1496338397011
 621.4622751362904
 621.7749164328799
 622.0875577294693
 622.4001990260587
 622.7128403226479
 623.0254816192373
 623.3381229158268
 623.6507642124161
 623.9634055090056
 624.2760468055951
 624.5886881021845
 624.9013293987738
 625.2139706953632
 625.5266119919527
 625.839253288542
 626.1518945851313
 626.4645358817208
 626.77717717831
 627.0898184748995
 627.4024597714889
 627.7151010680784
 628.0277423646677
 628.3403836612571
 628.6530249578466
 628.9656662544359
 629.2783075510253
 629.5909488476146
 629.9035901442043
 630.2162314407936
 630.5288727373829
 630.8415140339723
 631.1541553305616
 631.4667966271511
 631.7794379237405
 632.09207922033
 632.4047205169193
 632.7173618135087
 633.0300031100982
 633.3426444066873
 633.6552857032768
 633.9679269998662
 634.2805682964557
 634.5932095930452
 634.9058508896344
 635.2184921862239
 635.5311334828132
 635.8437747794027
 636.1564160759921
 636.4690573725816
 636.7816986691709
 637.0943399657602
 637.4069812623496
 637.7196225589389
 638.0322638555284
 638.3449051521178
 638.6575464487073
 638.9701877452965
 639.2828290418859
 639.5954703384755
 639.9081116350648
 640.2207529316543
 640.5333942282437
 640.8460355248332
 641.1586768214224
 641.4713181180118
 641.7839594146012
 642.0966007111905
 642.40924200778
 642.7218833043694
 643.0490363171247
 643.4162883919635
 643.8147608224516
 644.2271089665617
 644.6394571106719
 645.0518052547819
 645.4641533988921
 645.8765015430022
 646.2888496871119
 646.7011978312221
 647.113545975332
 647.5258941194421
 647.9382422635523
 648.3505904076623
 648.762938551772
 649.1752866958822
 649.5876348399922
 649.9999829841024
 650.4123311282125
 650.8246792723227
 651.2370274164326
 651.6493755605427
 652.0617237046526
 652.4740718487628
 652.8864199928729
 653.2987681369831
 653.7111162810928
 654.1234644252028
 654.535812569313
 654.948160713423
 655.360508857533
 655.7728570016433
 656.1852051457532
 656.5975532898634
 657.0099014339735
 657.4222495780833
 657.8345977221934
 658.2469458663036
 658.6592940104135
 659.0716421545236
 659.4839902986336
 659.8963384427437
 660.3086865868538
 660.7210347309638
 661.1333828750737
 661.5457310191839
 661.958079163294
 662.3778221063459
 662.80777345945
 663.2377248125542
 663.6676761656589
 664.0976275187631
 664.5275788718678
 664.9575302249717
 665.3874815780762
 665.8174329311806
 666.247384284285
 666.6773356373892
 667.1072869904937
 667.5372383435981
 667.9671896967023
 668.3971410498067
 668.8270924029109
 669.2570437560156
 669.6869951091198
 670.1169464622243
 670.5468978153284
 670.9768491684328
 671.4068005215372
 671.8367518746417
 672.2667032277459
 672.6966545808502
 673.1266059339547
 673.5565572870591
 673.9865086401634
 674.4164599932676
 674.846411346372
 675.2763626994764
 675.7063140525809
 676.1741300158526
 676.6488304537007
 677.1235308915487
 677.598231329397
 678.072931767245
 678.5476322050932
 679.0223326429411
 679.4970330807892
 679.9717335186374
 680.4464339564852
 680.9211343943332
 681.3958348321814
 681.8705352700293
 682.3452357078774
 682.8199361457254
 683.2946365835736
 683.7693370214216
 684.2440374592696
 684.7187378971178
 685.1934383349658
 685.6681387728138
 686.142839210662
 686.6175396485098
 687.0922400863578
 687.5669405242058
 688.0416409620542
 688.5163413999022
 688.99104183775
 689.4657422755982
 689.9404427134463
 690.4151431512942
 690.8898435891424
 691.3645440269904
 691.8392444648384
 692.3139449026867
 692.8011048694374
 693.3255383138068
 693.8499717581766
 694.3744052025464
 694.8988386469158
 695.4232720912852
 695.947705535655
 696.4721389800249
 696.9965724243942
 697.5210058687641
 698.0454393131339
 698.5698727575034
 699.0943062018731
 699.6187396462426
 700.1431730906124
 700.6676065349823
 701.1920399793516
 701.7164734237215
 702.2409068680909
 702.7653403124607
 703.2897737568305
 703.8142072012004
 704.3386406455702
 704.8630740899396
 705.3875075343094
 705.9204056607849
 706.4639030596513
 707.0074004585177
 707.5508978573841
 708.0943952562506
 708.637892655117
 709.1813900539834
 709.7248874528498
 710.2683848517162
 710.8118822505826
 711.355379649449
 711.8988770483159
 712.4423744471818
 712.9858718460487
 713.5293692449146
 714.072866643781
 714.6163640426474


