 3080.7481436484045
 3894.5704965716077
 4452.797304806266
 5176.9974647044955
 5629.065474328242
 6120.609162029579
 6223.953189095004
 6018.981084233943
 5820.7592813907095
 5535.599107043972
 5091.037344206248
 4604.434138900409
 4164.3406453497555
 4027.197315137805
 3581.7990888212653
 3239.4494261605832
 2649.788245860679
 2279.1144944377975
 1895.7356524063734
 1524.9165339518104
 1186.2358081511088
 938.3560439098088
 694.1888011934251
 549.1288095826696
 379.92467317558976
 305.6087567094532
 184.93355013135073
 146.28922284678222
 93.08447512053613
 72.4106107530869
 64.40217335303895
 56.32836778469723
 37.062561177065234
 26.515635240895797
 25.21662890809975
 25.21662890809975
 24.797925890708218
 22.055335611723486
