 3195.85565762413
 4117.929423849643
 4774.183226072842
 5535.020912234937
 6151.638774609197
 6417.109492481517
 6694.036458782864
 6554.110534822622
 6282.972192749387
 5897.150369276542
 5306.041497635442
 4876.108879525661
 4387.345487499562
 3947.573957486208
 3477.6382477858524
 2999.606045250629
 2587.283606175184
 2184.9904407280233
 1806.6779075568406
 1525.7600473579143
 1261.5876565921988
 999.999999999998
 759.8606327722248
 565.318994694511
 420.584449277834
 306.3645649887813
 218.49904407280212
 146.26405672325458
 104.31544711253258
 71.31994657437073
 64.17109492481511
 57.73881812370065
 36.27713887134263
 26.425203995154515
 25.332014314857602
 25.332014314857602
 24.28404902250971
 21.849904407280235