5765.9594676739725
8133.246678187687
9911.535245811201
11372.763715006082
13162.377080608361
14098.337748617147
14590.319118930516
14339.768422828656
13972.91828991779
13154.80875676229
12278.620952541736
10978.198997980637
10159.215369786774
9482.472699450545
8551.436845457527
7580.332111202321
6272.627388184419
5190.432006165821
4294.97996811969
3584.7459657649792
2865.996786306345
2194.873351733611
1555.6897228809303
1201.6907960731164
859.0899079597411
630.2256521972695
399.4276832531381
313.894354409655
220.56270281490134
154.9727374127226
139.7427721715538
122.79917463044083
102.46786932531376
79.12546447953886
69.49859386275145
76.98626472905778
63.110006730774124
61.97819161491444