5759.15
6355.3
8534.46
10494.77
11893.57
13235.07
13852.32
13973.38
13803.67
13239.73
12180.4
11136.19
10151.27
9369.24
8373.86
7292.85
6272.2
5247.41
4248.48
3280.81
2705.17
1942.87
1339.49
1000.32
630.46
975.85
2628.92
2903.55
3974.05
4773.37
5488.53
6124.17
6380.53
6504.38
6544.74
6167.05
5596.53
5132.87
4576.28
4248.31
3891.56
3246.59
2966.71
2463.79
1972.82
1545.94
1221.06
977.3
620.53
426.17
301.57
411.4
43504.99
46966.57
63485.63
76934.91
88047.17
97812.35
101805.34
102909.09
101812.07
96715.37
89220.54
80069.26
73138.29
67508.07
60948.59
53402.91
45938.12
37836.5
30646.96
24525.68
19596.66
14280.93
10216.32
6865.15
4710.2
6817.14
40475.91
43872.08
58334.3
72615.8
82745.6
90941.93
95881.64
96511.96
95573.98
91182.62
83672.54
75609.34
69013.41
63571.69
57279.22
50618.76
43227.27
35965.16
28804.33
23344.94
18241.67
13488.15
9549.35
6594.67
4535.49
6629.39
3680.3
3937.67
5344.38
6346.55
7365.37
8066.63
8639.05
8672.25
8302.25
8074.26
7662.91
6694.24
6029.74
5605.63
5147.87
4482.81
3882.97
3206.08
2556.13
1996.36
1608.62
1180.04
883.35
592.26
359.84
616.31
5971.1
6415.86
8769.35
10720.31
12196.93
13460.89
14390.21
14374.36
14151.51
13584.82
12152.35
11240.89
10286.61
9428.47
8602.81
7448.73
6455.94
5400.07
4353.11
3394.39
2705.69
2054.23
1491.68
1016.02
656.85
990.78