0.0815367 0.00254392 
0.0815367 0.00254673 
0.0815367 0.00254955 
0.0815367 0.00255236 
0.0815367 0.00255518 
0.0815367 0.00255799 
0.0815367 0.0025608 
0.0815367 0.00256362 
0.081645 0.00252141 
0.081645 0.00252422 
0.081645 0.00252704 
0.081645 0.00252985 
0.081645 0.00253266 
0.081645 0.00253548 
0.081645 0.00253829 
0.081645 0.00254111 
0.081645 0.00254392 
0.081645 0.00254673 
0.081645 0.00254955 
0.081645 0.00255236 
0.081645 0.00255518 
0.081645 0.00255799 
0.081645 0.0025608 
0.081645 0.00256362 
0.081645 0.00256643 
0.081645 0.00256925 
0.0817533 0.00251578 
0.0817533 0.00251859 
0.0817533 0.00252141 
0.0817533 0.00252422 
0.0817533 0.00252704 
0.0817533 0.00252985 
0.0817533 0.00253266 
0.0817533 0.00253548 
0.0817533 0.00253829 
0.0817533 0.00254111 
0.0817533 0.00254392 
0.0817533 0.00254673 
0.0817533 0.00254955 
0.0817533 0.00255236 
0.0817533 0.00255518 
0.0817533 0.00255799 
0.0817533 0.0025608 
0.0817533 0.00256362 
0.0817533 0.00256643 
0.0817533 0.00256925 
0.0817533 0.00257206 
0.0817533 0.00257487 
0.0817533 0.00257769 
0.0818617 0.00251015 
0.0818617 0.00251296 
0.0818617 0.00251578 
0.0818617 0.00251859 
0.0818617 0.00252141 
0.0818617 0.00252422 
0.0818617 0.00252704 
0.0818617 0.00252985 
0.0818617 0.00253266 
0.0818617 0.00253548 
0.0818617 0.00253829 
0.0818617 0.00254111 
0.0818617 0.00254392 
0.0818617 0.00254673 
0.0818617 0.00254955 
0.0818617 0.00255236 
0.0818617 0.00255518 
0.0818617 0.00255799 
0.0818617 0.0025608 
0.0818617 0.00256362 
0.0818617 0.00256643 
0.0818617 0.00256925 
0.0818617 0.00257206 
0.0818617 0.00257487 
0.0818617 0.00257769 
0.0818617 0.0025805 
0.0818617 0.00258332 
0.08197 0.00250452 
0.08197 0.00250734 
0.08197 0.00251015 
0.08197 0.00251296 
0.08197 0.00251578 
0.08197 0.00251859 
0.08197 0.00252141 
0.08197 0.00252422 
0.08197 0.00252704 
0.08197 0.00252985 
0.08197 0.00253266 
0.08197 0.00253548 
0.08197 0.00253829 
0.08197 0.00254111 
0.08197 0.00254392 
0.08197 0.00254673 
0.08197 0.00254955 
0.08197 0.00255236 
0.08197 0.00255518 
0.08197 0.00255799 
0.08197 0.0025608 
0.08197 0.00256362 
0.08197 0.00256643 
0.08197 0.00256925 
0.08197 0.00257206 
0.08197 0.00257487 
0.08197 0.00257769 
0.08197 0.0025805 
0.08197 0.00258332 
0.08197 0.00258613 
0.08197 0.00258894 
0.0820783 0.00250171 
0.0820783 0.00250452 
0.0820783 0.00250734 
0.0820783 0.00251015 
0.0820783 0.00251296 
0.0820783 0.00251578 
0.0820783 0.00251859 
0.0820783 0.00252141 
0.0820783 0.00252422 
0.0820783 0.00252704 
0.0820783 0.00252985 
0.0820783 0.00253266 
0.0820783 0.00253548 
0.0820783 0.00253829 
0.0820783 0.00254111 
0.0820783 0.00254392 
0.0820783 0.00254673 
0.0820783 0.00254955 
0.0820783 0.00255236 
0.0820783 0.00255518 
0.0820783 0.00255799 
0.0820783 0.0025608 
0.0820783 0.00256362 
0.0820783 0.00256643 
0.0820783 0.00256925 
0.0820783 0.00257206 
0.0820783 0.00257487 
0.0820783 0.00257769 
0.0820783 0.0025805 
0.0820783 0.00258332 
0.0820783 0.00258613 
0.0820783 0.00258894 
0.0820783 0.00259176 
0.0820783 0.00259457 
0.0821866 0.00249608 
0.0821866 0.00249889 
0.0821866 0.00250171 
0.0821866 0.00250452 
0.0821866 0.00250734 
0.0821866 0.00251015 
0.0821866 0.00251296 
0.0821866 0.00251578 
0.0821866 0.00251859 
0.0821866 0.00252141 
0.0821866 0.00252422 
0.0821866 0.00252704 
0.0821866 0.00252985 
0.0821866 0.00253266 
0.0821866 0.00253548 
0.0821866 0.00253829 
0.0821866 0.00254111 
0.0821866 0.00254392 
0.0821866 0.00254673 
0.0821866 0.00254955 
0.0821866 0.00255236 
0.0821866 0.00255518 
0.0821866 0.00255799 
0.0821866 0.0025608 
0.0821866 0.00256362 
0.0821866 0.00256643 
0.0821866 0.00256925 
0.0821866 0.00257206 
0.0821866 0.00257487 
0.0821866 0.00257769 
0.0821866 0.0025805 
0.0821866 0.00258332 
0.0821866 0.00258613 
0.0821866 0.00258894 
0.0821866 0.00259176 
0.0821866 0.00259457 
0.0821866 0.00259739 
0.0821866 0.0026002 
0.0822949 0.00249045 
0.0822949 0.00249327 
0.0822949 0.00249608 
0.0822949 0.00249889 
0.0822949 0.00250171 
0.0822949 0.00250452 
0.0822949 0.00250734 
0.0822949 0.00251015 
0.0822949 0.00251296 
0.0822949 0.00251578 
0.0822949 0.00251859 
0.0822949 0.00252141 
0.0822949 0.00252422 
0.0822949 0.00252704 
0.0822949 0.00252985 
0.0822949 0.00253266 
0.0822949 0.00253548 
0.0822949 0.00253829 
0.0822949 0.00254111 
0.0822949 0.00254392 
0.0822949 0.00254673 
0.0822949 0.00254955 
0.0822949 0.00255236 
0.0822949 0.00255518 
0.0822949 0.00255799 
0.0822949 0.0025608 
0.0822949 0.00256362 
0.0822949 0.00256643 
0.0822949 0.00256925 
0.0822949 0.00257206 
0.0822949 0.00257487 
0.0822949 0.00257769 
0.0822949 0.0025805 
0.0822949 0.00258332 
0.0822949 0.00258613 
0.0822949 0.00258894 
0.0822949 0.00259176 
0.0822949 0.00259457 
0.0822949 0.00259739 
0.0822949 0.0026002 
0.0822949 0.00260302 
0.0824032 0.00248482 
0.0824032 0.00248764 
0.0824032 0.00249045 
0.0824032 0.00249327 
0.0824032 0.00249608 
0.0824032 0.00249889 
0.0824032 0.00250171 
0.0824032 0.00250452 
0.0824032 0.00250734 
0.0824032 0.00251015 
0.0824032 0.00251296 
0.0824032 0.00251578 
0.0824032 0.00251859 
0.0824032 0.00252141 
0.0824032 0.00252422 
0.0824032 0.00252704 
0.0824032 0.00252985 
0.0824032 0.00253266 
0.0824032 0.00253548 
0.0824032 0.00253829 
0.0824032 0.00254111 
0.0824032 0.00254392 
0.0824032 0.00254673 
0.0824032 0.00254955 
0.0824032 0.00255236 
0.0824032 0.00255518 
0.0824032 0.00255799 
0.0824032 0.0025608 
0.0824032 0.00256362 
0.0824032 0.00256643 
0.0824032 0.00256925 
0.0824032 0.00257206 
0.0824032 0.00257487 
0.0824032 0.00257769 
0.0824032 0.0025805 
0.0824032 0.00258332 
0.0824032 0.00258613 
0.0824032 0.00258894 
0.0824032 0.00259176 
0.0824032 0.00259457 
0.0824032 0.00259739 
0.0824032 0.0026002 
0.0824032 0.00260302 
0.0825115 0.00248201 
0.0825115 0.00248482 
0.0825115 0.00248764 
0.0825115 0.00249045 
0.0825115 0.00249327 
0.0825115 0.00249608 
0.0825115 0.00249889 
0.0825115 0.00250171 
0.0825115 0.00250452 
0.0825115 0.00250734 
0.0825115 0.00251015 
0.0825115 0.00251296 
0.0825115 0.00251578 
0.0825115 0.00251859 
0.0825115 0.00252141 
0.0825115 0.00252422 
0.0825115 0.00252704 
0.0825115 0.00252985 
0.0825115 0.00253266 
0.0825115 0.00253548 
0.0825115 0.00253829 
0.0825115 0.00254111 
0.0825115 0.00254392 
0.0825115 0.00254673 
0.0825115 0.00254955 
0.0825115 0.00255236 
0.0825115 0.00255518 
0.0825115 0.00255799 
0.0825115 0.0025608 
0.0825115 0.00256362 
0.0825115 0.00256643 
0.0825115 0.00256925 
0.0825115 0.00257206 
0.0825115 0.00257487 
0.0825115 0.00257769 
0.0825115 0.0025805 
0.0825115 0.00258332 
0.0825115 0.00258613 
0.0825115 0.00258894 
0.0825115 0.00259176 
0.0825115 0.00259457 
0.0825115 0.00259739 
0.0825115 0.0026002 
0.0825115 0.00260302 
0.0825115 0.00260583 
0.0826198 0.0024792 
0.0826198 0.00248201 
0.0826198 0.00248482 
0.0826198 0.00248764 
0.0826198 0.00249045 
0.0826198 0.00249327 
0.0826198 0.00249608 
0.0826198 0.00249889 
0.0826198 0.00250171 
0.0826198 0.00250452 
0.0826198 0.00250734 
0.0826198 0.00251015 
0.0826198 0.00251296 
0.0826198 0.00251578 
0.0826198 0.00251859 
0.0826198 0.00252141 
0.0826198 0.00252422 
0.0826198 0.00252704 
0.0826198 0.00252985 
0.0826198 0.00253266 
0.0826198 0.00253548 
0.0826198 0.00253829 
0.0826198 0.00254111 
0.0826198 0.00254392 
0.0826198 0.00254673 
0.0826198 0.00254955 
0.0826198 0.00255236 
0.0826198 0.00255518 
0.0826198 0.00255799 
0.0826198 0.0025608 
0.0826198 0.00256362 
0.0826198 0.00256643 
0.0826198 0.00256925 
0.0826198 0.00257206 
0.0826198 0.00257487 
0.0826198 0.00257769 
0.0826198 0.0025805 
0.0826198 0.00258332 
0.0826198 0.00258613 
0.0826198 0.00258894 
0.0826198 0.00259176 
0.0826198 0.00259457 
0.0826198 0.00259739 
0.0826198 0.0026002 
0.0826198 0.00260302 
0.0826198 0.00260583 
0.0827281 0.0024792 
0.0827281 0.00248201 
0.0827281 0.00248482 
0.0827281 0.00248764 
0.0827281 0.00249045 
0.0827281 0.00249327 
0.0827281 0.00249608 
0.0827281 0.00249889 
0.0827281 0.00250171 
0.0827281 0.00250452 
0.0827281 0.00250734 
0.0827281 0.00251015 
0.0827281 0.00251296 
0.0827281 0.00251578 
0.0827281 0.00251859 
0.0827281 0.00252141 
0.0827281 0.00252422 
0.0827281 0.00252704 
0.0827281 0.00252985 
0.0827281 0.00253266 
0.0827281 0.00253548 
0.0827281 0.00253829 
0.0827281 0.00254111 
0.0827281 0.00254392 
0.0827281 0.00254673 
0.0827281 0.00254955 
0.0827281 0.00255236 
0.0827281 0.00255518 
0.0827281 0.00255799 
0.0827281 0.0025608 
0.0827281 0.00256362 
0.0827281 0.00256643 
0.0827281 0.00256925 
0.0827281 0.00257206 
0.0827281 0.00257487 
0.0827281 0.00257769 
0.0827281 0.0025805 
0.0827281 0.00258332 
0.0827281 0.00258613 
0.0827281 0.00258894 
0.0827281 0.00259176 
0.0827281 0.00259457 
0.0827281 0.00259739 
0.0827281 0.0026002 
0.0827281 0.00260302 
0.0827281 0.00260583 
0.0827281 0.00260864 
0.0828365 0.00247638 
0.0828365 0.0024792 
0.0828365 0.00248201 
0.0828365 0.00248482 
0.0828365 0.00248764 
0.0828365 0.00249045 
0.0828365 0.00249327 
0.0828365 0.00249608 
0.0828365 0.00249889 
0.0828365 0.00250171 
0.0828365 0.00250452 
0.0828365 0.00250734 
0.0828365 0.00251015 
0.0828365 0.00251296 
0.0828365 0.00251578 
0.0828365 0.00251859 
0.0828365 0.00252141 
0.0828365 0.00252422 
0.0828365 0.00252704 
0.0828365 0.00252985 
0.0828365 0.00253266 
0.0828365 0.00253548 
0.0828365 0.00253829 
0.0828365 0.00254111 
0.0828365 0.00254392 
0.0828365 0.00254673 
0.0828365 0.00254955 
0.0828365 0.00255236 
0.0828365 0.00255518 
0.0828365 0.00255799 
0.0828365 0.0025608 
0.0828365 0.00256362 
0.0828365 0.00256643 
0.0828365 0.00256925 
0.0828365 0.00257206 
0.0828365 0.00257487 
0.0828365 0.00257769 
0.0828365 0.0025805 
0.0828365 0.00258332 
0.0828365 0.00258613 
0.0828365 0.00258894 
0.0828365 0.00259176 
0.0828365 0.00259457 
0.0828365 0.00259739 
0.0828365 0.0026002 
0.0828365 0.00260302 
0.0828365 0.00260583 
0.0828365 0.00260864 
0.0829448 0.00247357 
0.0829448 0.00247638 
0.0829448 0.0024792 
0.0829448 0.00248201 
0.0829448 0.00248482 
0.0829448 0.00248764 
0.0829448 0.00249045 
0.0829448 0.00249327 
0.0829448 0.00249608 
0.0829448 0.00249889 
0.0829448 0.00250171 
0.0829448 0.00250452 
0.0829448 0.00250734 
0.0829448 0.00251015 
0.0829448 0.00251296 
0.0829448 0.00251578 
0.0829448 0.00251859 
0.0829448 0.00252141 
0.0829448 0.00252422 
0.0829448 0.00252704 
0.0829448 0.00252985 
0.0829448 0.00253266 
0.0829448 0.00253548 
0.0829448 0.00253829 
0.0829448 0.00254111 
0.0829448 0.00254392 
0.0829448 0.00254673 
0.0829448 0.00254955 
0.0829448 0.00255236 
0.0829448 0.00255518 
0.0829448 0.00255799 
0.0829448 0.0025608 
0.0829448 0.00256362 
0.0829448 0.00256643 
0.0829448 0.00256925 
0.0829448 0.00257206 
0.0829448 0.00257487 
0.0829448 0.00257769 
0.0829448 0.0025805 
0.0829448 0.00258332 
0.0829448 0.00258613 
0.0829448 0.00258894 
0.0829448 0.00259176 
0.0829448 0.00259457 
0.0829448 0.00259739 
0.0829448 0.0026002 
0.0829448 0.00260302 
0.0829448 0.00260583 
0.0829448 0.00260864 
0.0829448 0.00261146 
0.0830531 0.00247075 
0.0830531 0.00247357 
0.0830531 0.00247638 
0.0830531 0.0024792 
0.0830531 0.00248201 
0.0830531 0.00248482 
0.0830531 0.00248764 
0.0830531 0.00249045 
0.0830531 0.00249327 
0.0830531 0.00249608 
0.0830531 0.00249889 
0.0830531 0.00250171 
0.0830531 0.00250452 
0.0830531 0.00250734 
0.0830531 0.00251015 
0.0830531 0.00251296 
0.0830531 0.00251578 
0.0830531 0.00251859 
0.0830531 0.00252141 
0.0830531 0.00252422 
0.0830531 0.00252704 
0.0830531 0.00252985 
0.0830531 0.00253266 
0.0830531 0.00253548 
0.0830531 0.00253829 
0.0830531 0.00254111 
0.0830531 0.00254392 
0.0830531 0.00254673 
0.0830531 0.00254955 
0.0830531 0.00255236 
0.0830531 0.00255518 
0.0830531 0.00255799 
0.0830531 0.0025608 
0.0830531 0.00256362 
0.0830531 0.00256643 
0.0830531 0.00256925 
0.0830531 0.00257206 
0.0830531 0.00257487 
0.0830531 0.00257769 
0.0830531 0.0025805 
0.0830531 0.00258332 
0.0830531 0.00258613 
0.0830531 0.00258894 
0.0830531 0.00259176 
0.0830531 0.00259457 
0.0830531 0.00259739 
0.0830531 0.0026002 
0.0830531 0.00260302 
0.0830531 0.00260583 
0.0830531 0.00260864 
0.0830531 0.00261146 
0.0831614 0.00247075 
0.0831614 0.00247357 
0.0831614 0.00247638 
0.0831614 0.0024792 
0.0831614 0.00248201 
0.0831614 0.00248482 
0.0831614 0.00248764 
0.0831614 0.00249045 
0.0831614 0.00249327 
0.0831614 0.00249608 
0.0831614 0.00249889 
0.0831614 0.00250171 
0.0831614 0.00250452 
0.0831614 0.00250734 
0.0831614 0.00251015 
0.0831614 0.00251296 
0.0831614 0.00251578 
0.0831614 0.00251859 
0.0831614 0.00252141 
0.0831614 0.00252422 
0.0831614 0.00252704 
0.0831614 0.00252985 
0.0831614 0.00253266 
0.0831614 0.00253548 
0.0831614 0.00253829 
0.0831614 0.00254111 
0.0831614 0.00254392 
0.0831614 0.00254673 
0.0831614 0.00254955 
0.0831614 0.00255236 
0.0831614 0.00255518 
0.0831614 0.00255799 
0.0831614 0.0025608 
0.0831614 0.00256362 
0.0831614 0.00256643 
0.0831614 0.00256925 
0.0831614 0.00257206 
0.0831614 0.00257487 
0.0831614 0.00257769 
0.0831614 0.0025805 
0.0831614 0.00258332 
0.0831614 0.00258613 
0.0831614 0.00258894 
0.0831614 0.00259176 
0.0831614 0.00259457 
0.0831614 0.00259739 
0.0831614 0.0026002 
0.0831614 0.00260302 
0.0831614 0.00260583 
0.0831614 0.00260864 
0.0831614 0.00261146 
0.0831614 0.00261427 
0.0832697 0.00246794 
0.0832697 0.00247075 
0.0832697 0.00247357 
0.0832697 0.00247638 
0.0832697 0.0024792 
0.0832697 0.00248201 
0.0832697 0.00248482 
0.0832697 0.00248764 
0.0832697 0.00249045 
0.0832697 0.00249327 
0.0832697 0.00249608 
0.0832697 0.00249889 
0.0832697 0.00250171 
0.0832697 0.00250452 
0.0832697 0.00250734 
0.0832697 0.00251015 
0.0832697 0.00251296 
0.0832697 0.00251578 
0.0832697 0.00251859 
0.0832697 0.00252141 
0.0832697 0.00252422 
0.0832697 0.00252704 
0.0832697 0.00252985 
0.0832697 0.00253266 
0.0832697 0.00253548 
0.0832697 0.00253829 
0.0832697 0.00254111 
0.0832697 0.00254392 
0.0832697 0.00254673 
0.0832697 0.00254955 
0.0832697 0.00255236 
0.0832697 0.00255518 
0.0832697 0.00255799 
0.0832697 0.0025608 
0.0832697 0.00256362 
0.0832697 0.00256643 
0.0832697 0.00256925 
0.0832697 0.00257206 
0.0832697 0.00257487 
0.0832697 0.00257769 
0.0832697 0.0025805 
0.0832697 0.00258332 
0.0832697 0.00258613 
0.0832697 0.00258894 
0.0832697 0.00259176 
0.0832697 0.00259457 
0.0832697 0.00259739 
0.0832697 0.0026002 
0.0832697 0.00260302 
0.0832697 0.00260583 
0.0832697 0.00260864 
0.0832697 0.00261146 
0.0832697 0.00261427 
0.083378 0.00246513 
0.083378 0.00246794 
0.083378 0.00247075 
0.083378 0.00247357 
0.083378 0.00247638 
0.083378 0.0024792 
0.083378 0.00248201 
0.083378 0.00248482 
0.083378 0.00248764 
0.083378 0.00249045 
0.083378 0.00249327 
0.083378 0.00249608 
0.083378 0.00249889 
0.083378 0.00250171 
0.083378 0.00250452 
0.083378 0.00250734 
0.083378 0.00251015 
0.083378 0.00251296 
0.083378 0.00251578 
0.083378 0.00251859 
0.083378 0.00252141 
0.083378 0.00252422 
0.083378 0.00252704 
0.083378 0.00252985 
0.083378 0.00253266 
0.083378 0.00253548 
0.083378 0.00253829 
0.083378 0.00254111 
0.083378 0.00254392 
0.083378 0.00254673 
0.083378 0.00254955 
0.083378 0.00255236 
0.083378 0.00255518 
0.083378 0.00255799 
0.083378 0.0025608 
0.083378 0.00256362 
0.083378 0.00256643 
0.083378 0.00256925 
0.083378 0.00257206 
0.083378 0.00257487 
0.083378 0.00257769 
0.083378 0.0025805 
0.083378 0.00258332 
0.083378 0.00258613 
0.083378 0.00258894 
0.083378 0.00259176 
0.083378 0.00259457 
0.083378 0.00259739 
0.083378 0.0026002 
0.083378 0.00260302 
0.083378 0.00260583 
0.083378 0.00260864 
0.083378 0.00261146 
0.083378 0.00261427 
0.083378 0.00261709 
0.0834863 0.00246513 
0.0834863 0.00246794 
0.0834863 0.00247075 
0.0834863 0.00247357 
0.0834863 0.00247638 
0.0834863 0.0024792 
0.0834863 0.00248201 
0.0834863 0.00248482 
0.0834863 0.00248764 
0.0834863 0.00249045 
0.0834863 0.00249327 
0.0834863 0.00249608 
0.0834863 0.00249889 
0.0834863 0.00250171 
0.0834863 0.00250452 
0.0834863 0.00250734 
0.0834863 0.00251015 
0.0834863 0.00251296 
0.0834863 0.00251578 
0.0834863 0.00251859 
0.0834863 0.00252141 
0.0834863 0.00252422 
0.0834863 0.00252704 
0.0834863 0.00252985 
0.0834863 0.00253266 
0.0834863 0.00253548 
0.0834863 0.00253829 
0.0834863 0.00254111 
0.0834863 0.00254392 
0.0834863 0.00254673 
0.0834863 0.00254955 
0.0834863 0.00255236 
0.0834863 0.00255518 
0.0834863 0.00255799 
0.0834863 0.0025608 
0.0834863 0.00256362 
0.0834863 0.00256643 
0.0834863 0.00256925 
0.0834863 0.00257206 
0.0834863 0.00257487 
0.0834863 0.00257769 
0.0834863 0.0025805 
0.0834863 0.00258332 
0.0834863 0.00258613 
0.0834863 0.00258894 
0.0834863 0.00259176 
0.0834863 0.00259457 
0.0834863 0.00259739 
0.0834863 0.0026002 
0.0834863 0.00260302 
0.0834863 0.00260583 
0.0834863 0.00260864 
0.0834863 0.00261146 
0.0834863 0.00261427 
0.0834863 0.00261709 
0.0835946 0.00246231 
0.0835946 0.00246513 
0.0835946 0.00246794 
0.0835946 0.00247075 
0.0835946 0.00247357 
0.0835946 0.00247638 
0.0835946 0.0024792 
0.0835946 0.00248201 
0.0835946 0.00248482 
0.0835946 0.00248764 
0.0835946 0.00249045 
0.0835946 0.00249327 
0.0835946 0.00249608 
0.0835946 0.00249889 
0.0835946 0.00250171 
0.0835946 0.00250452 
0.0835946 0.00250734 
0.0835946 0.00251015 
0.0835946 0.00251296 
0.0835946 0.00251578 
0.0835946 0.00251859 
0.0835946 0.00252141 
0.0835946 0.00252422 
0.0835946 0.00252704 
0.0835946 0.00252985 
0.0835946 0.00253266 
0.0835946 0.00253548 
0.0835946 0.00253829 
0.0835946 0.00254111 
0.0835946 0.00254392 
0.0835946 0.00254673 
0.0835946 0.00254955 
0.0835946 0.00255236 
0.0835946 0.00255518 
0.0835946 0.00255799 
0.0835946 0.0025608 
0.0835946 0.00256362 
0.0835946 0.00256643 
0.0835946 0.00256925 
0.0835946 0.00257206 
0.0835946 0.00257487 
0.0835946 0.00257769 
0.0835946 0.0025805 
0.0835946 0.00258332 
0.0835946 0.00258613 
0.0835946 0.00258894 
0.0835946 0.00259176 
0.0835946 0.00259457 
0.0835946 0.00259739 
0.0835946 0.0026002 
0.0835946 0.00260302 
0.0835946 0.00260583 
0.0835946 0.00260864 
0.0835946 0.00261146 
0.0835946 0.00261427 
0.0835946 0.00261709 
0.0835946 0.0026199 
0.0837029 0.0024595 
0.0837029 0.00246231 
0.0837029 0.00246513 
0.0837029 0.00246794 
0.0837029 0.00247075 
0.0837029 0.00247357 
0.0837029 0.00247638 
0.0837029 0.0024792 
0.0837029 0.00248201 
0.0837029 0.00248482 
0.0837029 0.00248764 
0.0837029 0.00249045 
0.0837029 0.00249327 
0.0837029 0.00249608 
0.0837029 0.00249889 
0.0837029 0.00250171 
0.0837029 0.00250452 
0.0837029 0.00250734 
0.0837029 0.00251015 
0.0837029 0.00251296 
0.0837029 0.00251578 
0.0837029 0.00251859 
0.0837029 0.00252141 
0.0837029 0.00252422 
0.0837029 0.00252704 
0.0837029 0.00252985 
0.0837029 0.00253266 
0.0837029 0.00253548 
0.0837029 0.00253829 
0.0837029 0.00254111 
0.0837029 0.00254392 
0.0837029 0.00254673 
0.0837029 0.00254955 
0.0837029 0.00255236 
0.0837029 0.00255518 
0.0837029 0.00255799 
0.0837029 0.0025608 
0.0837029 0.00256362 
0.0837029 0.00256643 
0.0837029 0.00256925 
0.0837029 0.00257206 
0.0837029 0.00257487 
0.0837029 0.00257769 
0.0837029 0.0025805 
0.0837029 0.00258332 
0.0837029 0.00258613 
0.0837029 0.00258894 
0.0837029 0.00259176 
0.0837029 0.00259457 
0.0837029 0.00259739 
0.0837029 0.0026002 
0.0837029 0.00260302 
0.0837029 0.00260583 
0.0837029 0.00260864 
0.0837029 0.00261146 
0.0837029 0.00261427 
0.0837029 0.00261709 
0.0837029 0.0026199 
0.0838113 0.0024595 
0.0838113 0.00246231 
0.0838113 0.00246513 
0.0838113 0.00246794 
0.0838113 0.00247075 
0.0838113 0.00247357 
0.0838113 0.00247638 
0.0838113 0.0024792 
0.0838113 0.00248201 
0.0838113 0.00248482 
0.0838113 0.00248764 
0.0838113 0.00249045 
0.0838113 0.00249327 
0.0838113 0.00249608 
0.0838113 0.00249889 
0.0838113 0.00250171 
0.0838113 0.00250452 
0.0838113 0.00250734 
0.0838113 0.00251015 
0.0838113 0.00251296 
0.0838113 0.00251578 
0.0838113 0.00251859 
0.0838113 0.00252141 
0.0838113 0.00252422 
0.0838113 0.00252704 
0.0838113 0.00252985 
0.0838113 0.00253266 
0.0838113 0.00253548 
0.0838113 0.00253829 
0.0838113 0.00254111 
0.0838113 0.00254392 
0.0838113 0.00254673 
0.0838113 0.00254955 
0.0838113 0.00255236 
0.0838113 0.00255518 
0.0838113 0.00255799 
0.0838113 0.0025608 
0.0838113 0.00256362 
0.0838113 0.00256643 
0.0838113 0.00256925 
0.0838113 0.00257206 
0.0838113 0.00257487 
0.0838113 0.00257769 
0.0838113 0.0025805 
0.0838113 0.00258332 
0.0838113 0.00258613 
0.0838113 0.00258894 
0.0838113 0.00259176 
0.0838113 0.00259457 
0.0838113 0.00259739 
0.0838113 0.0026002 
0.0838113 0.00260302 
0.0838113 0.00260583 
0.0838113 0.00260864 
0.0838113 0.00261146 
0.0838113 0.00261427 
0.0838113 0.00261709 
0.0838113 0.0026199 
0.0839196 0.00245668 
0.0839196 0.0024595 
0.0839196 0.00246231 
0.0839196 0.00246513 
0.0839196 0.00246794 
0.0839196 0.00247075 
0.0839196 0.00247357 
0.0839196 0.00247638 
0.0839196 0.0024792 
0.0839196 0.00248201 
0.0839196 0.00248482 
0.0839196 0.00248764 
0.0839196 0.00249045 
0.0839196 0.00249327 
0.0839196 0.00249608 
0.0839196 0.00249889 
0.0839196 0.00250171 
0.0839196 0.00250452 
0.0839196 0.00250734 
0.0839196 0.00251015 
0.0839196 0.00251296 
0.0839196 0.00251578 
0.0839196 0.00251859 
0.0839196 0.00252141 
0.0839196 0.00252422 
0.0839196 0.00252704 
0.0839196 0.00252985 
0.0839196 0.00253266 
0.0839196 0.00253548 
0.0839196 0.00253829 
0.0839196 0.00254111 
0.0839196 0.00254392 
0.0839196 0.00254673 
0.0839196 0.00254955 
0.0839196 0.00255236 
0.0839196 0.00255518 
0.0839196 0.00255799 
0.0839196 0.0025608 
0.0839196 0.00256362 
0.0839196 0.00256643 
0.0839196 0.00256925 
0.0839196 0.00257206 
0.0839196 0.00257487 
0.0839196 0.00257769 
0.0839196 0.0025805 
0.0839196 0.00258332 
0.0839196 0.00258613 
0.0839196 0.00258894 
0.0839196 0.00259176 
0.0839196 0.00259457 
0.0839196 0.00259739 
0.0839196 0.0026002 
0.0839196 0.00260302 
0.0839196 0.00260583 
0.0839196 0.00260864 
0.0839196 0.00261146 
0.0839196 0.00261427 
0.0839196 0.00261709 
0.0839196 0.0026199 
0.0839196 0.00262271 
0.0840279 0.00245668 
0.0840279 0.0024595 
0.0840279 0.00246231 
0.0840279 0.00246513 
0.0840279 0.00246794 
0.0840279 0.00247075 
0.0840279 0.00247357 
0.0840279 0.00247638 
0.0840279 0.0024792 
0.0840279 0.00248201 
0.0840279 0.00248482 
0.0840279 0.00248764 
0.0840279 0.00249045 
0.0840279 0.00249327 
0.0840279 0.00249608 
0.0840279 0.00249889 
0.0840279 0.00250171 
0.0840279 0.00250452 
0.0840279 0.00250734 
0.0840279 0.00251015 
0.0840279 0.00251296 
0.0840279 0.00251578 
0.0840279 0.00251859 
0.0840279 0.00252141 
0.0840279 0.00252422 
0.0840279 0.00252704 
0.0840279 0.00252985 
0.0840279 0.00253266 
0.0840279 0.00253548 
0.0840279 0.00253829 
0.0840279 0.00254111 
0.0840279 0.00254392 
0.0840279 0.00254673 
0.0840279 0.00254955 
0.0840279 0.00255236 
0.0840279 0.00255518 
0.0840279 0.00255799 
0.0840279 0.0025608 
0.0840279 0.00256362 
0.0840279 0.00256643 
0.0840279 0.00256925 
0.0840279 0.00257206 
0.0840279 0.00257487 
0.0840279 0.00257769 
0.0840279 0.0025805 
0.0840279 0.00258332 
0.0840279 0.00258613 
0.0840279 0.00258894 
0.0840279 0.00259176 
0.0840279 0.00259457 
0.0840279 0.00259739 
0.0840279 0.0026002 
0.0840279 0.00260302 
0.0840279 0.00260583 
0.0840279 0.00260864 
0.0840279 0.00261146 
0.0840279 0.00261427 
0.0840279 0.00261709 
0.0840279 0.0026199 
0.0840279 0.00262271 
0.0841362 0.00245387 
0.0841362 0.00245668 
0.0841362 0.0024595 
0.0841362 0.00246231 
0.0841362 0.00246513 
0.0841362 0.00246794 
0.0841362 0.00247075 
0.0841362 0.00247357 
0.0841362 0.00247638 
0.0841362 0.0024792 
0.0841362 0.00248201 
0.0841362 0.00248482 
0.0841362 0.00248764 
0.0841362 0.00249045 
0.0841362 0.00249327 
0.0841362 0.00249608 
0.0841362 0.00249889 
0.0841362 0.00250171 
0.0841362 0.00250452 
0.0841362 0.00250734 
0.0841362 0.00251015 
0.0841362 0.00251296 
0.0841362 0.00251578 
0.0841362 0.00251859 
0.0841362 0.00252141 
0.0841362 0.00252422 
0.0841362 0.00252704 
0.0841362 0.00252985 
0.0841362 0.00253266 
0.0841362 0.00253548 
0.0841362 0.00253829 
0.0841362 0.00254111 
0.0841362 0.00254392 
0.0841362 0.00254673 
0.0841362 0.00254955 
0.0841362 0.00255236 
0.0841362 0.00255518 
0.0841362 0.00255799 
0.0841362 0.0025608 
0.0841362 0.00256362 
0.0841362 0.00256643 
0.0841362 0.00256925 
0.0841362 0.00257206 
0.0841362 0.00257487 
0.0841362 0.00257769 
0.0841362 0.0025805 
0.0841362 0.00258332 
0.0841362 0.00258613 
0.0841362 0.00258894 
0.0841362 0.00259176 
0.0841362 0.00259457 
0.0841362 0.00259739 
0.0841362 0.0026002 
0.0841362 0.00260302 
0.0841362 0.00260583 
0.0841362 0.00260864 
0.0841362 0.00261146 
0.0841362 0.00261427 
0.0841362 0.00261709 
0.0841362 0.0026199 
0.0841362 0.00262271 
0.0842445 0.00245387 
0.0842445 0.00245668 
0.0842445 0.0024595 
0.0842445 0.00246231 
0.0842445 0.00246513 
0.0842445 0.00246794 
0.0842445 0.00247075 
0.0842445 0.00247357 
0.0842445 0.00247638 
0.0842445 0.0024792 
0.0842445 0.00248201 
0.0842445 0.00248482 
0.0842445 0.00248764 
0.0842445 0.00249045 
0.0842445 0.00249327 
0.0842445 0.00249608 
0.0842445 0.00249889 
0.0842445 0.00250171 
0.0842445 0.00250452 
0.0842445 0.00250734 
0.0842445 0.00251015 
0.0842445 0.00251296 
0.0842445 0.00251578 
0.0842445 0.00251859 
0.0842445 0.00252141 
0.0842445 0.00252422 
0.0842445 0.00252704 
0.0842445 0.00252985 
0.0842445 0.00253266 
0.0842445 0.00253548 
0.0842445 0.00253829 
0.0842445 0.00254111 
0.0842445 0.00254392 
0.0842445 0.00254673 
0.0842445 0.00254955 
0.0842445 0.00255236 
0.0842445 0.00255518 
0.0842445 0.00255799 
0.0842445 0.0025608 
0.0842445 0.00256362 
0.0842445 0.00256643 
0.0842445 0.00256925 
0.0842445 0.00257206 
0.0842445 0.00257487 
0.0842445 0.00257769 
0.0842445 0.0025805 
0.0842445 0.00258332 
0.0842445 0.00258613 
0.0842445 0.00258894 
0.0842445 0.00259176 
0.0842445 0.00259457 
0.0842445 0.00259739 
0.0842445 0.0026002 
0.0842445 0.00260302 
0.0842445 0.00260583 
0.0842445 0.00260864 
0.0842445 0.00261146 
0.0842445 0.00261427 
0.0842445 0.00261709 
0.0842445 0.0026199 
0.0842445 0.00262271 
0.0843528 0.00245106 
0.0843528 0.00245387 
0.0843528 0.00245668 
0.0843528 0.0024595 
0.0843528 0.00246231 
0.0843528 0.00246513 
0.0843528 0.00246794 
0.0843528 0.00247075 
0.0843528 0.00247357 
0.0843528 0.00247638 
0.0843528 0.0024792 
0.0843528 0.00248201 
0.0843528 0.00248482 
0.0843528 0.00248764 
0.0843528 0.00249045 
0.0843528 0.00249327 
0.0843528 0.00249608 
0.0843528 0.00249889 
0.0843528 0.00250171 
0.0843528 0.00250452 
0.0843528 0.00250734 
0.0843528 0.00251015 
0.0843528 0.00251296 
0.0843528 0.00251578 
0.0843528 0.00251859 
0.0843528 0.00252141 
0.0843528 0.00252422 
0.0843528 0.00252704 
0.0843528 0.00252985 
0.0843528 0.00253266 
0.0843528 0.00253548 
0.0843528 0.00253829 
0.0843528 0.00254111 
0.0843528 0.00254392 
0.0843528 0.00254673 
0.0843528 0.00254955 
0.0843528 0.00255236 
0.0843528 0.00255518 
0.0843528 0.00255799 
0.0843528 0.0025608 
0.0843528 0.00256362 
0.0843528 0.00256643 
0.0843528 0.00256925 
0.0843528 0.00257206 
0.0843528 0.00257487 
0.0843528 0.00257769 
0.0843528 0.0025805 
0.0843528 0.00258332 
0.0843528 0.00258613 
0.0843528 0.00258894 
0.0843528 0.00259176 
0.0843528 0.00259457 
0.0843528 0.00259739 
0.0843528 0.0026002 
0.0843528 0.00260302 
0.0843528 0.00260583 
0.0843528 0.00260864 
0.0843528 0.00261146 
0.0843528 0.00261427 
0.0843528 0.00261709 
0.0843528 0.0026199 
0.0843528 0.00262271 
0.0844611 0.00245106 
0.0844611 0.00245387 
0.0844611 0.00245668 
0.0844611 0.0024595 
0.0844611 0.00246231 
0.0844611 0.00246513 
0.0844611 0.00246794 
0.0844611 0.00247075 
0.0844611 0.00247357 
0.0844611 0.00247638 
0.0844611 0.0024792 
0.0844611 0.00248201 
0.0844611 0.00248482 
0.0844611 0.00248764 
0.0844611 0.00249045 
0.0844611 0.00249327 
0.0844611 0.00249608 
0.0844611 0.00249889 
0.0844611 0.00250171 
0.0844611 0.00250452 
0.0844611 0.00250734 
0.0844611 0.00251015 
0.0844611 0.00251296 
0.0844611 0.00251578 
0.0844611 0.00251859 
0.0844611 0.00252141 
0.0844611 0.00252422 
0.0844611 0.00252704 
0.0844611 0.00252985 
0.0844611 0.00253266 
0.0844611 0.00253548 
0.0844611 0.00253829 
0.0844611 0.00254111 
0.0844611 0.00254392 
0.0844611 0.00254673 
0.0844611 0.00254955 
0.0844611 0.00255236 
0.0844611 0.00255518 
0.0844611 0.00255799 
0.0844611 0.0025608 
0.0844611 0.00256362 
0.0844611 0.00256643 
0.0844611 0.00256925 
0.0844611 0.00257206 
0.0844611 0.00257487 
0.0844611 0.00257769 
0.0844611 0.0025805 
0.0844611 0.00258332 
0.0844611 0.00258613 
0.0844611 0.00258894 
0.0844611 0.00259176 
0.0844611 0.00259457 
0.0844611 0.00259739 
0.0844611 0.0026002 
0.0844611 0.00260302 
0.0844611 0.00260583 
0.0844611 0.00260864 
0.0844611 0.00261146 
0.0844611 0.00261427 
0.0844611 0.00261709 
0.0844611 0.0026199 
0.0844611 0.00262271 
0.0845694 0.00245106 
0.0845694 0.00245387 
0.0845694 0.00245668 
0.0845694 0.0024595 
0.0845694 0.00246231 
0.0845694 0.00246513 
0.0845694 0.00246794 
0.0845694 0.00247075 
0.0845694 0.00247357 
0.0845694 0.00247638 
0.0845694 0.0024792 
0.0845694 0.00248201 
0.0845694 0.00248482 
0.0845694 0.00248764 
0.0845694 0.00249045 
0.0845694 0.00249327 
0.0845694 0.00249608 
0.0845694 0.00249889 
0.0845694 0.00250171 
0.0845694 0.00250452 
0.0845694 0.00250734 
0.0845694 0.00251015 
0.0845694 0.00251296 
0.0845694 0.00251578 
0.0845694 0.00251859 
0.0845694 0.00252141 
0.0845694 0.00252422 
0.0845694 0.00252704 
0.0845694 0.00252985 
0.0845694 0.00253266 
0.0845694 0.00253548 
0.0845694 0.00253829 
0.0845694 0.00254111 
0.0845694 0.00254392 
0.0845694 0.00254673 
0.0845694 0.00254955 
0.0845694 0.00255236 
0.0845694 0.00255518 
0.0845694 0.00255799 
0.0845694 0.0025608 
0.0845694 0.00256362 
0.0845694 0.00256643 
0.0845694 0.00256925 
0.0845694 0.00257206 
0.0845694 0.00257487 
0.0845694 0.00257769 
0.0845694 0.0025805 
0.0845694 0.00258332 
0.0845694 0.00258613 
0.0845694 0.00258894 
0.0845694 0.00259176 
0.0845694 0.00259457 
0.0845694 0.00259739 
0.0845694 0.0026002 
0.0845694 0.00260302 
0.0845694 0.00260583 
0.0845694 0.00260864 
0.0845694 0.00261146 
0.0845694 0.00261427 
0.0845694 0.00261709 
0.0845694 0.0026199 
0.0845694 0.00262271 
0.0846777 0.00244824 
0.0846777 0.00245106 
0.0846777 0.00245387 
0.0846777 0.00245668 
0.0846777 0.0024595 
0.0846777 0.00246231 
0.0846777 0.00246513 
0.0846777 0.00246794 
0.0846777 0.00247075 
0.0846777 0.00247357 
0.0846777 0.00247638 
0.0846777 0.0024792 
0.0846777 0.00248201 
0.0846777 0.00248482 
0.0846777 0.00248764 
0.0846777 0.00249045 
0.0846777 0.00249327 
0.0846777 0.00249608 
0.0846777 0.00249889 
0.0846777 0.00250171 
0.0846777 0.00250452 
0.0846777 0.00250734 
0.0846777 0.00251015 
0.0846777 0.00251296 
0.0846777 0.00251578 
0.0846777 0.00251859 
0.0846777 0.00252141 
0.0846777 0.00252422 
0.0846777 0.00252704 
0.0846777 0.00252985 
0.0846777 0.00253266 
0.0846777 0.00253548 
0.0846777 0.00253829 
0.0846777 0.00254111 
0.0846777 0.00254392 
0.0846777 0.00254673 
0.0846777 0.00254955 
0.0846777 0.00255236 
0.0846777 0.00255518 
0.0846777 0.00255799 
0.0846777 0.0025608 
0.0846777 0.00256362 
0.0846777 0.00256643 
0.0846777 0.00256925 
0.0846777 0.00257206 
0.0846777 0.00257487 
0.0846777 0.00257769 
0.0846777 0.0025805 
0.0846777 0.00258332 
0.0846777 0.00258613 
0.0846777 0.00258894 
0.0846777 0.00259176 
0.0846777 0.00259457 
0.0846777 0.00259739 
0.0846777 0.0026002 
0.0846777 0.00260302 
0.0846777 0.00260583 
0.0846777 0.00260864 
0.0846777 0.00261146 
0.0846777 0.00261427 
0.0846777 0.00261709 
0.0846777 0.0026199 
0.0846777 0.00262271 
0.0847861 0.00244824 
0.0847861 0.00245106 
0.0847861 0.00245387 
0.0847861 0.00245668 
0.0847861 0.0024595 
0.0847861 0.00246231 
0.0847861 0.00246513 
0.0847861 0.00246794 
0.0847861 0.00247075 
0.0847861 0.00247357 
0.0847861 0.00247638 
0.0847861 0.0024792 
0.0847861 0.00248201 
0.0847861 0.00248482 
0.0847861 0.00248764 
0.0847861 0.00249045 
0.0847861 0.00249327 
0.0847861 0.00249608 
0.0847861 0.00249889 
0.0847861 0.00250171 
0.0847861 0.00250452 
0.0847861 0.00250734 
0.0847861 0.00251015 
0.0847861 0.00251296 
0.0847861 0.00251578 
0.0847861 0.00251859 
0.0847861 0.00252141 
0.0847861 0.00252422 
0.0847861 0.00252704 
0.0847861 0.00252985 
0.0847861 0.00253266 
0.0847861 0.00253548 
0.0847861 0.00253829 
0.0847861 0.00254111 
0.0847861 0.00254392 
0.0847861 0.00254673 
0.0847861 0.00254955 
0.0847861 0.00255236 
0.0847861 0.00255518 
0.0847861 0.00255799 
0.0847861 0.0025608 
0.0847861 0.00256362 
0.0847861 0.00256643 
0.0847861 0.00256925 
0.0847861 0.00257206 
0.0847861 0.00257487 
0.0847861 0.00257769 
0.0847861 0.0025805 
0.0847861 0.00258332 
0.0847861 0.00258613 
0.0847861 0.00258894 
0.0847861 0.00259176 
0.0847861 0.00259457 
0.0847861 0.00259739 
0.0847861 0.0026002 
0.0847861 0.00260302 
0.0847861 0.00260583 
0.0847861 0.00260864 
0.0847861 0.00261146 
0.0847861 0.00261427 
0.0847861 0.00261709 
0.0847861 0.0026199 
0.0847861 0.00262271 
0.0848944 0.00244543 
0.0848944 0.00244824 
0.0848944 0.00245106 
0.0848944 0.00245387 
0.0848944 0.00245668 
0.0848944 0.0024595 
0.0848944 0.00246231 
0.0848944 0.00246513 
0.0848944 0.00246794 
0.0848944 0.00247075 
0.0848944 0.00247357 
0.0848944 0.00247638 
0.0848944 0.0024792 
0.0848944 0.00248201 
0.0848944 0.00248482 
0.0848944 0.00248764 
0.0848944 0.00249045 
0.0848944 0.00249327 
0.0848944 0.00249608 
0.0848944 0.00249889 
0.0848944 0.00250171 
0.0848944 0.00250452 
0.0848944 0.00250734 
0.0848944 0.00251015 
0.0848944 0.00251296 
0.0848944 0.00251578 
0.0848944 0.00251859 
0.0848944 0.00252141 
0.0848944 0.00252422 
0.0848944 0.00252704 
0.0848944 0.00252985 
0.0848944 0.00253266 
0.0848944 0.00253548 
0.0848944 0.00253829 
0.0848944 0.00254111 
0.0848944 0.00254392 
0.0848944 0.00254673 
0.0848944 0.00254955 
0.0848944 0.00255236 
0.0848944 0.00255518 
0.0848944 0.00255799 
0.0848944 0.0025608 
0.0848944 0.00256362 
0.0848944 0.00256643 
0.0848944 0.00256925 
0.0848944 0.00257206 
0.0848944 0.00257487 
0.0848944 0.00257769 
0.0848944 0.0025805 
0.0848944 0.00258332 
0.0848944 0.00258613 
0.0848944 0.00258894 
0.0848944 0.00259176 
0.0848944 0.00259457 
0.0848944 0.00259739 
0.0848944 0.0026002 
0.0848944 0.00260302 
0.0848944 0.00260583 
0.0848944 0.00260864 
0.0848944 0.00261146 
0.0848944 0.00261427 
0.0848944 0.00261709 
0.0848944 0.0026199 
0.0848944 0.00262271 
0.0850027 0.00244543 
0.0850027 0.00244824 
0.0850027 0.00245106 
0.0850027 0.00245387 
0.0850027 0.00245668 
0.0850027 0.0024595 
0.0850027 0.00246231 
0.0850027 0.00246513 
0.0850027 0.00246794 
0.0850027 0.00247075 
0.0850027 0.00247357 
0.0850027 0.00247638 
0.0850027 0.0024792 
0.0850027 0.00248201 
0.0850027 0.00248482 
0.0850027 0.00248764 
0.0850027 0.00249045 
0.0850027 0.00249327 
0.0850027 0.00249608 
0.0850027 0.00249889 
0.0850027 0.00250171 
0.0850027 0.00250452 
0.0850027 0.00250734 
0.0850027 0.00251015 
0.0850027 0.00251296 
0.0850027 0.00251578 
0.0850027 0.00251859 
0.0850027 0.00252141 
0.0850027 0.00252422 
0.0850027 0.00252704 
0.0850027 0.00252985 
0.0850027 0.00253266 
0.0850027 0.00253548 
0.0850027 0.00253829 
0.0850027 0.00254111 
0.0850027 0.00254392 
0.0850027 0.00254673 
0.0850027 0.00254955 
0.0850027 0.00255236 
0.0850027 0.00255518 
0.0850027 0.00255799 
0.0850027 0.0025608 
0.0850027 0.00256362 
0.0850027 0.00256643 
0.0850027 0.00256925 
0.0850027 0.00257206 
0.0850027 0.00257487 
0.0850027 0.00257769 
0.0850027 0.0025805 
0.0850027 0.00258332 
0.0850027 0.00258613 
0.0850027 0.00258894 
0.0850027 0.00259176 
0.0850027 0.00259457 
0.0850027 0.00259739 
0.0850027 0.0026002 
0.0850027 0.00260302 
0.0850027 0.00260583 
0.0850027 0.00260864 
0.0850027 0.00261146 
0.0850027 0.00261427 
0.0850027 0.00261709 
0.0850027 0.0026199 
0.0850027 0.00262271 
0.085111 0.00244543 
0.085111 0.00244824 
0.085111 0.00245106 
0.085111 0.00245387 
0.085111 0.00245668 
0.085111 0.0024595 
0.085111 0.00246231 
0.085111 0.00246513 
0.085111 0.00246794 
0.085111 0.00247075 
0.085111 0.00247357 
0.085111 0.00247638 
0.085111 0.0024792 
0.085111 0.00248201 
0.085111 0.00248482 
0.085111 0.00248764 
0.085111 0.00249045 
0.085111 0.00249327 
0.085111 0.00249608 
0.085111 0.00249889 
0.085111 0.00250171 
0.085111 0.00250452 
0.085111 0.00250734 
0.085111 0.00251015 
0.085111 0.00251296 
0.085111 0.00251578 
0.085111 0.00251859 
0.085111 0.00252141 
0.085111 0.00252422 
0.085111 0.00252704 
0.085111 0.00252985 
0.085111 0.00253266 
0.085111 0.00253548 
0.085111 0.00253829 
0.085111 0.00254111 
0.085111 0.00254392 
0.085111 0.00254673 
0.085111 0.00254955 
0.085111 0.00255236 
0.085111 0.00255518 
0.085111 0.00255799 
0.085111 0.0025608 
0.085111 0.00256362 
0.085111 0.00256643 
0.085111 0.00256925 
0.085111 0.00257206 
0.085111 0.00257487 
0.085111 0.00257769 
0.085111 0.0025805 
0.085111 0.00258332 
0.085111 0.00258613 
0.085111 0.00258894 
0.085111 0.00259176 
0.085111 0.00259457 
0.085111 0.00259739 
0.085111 0.0026002 
0.085111 0.00260302 
0.085111 0.00260583 
0.085111 0.00260864 
0.085111 0.00261146 
0.085111 0.00261427 
0.085111 0.00261709 
0.085111 0.0026199 
0.085111 0.00262271 
0.0852193 0.00244261 
0.0852193 0.00244543 
0.0852193 0.00244824 
0.0852193 0.00245106 
0.0852193 0.00245387 
0.0852193 0.00245668 
0.0852193 0.0024595 
0.0852193 0.00246231 
0.0852193 0.00246513 
0.0852193 0.00246794 
0.0852193 0.00247075 
0.0852193 0.00247357 
0.0852193 0.00247638 
0.0852193 0.0024792 
0.0852193 0.00248201 
0.0852193 0.00248482 
0.0852193 0.00248764 
0.0852193 0.00249045 
0.0852193 0.00249327 
0.0852193 0.00249608 
0.0852193 0.00249889 
0.0852193 0.00250171 
0.0852193 0.00250452 
0.0852193 0.00250734 
0.0852193 0.00251015 
0.0852193 0.00251296 
0.0852193 0.00251578 
0.0852193 0.00251859 
0.0852193 0.00252141 
0.0852193 0.00252422 
0.0852193 0.00252704 
0.0852193 0.00252985 
0.0852193 0.00253266 
0.0852193 0.00253548 
0.0852193 0.00253829 
0.0852193 0.00254111 
0.0852193 0.00254392 
0.0852193 0.00254673 
0.0852193 0.00254955 
0.0852193 0.00255236 
0.0852193 0.00255518 
0.0852193 0.00255799 
0.0852193 0.0025608 
0.0852193 0.00256362 
0.0852193 0.00256643 
0.0852193 0.00256925 
0.0852193 0.00257206 
0.0852193 0.00257487 
0.0852193 0.00257769 
0.0852193 0.0025805 
0.0852193 0.00258332 
0.0852193 0.00258613 
0.0852193 0.00258894 
0.0852193 0.00259176 
0.0852193 0.00259457 
0.0852193 0.00259739 
0.0852193 0.0026002 
0.0852193 0.00260302 
0.0852193 0.00260583 
0.0852193 0.00260864 
0.0852193 0.00261146 
0.0852193 0.00261427 
0.0852193 0.00261709 
0.0852193 0.0026199 
0.0852193 0.00262271 
0.0853276 0.00244261 
0.0853276 0.00244543 
0.0853276 0.00244824 
0.0853276 0.00245106 
0.0853276 0.00245387 
0.0853276 0.00245668 
0.0853276 0.0024595 
0.0853276 0.00246231 
0.0853276 0.00246513 
0.0853276 0.00246794 
0.0853276 0.00247075 
0.0853276 0.00247357 
0.0853276 0.00247638 
0.0853276 0.0024792 
0.0853276 0.00248201 
0.0853276 0.00248482 
0.0853276 0.00248764 
0.0853276 0.00249045 
0.0853276 0.00249327 
0.0853276 0.00249608 
0.0853276 0.00249889 
0.0853276 0.00250171 
0.0853276 0.00250452 
0.0853276 0.00250734 
0.0853276 0.00251015 
0.0853276 0.00251296 
0.0853276 0.00251578 
0.0853276 0.00251859 
0.0853276 0.00252141 
0.0853276 0.00252422 
0.0853276 0.00252704 
0.0853276 0.00252985 
0.0853276 0.00253266 
0.0853276 0.00253548 
0.0853276 0.00253829 
0.0853276 0.00254111 
0.0853276 0.00254392 
0.0853276 0.00254673 
0.0853276 0.00254955 
0.0853276 0.00255236 
0.0853276 0.00255518 
0.0853276 0.00255799 
0.0853276 0.0025608 
0.0853276 0.00256362 
0.0853276 0.00256643 
0.0853276 0.00256925 
0.0853276 0.00257206 
0.0853276 0.00257487 
0.0853276 0.00257769 
0.0853276 0.0025805 
0.0853276 0.00258332 
0.0853276 0.00258613 
0.0853276 0.00258894 
0.0853276 0.00259176 
0.0853276 0.00259457 
0.0853276 0.00259739 
0.0853276 0.0026002 
0.0853276 0.00260302 
0.0853276 0.00260583 
0.0853276 0.00260864 
0.0853276 0.00261146 
0.0853276 0.00261427 
0.0853276 0.00261709 
0.0853276 0.0026199 
0.0853276 0.00262271 
0.0854359 0.00244261 
0.0854359 0.00244543 
0.0854359 0.00244824 
0.0854359 0.00245106 
0.0854359 0.00245387 
0.0854359 0.00245668 
0.0854359 0.0024595 
0.0854359 0.00246231 
0.0854359 0.00246513 
0.0854359 0.00246794 
0.0854359 0.00247075 
0.0854359 0.00247357 
0.0854359 0.00247638 
0.0854359 0.0024792 
0.0854359 0.00248201 
0.0854359 0.00248482 
0.0854359 0.00248764 
0.0854359 0.00249045 
0.0854359 0.00249327 
0.0854359 0.00249608 
0.0854359 0.00249889 
0.0854359 0.00250171 
0.0854359 0.00250452 
0.0854359 0.00250734 
0.0854359 0.00251015 
0.0854359 0.00251296 
0.0854359 0.00251578 
0.0854359 0.00251859 
0.0854359 0.00252141 
0.0854359 0.00252422 
0.0854359 0.00252704 
0.0854359 0.00252985 
0.0854359 0.00253266 
0.0854359 0.00253548 
0.0854359 0.00253829 
0.0854359 0.00254111 
0.0854359 0.00254392 
0.0854359 0.00254673 
0.0854359 0.00254955 
0.0854359 0.00255236 
0.0854359 0.00255518 
0.0854359 0.00255799 
0.0854359 0.0025608 
0.0854359 0.00256362 
0.0854359 0.00256643 
0.0854359 0.00256925 
0.0854359 0.00257206 
0.0854359 0.00257487 
0.0854359 0.00257769 
0.0854359 0.0025805 
0.0854359 0.00258332 
0.0854359 0.00258613 
0.0854359 0.00258894 
0.0854359 0.00259176 
0.0854359 0.00259457 
0.0854359 0.00259739 
0.0854359 0.0026002 
0.0854359 0.00260302 
0.0854359 0.00260583 
0.0854359 0.00260864 
0.0854359 0.00261146 
0.0854359 0.00261427 
0.0854359 0.00261709 
0.0854359 0.0026199 
0.0854359 0.00262271 
0.0855442 0.0024398 
0.0855442 0.00244261 
0.0855442 0.00244543 
0.0855442 0.00244824 
0.0855442 0.00245106 
0.0855442 0.00245387 
0.0855442 0.00245668 
0.0855442 0.0024595 
0.0855442 0.00246231 
0.0855442 0.00246513 
0.0855442 0.00246794 
0.0855442 0.00247075 
0.0855442 0.00247357 
0.0855442 0.00247638 
0.0855442 0.0024792 
0.0855442 0.00248201 
0.0855442 0.00248482 
0.0855442 0.00248764 
0.0855442 0.00249045 
0.0855442 0.00249327 
0.0855442 0.00249608 
0.0855442 0.00249889 
0.0855442 0.00250171 
0.0855442 0.00250452 
0.0855442 0.00250734 
0.0855442 0.00251015 
0.0855442 0.00251296 
0.0855442 0.00251578 
0.0855442 0.00251859 
0.0855442 0.00252141 
0.0855442 0.00252422 
0.0855442 0.00252704 
0.0855442 0.00252985 
0.0855442 0.00253266 
0.0855442 0.00253548 
0.0855442 0.00253829 
0.0855442 0.00254111 
0.0855442 0.00254392 
0.0855442 0.00254673 
0.0855442 0.00254955 
0.0855442 0.00255236 
0.0855442 0.00255518 
0.0855442 0.00255799 
0.0855442 0.0025608 
0.0855442 0.00256362 
0.0855442 0.00256643 
0.0855442 0.00256925 
0.0855442 0.00257206 
0.0855442 0.00257487 
0.0855442 0.00257769 
0.0855442 0.0025805 
0.0855442 0.00258332 
0.0855442 0.00258613 
0.0855442 0.00258894 
0.0855442 0.00259176 
0.0855442 0.00259457 
0.0855442 0.00259739 
0.0855442 0.0026002 
0.0855442 0.00260302 
0.0855442 0.00260583 
0.0855442 0.00260864 
0.0855442 0.00261146 
0.0855442 0.00261427 
0.0855442 0.00261709 
0.0855442 0.0026199 
0.0855442 0.00262271 
0.0856525 0.0024398 
0.0856525 0.00244261 
0.0856525 0.00244543 
0.0856525 0.00244824 
0.0856525 0.00245106 
0.0856525 0.00245387 
0.0856525 0.00245668 
0.0856525 0.0024595 
0.0856525 0.00246231 
0.0856525 0.00246513 
0.0856525 0.00246794 
0.0856525 0.00247075 
0.0856525 0.00247357 
0.0856525 0.00247638 
0.0856525 0.0024792 
0.0856525 0.00248201 
0.0856525 0.00248482 
0.0856525 0.00248764 
0.0856525 0.00249045 
0.0856525 0.00249327 
0.0856525 0.00249608 
0.0856525 0.00249889 
0.0856525 0.00250171 
0.0856525 0.00250452 
0.0856525 0.00250734 
0.0856525 0.00251015 
0.0856525 0.00251296 
0.0856525 0.00251578 
0.0856525 0.00251859 
0.0856525 0.00252141 
0.0856525 0.00252422 
0.0856525 0.00252704 
0.0856525 0.00252985 
0.0856525 0.00253266 
0.0856525 0.00253548 
0.0856525 0.00253829 
0.0856525 0.00254111 
0.0856525 0.00254392 
0.0856525 0.00254673 
0.0856525 0.00254955 
0.0856525 0.00255236 
0.0856525 0.00255518 
0.0856525 0.00255799 
0.0856525 0.0025608 
0.0856525 0.00256362 
0.0856525 0.00256643 
0.0856525 0.00256925 
0.0856525 0.00257206 
0.0856525 0.00257487 
0.0856525 0.00257769 
0.0856525 0.0025805 
0.0856525 0.00258332 
0.0856525 0.00258613 
0.0856525 0.00258894 
0.0856525 0.00259176 
0.0856525 0.00259457 
0.0856525 0.00259739 
0.0856525 0.0026002 
0.0856525 0.00260302 
0.0856525 0.00260583 
0.0856525 0.00260864 
0.0856525 0.00261146 
0.0856525 0.00261427 
0.0856525 0.00261709 
0.0856525 0.0026199 
0.0857609 0.0024398 
0.0857609 0.00244261 
0.0857609 0.00244543 
0.0857609 0.00244824 
0.0857609 0.00245106 
0.0857609 0.00245387 
0.0857609 0.00245668 
0.0857609 0.0024595 
0.0857609 0.00246231 
0.0857609 0.00246513 
0.0857609 0.00246794 
0.0857609 0.00247075 
0.0857609 0.00247357 
0.0857609 0.00247638 
0.0857609 0.0024792 
0.0857609 0.00248201 
0.0857609 0.00248482 
0.0857609 0.00248764 
0.0857609 0.00249045 
0.0857609 0.00249327 
0.0857609 0.00249608 
0.0857609 0.00249889 
0.0857609 0.00250171 
0.0857609 0.00250452 
0.0857609 0.00250734 
0.0857609 0.00251015 
0.0857609 0.00251296 
0.0857609 0.00251578 
0.0857609 0.00251859 
0.0857609 0.00252141 
0.0857609 0.00252422 
0.0857609 0.00252704 
0.0857609 0.00252985 
0.0857609 0.00253266 
0.0857609 0.00253548 
0.0857609 0.00253829 
0.0857609 0.00254111 
0.0857609 0.00254392 
0.0857609 0.00254673 
0.0857609 0.00254955 
0.0857609 0.00255236 
0.0857609 0.00255518 
0.0857609 0.00255799 
0.0857609 0.0025608 
0.0857609 0.00256362 
0.0857609 0.00256643 
0.0857609 0.00256925 
0.0857609 0.00257206 
0.0857609 0.00257487 
0.0857609 0.00257769 
0.0857609 0.0025805 
0.0857609 0.00258332 
0.0857609 0.00258613 
0.0857609 0.00258894 
0.0857609 0.00259176 
0.0857609 0.00259457 
0.0857609 0.00259739 
0.0857609 0.0026002 
0.0857609 0.00260302 
0.0857609 0.00260583 
0.0857609 0.00260864 
0.0857609 0.00261146 
0.0857609 0.00261427 
0.0857609 0.00261709 
0.0857609 0.0026199 
0.0858692 0.0024398 
0.0858692 0.00244261 
0.0858692 0.00244543 
0.0858692 0.00244824 
0.0858692 0.00245106 
0.0858692 0.00245387 
0.0858692 0.00245668 
0.0858692 0.0024595 
0.0858692 0.00246231 
0.0858692 0.00246513 
0.0858692 0.00246794 
0.0858692 0.00247075 
0.0858692 0.00247357 
0.0858692 0.00247638 
0.0858692 0.0024792 
0.0858692 0.00248201 
0.0858692 0.00248482 
0.0858692 0.00248764 
0.0858692 0.00249045 
0.0858692 0.00249327 
0.0858692 0.00249608 
0.0858692 0.00249889 
0.0858692 0.00250171 
0.0858692 0.00250452 
0.0858692 0.00250734 
0.0858692 0.00251015 
0.0858692 0.00251296 
0.0858692 0.00251578 
0.0858692 0.00251859 
0.0858692 0.00252141 
0.0858692 0.00252422 
0.0858692 0.00252704 
0.0858692 0.00252985 
0.0858692 0.00253266 
0.0858692 0.00253548 
0.0858692 0.00253829 
0.0858692 0.00254111 
0.0858692 0.00254392 
0.0858692 0.00254673 
0.0858692 0.00254955 
0.0858692 0.00255236 
0.0858692 0.00255518 
0.0858692 0.00255799 
0.0858692 0.0025608 
0.0858692 0.00256362 
0.0858692 0.00256643 
0.0858692 0.00256925 
0.0858692 0.00257206 
0.0858692 0.00257487 
0.0858692 0.00257769 
0.0858692 0.0025805 
0.0858692 0.00258332 
0.0858692 0.00258613 
0.0858692 0.00258894 
0.0858692 0.00259176 
0.0858692 0.00259457 
0.0858692 0.00259739 
0.0858692 0.0026002 
0.0858692 0.00260302 
0.0858692 0.00260583 
0.0858692 0.00260864 
0.0858692 0.00261146 
0.0858692 0.00261427 
0.0858692 0.00261709 
0.0858692 0.0026199 
0.0859775 0.0024398 
0.0859775 0.00244261 
0.0859775 0.00244543 
0.0859775 0.00244824 
0.0859775 0.00245106 
0.0859775 0.00245387 
0.0859775 0.00245668 
0.0859775 0.0024595 
0.0859775 0.00246231 
0.0859775 0.00246513 
0.0859775 0.00246794 
0.0859775 0.00247075 
0.0859775 0.00247357 
0.0859775 0.00247638 
0.0859775 0.0024792 
0.0859775 0.00248201 
0.0859775 0.00248482 
0.0859775 0.00248764 
0.0859775 0.00249045 
0.0859775 0.00249327 
0.0859775 0.00249608 
0.0859775 0.00249889 
0.0859775 0.00250171 
0.0859775 0.00250452 
0.0859775 0.00250734 
0.0859775 0.00251015 
0.0859775 0.00251296 
0.0859775 0.00251578 
0.0859775 0.00251859 
0.0859775 0.00252141 
0.0859775 0.00252422 
0.0859775 0.00252704 
0.0859775 0.00252985 
0.0859775 0.00253266 
0.0859775 0.00253548 
0.0859775 0.00253829 
0.0859775 0.00254111 
0.0859775 0.00254392 
0.0859775 0.00254673 
0.0859775 0.00254955 
0.0859775 0.00255236 
0.0859775 0.00255518 
0.0859775 0.00255799 
0.0859775 0.0025608 
0.0859775 0.00256362 
0.0859775 0.00256643 
0.0859775 0.00256925 
0.0859775 0.00257206 
0.0859775 0.00257487 
0.0859775 0.00257769 
0.0859775 0.0025805 
0.0859775 0.00258332 
0.0859775 0.00258613 
0.0859775 0.00258894 
0.0859775 0.00259176 
0.0859775 0.00259457 
0.0859775 0.00259739 
0.0859775 0.0026002 
0.0859775 0.00260302 
0.0859775 0.00260583 
0.0859775 0.00260864 
0.0859775 0.00261146 
0.0859775 0.00261427 
0.0859775 0.00261709 
0.0860858 0.0024398 
0.0860858 0.00244261 
0.0860858 0.00244543 
0.0860858 0.00244824 
0.0860858 0.00245106 
0.0860858 0.00245387 
0.0860858 0.00245668 
0.0860858 0.0024595 
0.0860858 0.00246231 
0.0860858 0.00246513 
0.0860858 0.00246794 
0.0860858 0.00247075 
0.0860858 0.00247357 
0.0860858 0.00247638 
0.0860858 0.0024792 
0.0860858 0.00248201 
0.0860858 0.00248482 
0.0860858 0.00248764 
0.0860858 0.00249045 
0.0860858 0.00249327 
0.0860858 0.00249608 
0.0860858 0.00249889 
0.0860858 0.00250171 
0.0860858 0.00250452 
0.0860858 0.00250734 
0.0860858 0.00251015 
0.0860858 0.00251296 
0.0860858 0.00251578 
0.0860858 0.00251859 
0.0860858 0.00252141 
0.0860858 0.00252422 
0.0860858 0.00252704 
0.0860858 0.00252985 
0.0860858 0.00253266 
0.0860858 0.00253548 
0.0860858 0.00253829 
0.0860858 0.00254111 
0.0860858 0.00254392 
0.0860858 0.00254673 
0.0860858 0.00254955 
0.0860858 0.00255236 
0.0860858 0.00255518 
0.0860858 0.00255799 
0.0860858 0.0025608 
0.0860858 0.00256362 
0.0860858 0.00256643 
0.0860858 0.00256925 
0.0860858 0.00257206 
0.0860858 0.00257487 
0.0860858 0.00257769 
0.0860858 0.0025805 
0.0860858 0.00258332 
0.0860858 0.00258613 
0.0860858 0.00258894 
0.0860858 0.00259176 
0.0860858 0.00259457 
0.0860858 0.00259739 
0.0860858 0.0026002 
0.0860858 0.00260302 
0.0860858 0.00260583 
0.0860858 0.00260864 
0.0860858 0.00261146 
0.0860858 0.00261427 
0.0860858 0.00261709 
0.0861941 0.0024398 
0.0861941 0.00244261 
0.0861941 0.00244543 
0.0861941 0.00244824 
0.0861941 0.00245106 
0.0861941 0.00245387 
0.0861941 0.00245668 
0.0861941 0.0024595 
0.0861941 0.00246231 
0.0861941 0.00246513 
0.0861941 0.00246794 
0.0861941 0.00247075 
0.0861941 0.00247357 
0.0861941 0.00247638 
0.0861941 0.0024792 
0.0861941 0.00248201 
0.0861941 0.00248482 
0.0861941 0.00248764 
0.0861941 0.00249045 
0.0861941 0.00249327 
0.0861941 0.00249608 
0.0861941 0.00249889 
0.0861941 0.00250171 
0.0861941 0.00250452 
0.0861941 0.00250734 
0.0861941 0.00251015 
0.0861941 0.00251296 
0.0861941 0.00251578 
0.0861941 0.00251859 
0.0861941 0.00252141 
0.0861941 0.00252422 
0.0861941 0.00252704 
0.0861941 0.00252985 
0.0861941 0.00253266 
0.0861941 0.00253548 
0.0861941 0.00253829 
0.0861941 0.00254111 
0.0861941 0.00254392 
0.0861941 0.00254673 
0.0861941 0.00254955 
0.0861941 0.00255236 
0.0861941 0.00255518 
0.0861941 0.00255799 
0.0861941 0.0025608 
0.0861941 0.00256362 
0.0861941 0.00256643 
0.0861941 0.00256925 
0.0861941 0.00257206 
0.0861941 0.00257487 
0.0861941 0.00257769 
0.0861941 0.0025805 
0.0861941 0.00258332 
0.0861941 0.00258613 
0.0861941 0.00258894 
0.0861941 0.00259176 
0.0861941 0.00259457 
0.0861941 0.00259739 
0.0861941 0.0026002 
0.0861941 0.00260302 
0.0861941 0.00260583 
0.0861941 0.00260864 
0.0861941 0.00261146 
0.0861941 0.00261427 
0.0861941 0.00261709 
0.0863024 0.0024398 
0.0863024 0.00244261 
0.0863024 0.00244543 
0.0863024 0.00244824 
0.0863024 0.00245106 
0.0863024 0.00245387 
0.0863024 0.00245668 
0.0863024 0.0024595 
0.0863024 0.00246231 
0.0863024 0.00246513 
0.0863024 0.00246794 
0.0863024 0.00247075 
0.0863024 0.00247357 
0.0863024 0.00247638 
0.0863024 0.0024792 
0.0863024 0.00248201 
0.0863024 0.00248482 
0.0863024 0.00248764 
0.0863024 0.00249045 
0.0863024 0.00249327 
0.0863024 0.00249608 
0.0863024 0.00249889 
0.0863024 0.00250171 
0.0863024 0.00250452 
0.0863024 0.00250734 
0.0863024 0.00251015 
0.0863024 0.00251296 
0.0863024 0.00251578 
0.0863024 0.00251859 
0.0863024 0.00252141 
0.0863024 0.00252422 
0.0863024 0.00252704 
0.0863024 0.00252985 
0.0863024 0.00253266 
0.0863024 0.00253548 
0.0863024 0.00253829 
0.0863024 0.00254111 
0.0863024 0.00254392 
0.0863024 0.00254673 
0.0863024 0.00254955 
0.0863024 0.00255236 
0.0863024 0.00255518 
0.0863024 0.00255799 
0.0863024 0.0025608 
0.0863024 0.00256362 
0.0863024 0.00256643 
0.0863024 0.00256925 
0.0863024 0.00257206 
0.0863024 0.00257487 
0.0863024 0.00257769 
0.0863024 0.0025805 
0.0863024 0.00258332 
0.0863024 0.00258613 
0.0863024 0.00258894 
0.0863024 0.00259176 
0.0863024 0.00259457 
0.0863024 0.00259739 
0.0863024 0.0026002 
0.0863024 0.00260302 
0.0863024 0.00260583 
0.0863024 0.00260864 
0.0863024 0.00261146 
0.0863024 0.00261427 
0.0864107 0.0024398 
0.0864107 0.00244261 
0.0864107 0.00244543 
0.0864107 0.00244824 
0.0864107 0.00245106 
0.0864107 0.00245387 
0.0864107 0.00245668 
0.0864107 0.0024595 
0.0864107 0.00246231 
0.0864107 0.00246513 
0.0864107 0.00246794 
0.0864107 0.00247075 
0.0864107 0.00247357 
0.0864107 0.00247638 
0.0864107 0.0024792 
0.0864107 0.00248201 
0.0864107 0.00248482 
0.0864107 0.00248764 
0.0864107 0.00249045 
0.0864107 0.00249327 
0.0864107 0.00249608 
0.0864107 0.00249889 
0.0864107 0.00250171 
0.0864107 0.00250452 
0.0864107 0.00250734 
0.0864107 0.00251015 
0.0864107 0.00251296 
0.0864107 0.00251578 
0.0864107 0.00251859 
0.0864107 0.00252141 
0.0864107 0.00252422 
0.0864107 0.00252704 
0.0864107 0.00252985 
0.0864107 0.00253266 
0.0864107 0.00253548 
0.0864107 0.00253829 
0.0864107 0.00254111 
0.0864107 0.00254392 
0.0864107 0.00254673 
0.0864107 0.00254955 
0.0864107 0.00255236 
0.0864107 0.00255518 
0.0864107 0.00255799 
0.0864107 0.0025608 
0.0864107 0.00256362 
0.0864107 0.00256643 
0.0864107 0.00256925 
0.0864107 0.00257206 
0.0864107 0.00257487 
0.0864107 0.00257769 
0.0864107 0.0025805 
0.0864107 0.00258332 
0.0864107 0.00258613 
0.0864107 0.00258894 
0.0864107 0.00259176 
0.0864107 0.00259457 
0.0864107 0.00259739 
0.0864107 0.0026002 
0.0864107 0.00260302 
0.0864107 0.00260583 
0.0864107 0.00260864 
0.0864107 0.00261146 
0.0864107 0.00261427 
0.086519 0.0024398 
0.086519 0.00244261 
0.086519 0.00244543 
0.086519 0.00244824 
0.086519 0.00245106 
0.086519 0.00245387 
0.086519 0.00245668 
0.086519 0.0024595 
0.086519 0.00246231 
0.086519 0.00246513 
0.086519 0.00246794 
0.086519 0.00247075 
0.086519 0.00247357 
0.086519 0.00247638 
0.086519 0.0024792 
0.086519 0.00248201 
0.086519 0.00248482 
0.086519 0.00248764 
0.086519 0.00249045 
0.086519 0.00249327 
0.086519 0.00249608 
0.086519 0.00249889 
0.086519 0.00250171 
0.086519 0.00250452 
0.086519 0.00250734 
0.086519 0.00251015 
0.086519 0.00251296 
0.086519 0.00251578 
0.086519 0.00251859 
0.086519 0.00252141 
0.086519 0.00252422 
0.086519 0.00252704 
0.086519 0.00252985 
0.086519 0.00253266 
0.086519 0.00253548 
0.086519 0.00253829 
0.086519 0.00254111 
0.086519 0.00254392 
0.086519 0.00254673 
0.086519 0.00254955 
0.086519 0.00255236 
0.086519 0.00255518 
0.086519 0.00255799 
0.086519 0.0025608 
0.086519 0.00256362 
0.086519 0.00256643 
0.086519 0.00256925 
0.086519 0.00257206 
0.086519 0.00257487 
0.086519 0.00257769 
0.086519 0.0025805 
0.086519 0.00258332 
0.086519 0.00258613 
0.086519 0.00258894 
0.086519 0.00259176 
0.086519 0.00259457 
0.086519 0.00259739 
0.086519 0.0026002 
0.086519 0.00260302 
0.086519 0.00260583 
0.086519 0.00260864 
0.086519 0.00261146 
0.086519 0.00261427 
0.0866273 0.0024398 
0.0866273 0.00244261 
0.0866273 0.00244543 
0.0866273 0.00244824 
0.0866273 0.00245106 
0.0866273 0.00245387 
0.0866273 0.00245668 
0.0866273 0.0024595 
0.0866273 0.00246231 
0.0866273 0.00246513 
0.0866273 0.00246794 
0.0866273 0.00247075 
0.0866273 0.00247357 
0.0866273 0.00247638 
0.0866273 0.0024792 
0.0866273 0.00248201 
0.0866273 0.00248482 
0.0866273 0.00248764 
0.0866273 0.00249045 
0.0866273 0.00249327 
0.0866273 0.00249608 
0.0866273 0.00249889 
0.0866273 0.00250171 
0.0866273 0.00250452 
0.0866273 0.00250734 
0.0866273 0.00251015 
0.0866273 0.00251296 
0.0866273 0.00251578 
0.0866273 0.00251859 
0.0866273 0.00252141 
0.0866273 0.00252422 
0.0866273 0.00252704 
0.0866273 0.00252985 
0.0866273 0.00253266 
0.0866273 0.00253548 
0.0866273 0.00253829 
0.0866273 0.00254111 
0.0866273 0.00254392 
0.0866273 0.00254673 
0.0866273 0.00254955 
0.0866273 0.00255236 
0.0866273 0.00255518 
0.0866273 0.00255799 
0.0866273 0.0025608 
0.0866273 0.00256362 
0.0866273 0.00256643 
0.0866273 0.00256925 
0.0866273 0.00257206 
0.0866273 0.00257487 
0.0866273 0.00257769 
0.0866273 0.0025805 
0.0866273 0.00258332 
0.0866273 0.00258613 
0.0866273 0.00258894 
0.0866273 0.00259176 
0.0866273 0.00259457 
0.0866273 0.00259739 
0.0866273 0.0026002 
0.0866273 0.00260302 
0.0866273 0.00260583 
0.0866273 0.00260864 
0.0866273 0.00261146 
0.0866273 0.00261427 
0.0867357 0.0024398 
0.0867357 0.00244261 
0.0867357 0.00244543 
0.0867357 0.00244824 
0.0867357 0.00245106 
0.0867357 0.00245387 
0.0867357 0.00245668 
0.0867357 0.0024595 
0.0867357 0.00246231 
0.0867357 0.00246513 
0.0867357 0.00246794 
0.0867357 0.00247075 
0.0867357 0.00247357 
0.0867357 0.00247638 
0.0867357 0.0024792 
0.0867357 0.00248201 
0.0867357 0.00248482 
0.0867357 0.00248764 
0.0867357 0.00249045 
0.0867357 0.00249327 
0.0867357 0.00249608 
0.0867357 0.00249889 
0.0867357 0.00250171 
0.0867357 0.00250452 
0.0867357 0.00250734 
0.0867357 0.00251015 
0.0867357 0.00251296 
0.0867357 0.00251578 
0.0867357 0.00251859 
0.0867357 0.00252141 
0.0867357 0.00252422 
0.0867357 0.00252704 
0.0867357 0.00252985 
0.0867357 0.00253266 
0.0867357 0.00253548 
0.0867357 0.00253829 
0.0867357 0.00254111 
0.0867357 0.00254392 
0.0867357 0.00254673 
0.0867357 0.00254955 
0.0867357 0.00255236 
0.0867357 0.00255518 
0.0867357 0.00255799 
0.0867357 0.0025608 
0.0867357 0.00256362 
0.0867357 0.00256643 
0.0867357 0.00256925 
0.0867357 0.00257206 
0.0867357 0.00257487 
0.0867357 0.00257769 
0.0867357 0.0025805 
0.0867357 0.00258332 
0.0867357 0.00258613 
0.0867357 0.00258894 
0.0867357 0.00259176 
0.0867357 0.00259457 
0.0867357 0.00259739 
0.0867357 0.0026002 
0.0867357 0.00260302 
0.0867357 0.00260583 
0.0867357 0.00260864 
0.0867357 0.00261146 
0.086844 0.0024398 
0.086844 0.00244261 
0.086844 0.00244543 
0.086844 0.00244824 
0.086844 0.00245106 
0.086844 0.00245387 
0.086844 0.00245668 
0.086844 0.0024595 
0.086844 0.00246231 
0.086844 0.00246513 
0.086844 0.00246794 
0.086844 0.00247075 
0.086844 0.00247357 
0.086844 0.00247638 
0.086844 0.0024792 
0.086844 0.00248201 
0.086844 0.00248482 
0.086844 0.00248764 
0.086844 0.00249045 
0.086844 0.00249327 
0.086844 0.00249608 
0.086844 0.00249889 
0.086844 0.00250171 
0.086844 0.00250452 
0.086844 0.00250734 
0.086844 0.00251015 
0.086844 0.00251296 
0.086844 0.00251578 
0.086844 0.00251859 
0.086844 0.00252141 
0.086844 0.00252422 
0.086844 0.00252704 
0.086844 0.00252985 
0.086844 0.00253266 
0.086844 0.00253548 
0.086844 0.00253829 
0.086844 0.00254111 
0.086844 0.00254392 
0.086844 0.00254673 
0.086844 0.00254955 
0.086844 0.00255236 
0.086844 0.00255518 
0.086844 0.00255799 
0.086844 0.0025608 
0.086844 0.00256362 
0.086844 0.00256643 
0.086844 0.00256925 
0.086844 0.00257206 
0.086844 0.00257487 
0.086844 0.00257769 
0.086844 0.0025805 
0.086844 0.00258332 
0.086844 0.00258613 
0.086844 0.00258894 
0.086844 0.00259176 
0.086844 0.00259457 
0.086844 0.00259739 
0.086844 0.0026002 
0.086844 0.00260302 
0.086844 0.00260583 
0.086844 0.00260864 
0.086844 0.00261146 
0.0869523 0.0024398 
0.0869523 0.00244261 
0.0869523 0.00244543 
0.0869523 0.00244824 
0.0869523 0.00245106 
0.0869523 0.00245387 
0.0869523 0.00245668 
0.0869523 0.0024595 
0.0869523 0.00246231 
0.0869523 0.00246513 
0.0869523 0.00246794 
0.0869523 0.00247075 
0.0869523 0.00247357 
0.0869523 0.00247638 
0.0869523 0.0024792 
0.0869523 0.00248201 
0.0869523 0.00248482 
0.0869523 0.00248764 
0.0869523 0.00249045 
0.0869523 0.00249327 
0.0869523 0.00249608 
0.0869523 0.00249889 
0.0869523 0.00250171 
0.0869523 0.00250452 
0.0869523 0.00250734 
0.0869523 0.00251015 
0.0869523 0.00251296 
0.0869523 0.00251578 
0.0869523 0.00251859 
0.0869523 0.00252141 
0.0869523 0.00252422 
0.0869523 0.00252704 
0.0869523 0.00252985 
0.0869523 0.00253266 
0.0869523 0.00253548 
0.0869523 0.00253829 
0.0869523 0.00254111 
0.0869523 0.00254392 
0.0869523 0.00254673 
0.0869523 0.00254955 
0.0869523 0.00255236 
0.0869523 0.00255518 
0.0869523 0.00255799 
0.0869523 0.0025608 
0.0869523 0.00256362 
0.0869523 0.00256643 
0.0869523 0.00256925 
0.0869523 0.00257206 
0.0869523 0.00257487 
0.0869523 0.00257769 
0.0869523 0.0025805 
0.0869523 0.00258332 
0.0869523 0.00258613 
0.0869523 0.00258894 
0.0869523 0.00259176 
0.0869523 0.00259457 
0.0869523 0.00259739 
0.0869523 0.0026002 
0.0869523 0.00260302 
0.0869523 0.00260583 
0.0869523 0.00260864 
0.0869523 0.00261146 
0.0870606 0.0024398 
0.0870606 0.00244261 
0.0870606 0.00244543 
0.0870606 0.00244824 
0.0870606 0.00245106 
0.0870606 0.00245387 
0.0870606 0.00245668 
0.0870606 0.0024595 
0.0870606 0.00246231 
0.0870606 0.00246513 
0.0870606 0.00246794 
0.0870606 0.00247075 
0.0870606 0.00247357 
0.0870606 0.00247638 
0.0870606 0.0024792 
0.0870606 0.00248201 
0.0870606 0.00248482 
0.0870606 0.00248764 
0.0870606 0.00249045 
0.0870606 0.00249327 
0.0870606 0.00249608 
0.0870606 0.00249889 
0.0870606 0.00250171 
0.0870606 0.00250452 
0.0870606 0.00250734 
0.0870606 0.00251015 
0.0870606 0.00251296 
0.0870606 0.00251578 
0.0870606 0.00251859 
0.0870606 0.00252141 
0.0870606 0.00252422 
0.0870606 0.00252704 
0.0870606 0.00252985 
0.0870606 0.00253266 
0.0870606 0.00253548 
0.0870606 0.00253829 
0.0870606 0.00254111 
0.0870606 0.00254392 
0.0870606 0.00254673 
0.0870606 0.00254955 
0.0870606 0.00255236 
0.0870606 0.00255518 
0.0870606 0.00255799 
0.0870606 0.0025608 
0.0870606 0.00256362 
0.0870606 0.00256643 
0.0870606 0.00256925 
0.0870606 0.00257206 
0.0870606 0.00257487 
0.0870606 0.00257769 
0.0870606 0.0025805 
0.0870606 0.00258332 
0.0870606 0.00258613 
0.0870606 0.00258894 
0.0870606 0.00259176 
0.0870606 0.00259457 
0.0870606 0.00259739 
0.0870606 0.0026002 
0.0870606 0.00260302 
0.0870606 0.00260583 
0.0870606 0.00260864 
0.0871689 0.00244261 
0.0871689 0.00244543 
0.0871689 0.00244824 
0.0871689 0.00245106 
0.0871689 0.00245387 
0.0871689 0.00245668 
0.0871689 0.0024595 
0.0871689 0.00246231 
0.0871689 0.00246513 
0.0871689 0.00246794 
0.0871689 0.00247075 
0.0871689 0.00247357 
0.0871689 0.00247638 
0.0871689 0.0024792 
0.0871689 0.00248201 
0.0871689 0.00248482 
0.0871689 0.00248764 
0.0871689 0.00249045 
0.0871689 0.00249327 
0.0871689 0.00249608 
0.0871689 0.00249889 
0.0871689 0.00250171 
0.0871689 0.00250452 
0.0871689 0.00250734 
0.0871689 0.00251015 
0.0871689 0.00251296 
0.0871689 0.00251578 
0.0871689 0.00251859 
0.0871689 0.00252141 
0.0871689 0.00252422 
0.0871689 0.00252704 
0.0871689 0.00252985 
0.0871689 0.00253266 
0.0871689 0.00253548 
0.0871689 0.00253829 
0.0871689 0.00254111 
0.0871689 0.00254392 
0.0871689 0.00254673 
0.0871689 0.00254955 
0.0871689 0.00255236 
0.0871689 0.00255518 
0.0871689 0.00255799 
0.0871689 0.0025608 
0.0871689 0.00256362 
0.0871689 0.00256643 
0.0871689 0.00256925 
0.0871689 0.00257206 
0.0871689 0.00257487 
0.0871689 0.00257769 
0.0871689 0.0025805 
0.0871689 0.00258332 
0.0871689 0.00258613 
0.0871689 0.00258894 
0.0871689 0.00259176 
0.0871689 0.00259457 
0.0871689 0.00259739 
0.0871689 0.0026002 
0.0871689 0.00260302 
0.0871689 0.00260583 
0.0871689 0.00260864 
0.0872772 0.00244261 
0.0872772 0.00244543 
0.0872772 0.00244824 
0.0872772 0.00245106 
0.0872772 0.00245387 
0.0872772 0.00245668 
0.0872772 0.0024595 
0.0872772 0.00246231 
0.0872772 0.00246513 
0.0872772 0.00246794 
0.0872772 0.00247075 
0.0872772 0.00247357 
0.0872772 0.00247638 
0.0872772 0.0024792 
0.0872772 0.00248201 
0.0872772 0.00248482 
0.0872772 0.00248764 
0.0872772 0.00249045 
0.0872772 0.00249327 
0.0872772 0.00249608 
0.0872772 0.00249889 
0.0872772 0.00250171 
0.0872772 0.00250452 
0.0872772 0.00250734 
0.0872772 0.00251015 
0.0872772 0.00251296 
0.0872772 0.00251578 
0.0872772 0.00251859 
0.0872772 0.00252141 
0.0872772 0.00252422 
0.0872772 0.00252704 
0.0872772 0.00252985 
0.0872772 0.00253266 
0.0872772 0.00253548 
0.0872772 0.00253829 
0.0872772 0.00254111 
0.0872772 0.00254392 
0.0872772 0.00254673 
0.0872772 0.00254955 
0.0872772 0.00255236 
0.0872772 0.00255518 
0.0872772 0.00255799 
0.0872772 0.0025608 
0.0872772 0.00256362 
0.0872772 0.00256643 
0.0872772 0.00256925 
0.0872772 0.00257206 
0.0872772 0.00257487 
0.0872772 0.00257769 
0.0872772 0.0025805 
0.0872772 0.00258332 
0.0872772 0.00258613 
0.0872772 0.00258894 
0.0872772 0.00259176 
0.0872772 0.00259457 
0.0872772 0.00259739 
0.0872772 0.0026002 
0.0872772 0.00260302 
0.0872772 0.00260583 
0.0873855 0.00244261 
0.0873855 0.00244543 
0.0873855 0.00244824 
0.0873855 0.00245106 
0.0873855 0.00245387 
0.0873855 0.00245668 
0.0873855 0.0024595 
0.0873855 0.00246231 
0.0873855 0.00246513 
0.0873855 0.00246794 
0.0873855 0.00247075 
0.0873855 0.00247357 
0.0873855 0.00247638 
0.0873855 0.0024792 
0.0873855 0.00248201 
0.0873855 0.00248482 
0.0873855 0.00248764 
0.0873855 0.00249045 
0.0873855 0.00249327 
0.0873855 0.00249608 
0.0873855 0.00249889 
0.0873855 0.00250171 
0.0873855 0.00250452 
0.0873855 0.00250734 
0.0873855 0.00251015 
0.0873855 0.00251296 
0.0873855 0.00251578 
0.0873855 0.00251859 
0.0873855 0.00252141 
0.0873855 0.00252422 
0.0873855 0.00252704 
0.0873855 0.00252985 
0.0873855 0.00253266 
0.0873855 0.00253548 
0.0873855 0.00253829 
0.0873855 0.00254111 
0.0873855 0.00254392 
0.0873855 0.00254673 
0.0873855 0.00254955 
0.0873855 0.00255236 
0.0873855 0.00255518 
0.0873855 0.00255799 
0.0873855 0.0025608 
0.0873855 0.00256362 
0.0873855 0.00256643 
0.0873855 0.00256925 
0.0873855 0.00257206 
0.0873855 0.00257487 
0.0873855 0.00257769 
0.0873855 0.0025805 
0.0873855 0.00258332 
0.0873855 0.00258613 
0.0873855 0.00258894 
0.0873855 0.00259176 
0.0873855 0.00259457 
0.0873855 0.00259739 
0.0873855 0.0026002 
0.0873855 0.00260302 
0.0874938 0.00244543 
0.0874938 0.00244824 
0.0874938 0.00245106 
0.0874938 0.00245387 
0.0874938 0.00245668 
0.0874938 0.0024595 
0.0874938 0.00246231 
0.0874938 0.00246513 
0.0874938 0.00246794 
0.0874938 0.00247075 
0.0874938 0.00247357 
0.0874938 0.00247638 
0.0874938 0.0024792 
0.0874938 0.00248201 
0.0874938 0.00248482 
0.0874938 0.00248764 
0.0874938 0.00249045 
0.0874938 0.00249327 
0.0874938 0.00249608 
0.0874938 0.00249889 
0.0874938 0.00250171 
0.0874938 0.00250452 
0.0874938 0.00250734 
0.0874938 0.00251015 
0.0874938 0.00251296 
0.0874938 0.00251578 
0.0874938 0.00251859 
0.0874938 0.00252141 
0.0874938 0.00252422 
0.0874938 0.00252704 
0.0874938 0.00252985 
0.0874938 0.00253266 
0.0874938 0.00253548 
0.0874938 0.00253829 
0.0874938 0.00254111 
0.0874938 0.00254392 
0.0874938 0.00254673 
0.0874938 0.00254955 
0.0874938 0.00255236 
0.0874938 0.00255518 
0.0874938 0.00255799 
0.0874938 0.0025608 
0.0874938 0.00256362 
0.0874938 0.00256643 
0.0874938 0.00256925 
0.0874938 0.00257206 
0.0874938 0.00257487 
0.0874938 0.00257769 
0.0874938 0.0025805 
0.0874938 0.00258332 
0.0874938 0.00258613 
0.0874938 0.00258894 
0.0874938 0.00259176 
0.0874938 0.00259457 
0.0874938 0.00259739 
0.0874938 0.0026002 
0.0874938 0.00260302 
0.0876021 0.00244543 
0.0876021 0.00244824 
0.0876021 0.00245106 
0.0876021 0.00245387 
0.0876021 0.00245668 
0.0876021 0.0024595 
0.0876021 0.00246231 
0.0876021 0.00246513 
0.0876021 0.00246794 
0.0876021 0.00247075 
0.0876021 0.00247357 
0.0876021 0.00247638 
0.0876021 0.0024792 
0.0876021 0.00248201 
0.0876021 0.00248482 
0.0876021 0.00248764 
0.0876021 0.00249045 
0.0876021 0.00249327 
0.0876021 0.00249608 
0.0876021 0.00249889 
0.0876021 0.00250171 
0.0876021 0.00250452 
0.0876021 0.00250734 
0.0876021 0.00251015 
0.0876021 0.00251296 
0.0876021 0.00251578 
0.0876021 0.00251859 
0.0876021 0.00252141 
0.0876021 0.00252422 
0.0876021 0.00252704 
0.0876021 0.00252985 
0.0876021 0.00253266 
0.0876021 0.00253548 
0.0876021 0.00253829 
0.0876021 0.00254111 
0.0876021 0.00254392 
0.0876021 0.00254673 
0.0876021 0.00254955 
0.0876021 0.00255236 
0.0876021 0.00255518 
0.0876021 0.00255799 
0.0876021 0.0025608 
0.0876021 0.00256362 
0.0876021 0.00256643 
0.0876021 0.00256925 
0.0876021 0.00257206 
0.0876021 0.00257487 
0.0876021 0.00257769 
0.0876021 0.0025805 
0.0876021 0.00258332 
0.0876021 0.00258613 
0.0876021 0.00258894 
0.0876021 0.00259176 
0.0876021 0.00259457 
0.0876021 0.00259739 
0.0876021 0.0026002 
0.0877104 0.00244543 
0.0877104 0.00244824 
0.0877104 0.00245106 
0.0877104 0.00245387 
0.0877104 0.00245668 
0.0877104 0.0024595 
0.0877104 0.00246231 
0.0877104 0.00246513 
0.0877104 0.00246794 
0.0877104 0.00247075 
0.0877104 0.00247357 
0.0877104 0.00247638 
0.0877104 0.0024792 
0.0877104 0.00248201 
0.0877104 0.00248482 
0.0877104 0.00248764 
0.0877104 0.00249045 
0.0877104 0.00249327 
0.0877104 0.00249608 
0.0877104 0.00249889 
0.0877104 0.00250171 
0.0877104 0.00250452 
0.0877104 0.00250734 
0.0877104 0.00251015 
0.0877104 0.00251296 
0.0877104 0.00251578 
0.0877104 0.00251859 
0.0877104 0.00252141 
0.0877104 0.00252422 
0.0877104 0.00252704 
0.0877104 0.00252985 
0.0877104 0.00253266 
0.0877104 0.00253548 
0.0877104 0.00253829 
0.0877104 0.00254111 
0.0877104 0.00254392 
0.0877104 0.00254673 
0.0877104 0.00254955 
0.0877104 0.00255236 
0.0877104 0.00255518 
0.0877104 0.00255799 
0.0877104 0.0025608 
0.0877104 0.00256362 
0.0877104 0.00256643 
0.0877104 0.00256925 
0.0877104 0.00257206 
0.0877104 0.00257487 
0.0877104 0.00257769 
0.0877104 0.0025805 
0.0877104 0.00258332 
0.0877104 0.00258613 
0.0877104 0.00258894 
0.0877104 0.00259176 
0.0877104 0.00259457 
0.0877104 0.00259739 
0.0877104 0.0026002 
0.0878188 0.00244824 
0.0878188 0.00245106 
0.0878188 0.00245387 
0.0878188 0.00245668 
0.0878188 0.0024595 
0.0878188 0.00246231 
0.0878188 0.00246513 
0.0878188 0.00246794 
0.0878188 0.00247075 
0.0878188 0.00247357 
0.0878188 0.00247638 
0.0878188 0.0024792 
0.0878188 0.00248201 
0.0878188 0.00248482 
0.0878188 0.00248764 
0.0878188 0.00249045 
0.0878188 0.00249327 
0.0878188 0.00249608 
0.0878188 0.00249889 
0.0878188 0.00250171 
0.0878188 0.00250452 
0.0878188 0.00250734 
0.0878188 0.00251015 
0.0878188 0.00251296 
0.0878188 0.00251578 
0.0878188 0.00251859 
0.0878188 0.00252141 
0.0878188 0.00252422 
0.0878188 0.00252704 
0.0878188 0.00252985 
0.0878188 0.00253266 
0.0878188 0.00253548 
0.0878188 0.00253829 
0.0878188 0.00254111 
0.0878188 0.00254392 
0.0878188 0.00254673 
0.0878188 0.00254955 
0.0878188 0.00255236 
0.0878188 0.00255518 
0.0878188 0.00255799 
0.0878188 0.0025608 
0.0878188 0.00256362 
0.0878188 0.00256643 
0.0878188 0.00256925 
0.0878188 0.00257206 
0.0878188 0.00257487 
0.0878188 0.00257769 
0.0878188 0.0025805 
0.0878188 0.00258332 
0.0878188 0.00258613 
0.0878188 0.00258894 
0.0878188 0.00259176 
0.0878188 0.00259457 
0.0878188 0.00259739 
0.0879271 0.00244824 
0.0879271 0.00245106 
0.0879271 0.00245387 
0.0879271 0.00245668 
0.0879271 0.0024595 
0.0879271 0.00246231 
0.0879271 0.00246513 
0.0879271 0.00246794 
0.0879271 0.00247075 
0.0879271 0.00247357 
0.0879271 0.00247638 
0.0879271 0.0024792 
0.0879271 0.00248201 
0.0879271 0.00248482 
0.0879271 0.00248764 
0.0879271 0.00249045 
0.0879271 0.00249327 
0.0879271 0.00249608 
0.0879271 0.00249889 
0.0879271 0.00250171 
0.0879271 0.00250452 
0.0879271 0.00250734 
0.0879271 0.00251015 
0.0879271 0.00251296 
0.0879271 0.00251578 
0.0879271 0.00251859 
0.0879271 0.00252141 
0.0879271 0.00252422 
0.0879271 0.00252704 
0.0879271 0.00252985 
0.0879271 0.00253266 
0.0879271 0.00253548 
0.0879271 0.00253829 
0.0879271 0.00254111 
0.0879271 0.00254392 
0.0879271 0.00254673 
0.0879271 0.00254955 
0.0879271 0.00255236 
0.0879271 0.00255518 
0.0879271 0.00255799 
0.0879271 0.0025608 
0.0879271 0.00256362 
0.0879271 0.00256643 
0.0879271 0.00256925 
0.0879271 0.00257206 
0.0879271 0.00257487 
0.0879271 0.00257769 
0.0879271 0.0025805 
0.0879271 0.00258332 
0.0879271 0.00258613 
0.0879271 0.00258894 
0.0879271 0.00259176 
0.0879271 0.00259457 
0.0880354 0.00245106 
0.0880354 0.00245387 
0.0880354 0.00245668 
0.0880354 0.0024595 
0.0880354 0.00246231 
0.0880354 0.00246513 
0.0880354 0.00246794 
0.0880354 0.00247075 
0.0880354 0.00247357 
0.0880354 0.00247638 
0.0880354 0.0024792 
0.0880354 0.00248201 
0.0880354 0.00248482 
0.0880354 0.00248764 
0.0880354 0.00249045 
0.0880354 0.00249327 
0.0880354 0.00249608 
0.0880354 0.00249889 
0.0880354 0.00250171 
0.0880354 0.00250452 
0.0880354 0.00250734 
0.0880354 0.00251015 
0.0880354 0.00251296 
0.0880354 0.00251578 
0.0880354 0.00251859 
0.0880354 0.00252141 
0.0880354 0.00252422 
0.0880354 0.00252704 
0.0880354 0.00252985 
0.0880354 0.00253266 
0.0880354 0.00253548 
0.0880354 0.00253829 
0.0880354 0.00254111 
0.0880354 0.00254392 
0.0880354 0.00254673 
0.0880354 0.00254955 
0.0880354 0.00255236 
0.0880354 0.00255518 
0.0880354 0.00255799 
0.0880354 0.0025608 
0.0880354 0.00256362 
0.0880354 0.00256643 
0.0880354 0.00256925 
0.0880354 0.00257206 
0.0880354 0.00257487 
0.0880354 0.00257769 
0.0880354 0.0025805 
0.0880354 0.00258332 
0.0880354 0.00258613 
0.0880354 0.00258894 
0.0880354 0.00259176 
0.0881437 0.00245106 
0.0881437 0.00245387 
0.0881437 0.00245668 
0.0881437 0.0024595 
0.0881437 0.00246231 
0.0881437 0.00246513 
0.0881437 0.00246794 
0.0881437 0.00247075 
0.0881437 0.00247357 
0.0881437 0.00247638 
0.0881437 0.0024792 
0.0881437 0.00248201 
0.0881437 0.00248482 
0.0881437 0.00248764 
0.0881437 0.00249045 
0.0881437 0.00249327 
0.0881437 0.00249608 
0.0881437 0.00249889 
0.0881437 0.00250171 
0.0881437 0.00250452 
0.0881437 0.00250734 
0.0881437 0.00251015 
0.0881437 0.00251296 
0.0881437 0.00251578 
0.0881437 0.00251859 
0.0881437 0.00252141 
0.0881437 0.00252422 
0.0881437 0.00252704 
0.0881437 0.00252985 
0.0881437 0.00253266 
0.0881437 0.00253548 
0.0881437 0.00253829 
0.0881437 0.00254111 
0.0881437 0.00254392 
0.0881437 0.00254673 
0.0881437 0.00254955 
0.0881437 0.00255236 
0.0881437 0.00255518 
0.0881437 0.00255799 
0.0881437 0.0025608 
0.0881437 0.00256362 
0.0881437 0.00256643 
0.0881437 0.00256925 
0.0881437 0.00257206 
0.0881437 0.00257487 
0.0881437 0.00257769 
0.0881437 0.0025805 
0.0881437 0.00258332 
0.0881437 0.00258613 
0.0881437 0.00258894 
0.0881437 0.00259176 
0.088252 0.00245106 
0.088252 0.00245387 
0.088252 0.00245668 
0.088252 0.0024595 
0.088252 0.00246231 
0.088252 0.00246513 
0.088252 0.00246794 
0.088252 0.00247075 
0.088252 0.00247357 
0.088252 0.00247638 
0.088252 0.0024792 
0.088252 0.00248201 
0.088252 0.00248482 
0.088252 0.00248764 
0.088252 0.00249045 
0.088252 0.00249327 
0.088252 0.00249608 
0.088252 0.00249889 
0.088252 0.00250171 
0.088252 0.00250452 
0.088252 0.00250734 
0.088252 0.00251015 
0.088252 0.00251296 
0.088252 0.00251578 
0.088252 0.00251859 
0.088252 0.00252141 
0.088252 0.00252422 
0.088252 0.00252704 
0.088252 0.00252985 
0.088252 0.00253266 
0.088252 0.00253548 
0.088252 0.00253829 
0.088252 0.00254111 
0.088252 0.00254392 
0.088252 0.00254673 
0.088252 0.00254955 
0.088252 0.00255236 
0.088252 0.00255518 
0.088252 0.00255799 
0.088252 0.0025608 
0.088252 0.00256362 
0.088252 0.00256643 
0.088252 0.00256925 
0.088252 0.00257206 
0.088252 0.00257487 
0.088252 0.00257769 
0.088252 0.0025805 
0.088252 0.00258332 
0.088252 0.00258613 
0.088252 0.00258894 
0.0883603 0.00245387 
0.0883603 0.00245668 
0.0883603 0.0024595 
0.0883603 0.00246231 
0.0883603 0.00246513 
0.0883603 0.00246794 
0.0883603 0.00247075 
0.0883603 0.00247357 
0.0883603 0.00247638 
0.0883603 0.0024792 
0.0883603 0.00248201 
0.0883603 0.00248482 
0.0883603 0.00248764 
0.0883603 0.00249045 
0.0883603 0.00249327 
0.0883603 0.00249608 
0.0883603 0.00249889 
0.0883603 0.00250171 
0.0883603 0.00250452 
0.0883603 0.00250734 
0.0883603 0.00251015 
0.0883603 0.00251296 
0.0883603 0.00251578 
0.0883603 0.00251859 
0.0883603 0.00252141 
0.0883603 0.00252422 
0.0883603 0.00252704 
0.0883603 0.00252985 
0.0883603 0.00253266 
0.0883603 0.00253548 
0.0883603 0.00253829 
0.0883603 0.00254111 
0.0883603 0.00254392 
0.0883603 0.00254673 
0.0883603 0.00254955 
0.0883603 0.00255236 
0.0883603 0.00255518 
0.0883603 0.00255799 
0.0883603 0.0025608 
0.0883603 0.00256362 
0.0883603 0.00256643 
0.0883603 0.00256925 
0.0883603 0.00257206 
0.0883603 0.00257487 
0.0883603 0.00257769 
0.0883603 0.0025805 
0.0883603 0.00258332 
0.0883603 0.00258613 
0.0884686 0.00245387 
0.0884686 0.00245668 
0.0884686 0.0024595 
0.0884686 0.00246231 
0.0884686 0.00246513 
0.0884686 0.00246794 
0.0884686 0.00247075 
0.0884686 0.00247357 
0.0884686 0.00247638 
0.0884686 0.0024792 
0.0884686 0.00248201 
0.0884686 0.00248482 
0.0884686 0.00248764 
0.0884686 0.00249045 
0.0884686 0.00249327 
0.0884686 0.00249608 
0.0884686 0.00249889 
0.0884686 0.00250171 
0.0884686 0.00250452 
0.0884686 0.00250734 
0.0884686 0.00251015 
0.0884686 0.00251296 
0.0884686 0.00251578 
0.0884686 0.00251859 
0.0884686 0.00252141 
0.0884686 0.00252422 
0.0884686 0.00252704 
0.0884686 0.00252985 
0.0884686 0.00253266 
0.0884686 0.00253548 
0.0884686 0.00253829 
0.0884686 0.00254111 
0.0884686 0.00254392 
0.0884686 0.00254673 
0.0884686 0.00254955 
0.0884686 0.00255236 
0.0884686 0.00255518 
0.0884686 0.00255799 
0.0884686 0.0025608 
0.0884686 0.00256362 
0.0884686 0.00256643 
0.0884686 0.00256925 
0.0884686 0.00257206 
0.0884686 0.00257487 
0.0884686 0.00257769 
0.0884686 0.0025805 
0.0884686 0.00258332 
0.0885769 0.00245668 
0.0885769 0.0024595 
0.0885769 0.00246231 
0.0885769 0.00246513 
0.0885769 0.00246794 
0.0885769 0.00247075 
0.0885769 0.00247357 
0.0885769 0.00247638 
0.0885769 0.0024792 
0.0885769 0.00248201 
0.0885769 0.00248482 
0.0885769 0.00248764 
0.0885769 0.00249045 
0.0885769 0.00249327 
0.0885769 0.00249608 
0.0885769 0.00249889 
0.0885769 0.00250171 
0.0885769 0.00250452 
0.0885769 0.00250734 
0.0885769 0.00251015 
0.0885769 0.00251296 
0.0885769 0.00251578 
0.0885769 0.00251859 
0.0885769 0.00252141 
0.0885769 0.00252422 
0.0885769 0.00252704 
0.0885769 0.00252985 
0.0885769 0.00253266 
0.0885769 0.00253548 
0.0885769 0.00253829 
0.0885769 0.00254111 
0.0885769 0.00254392 
0.0885769 0.00254673 
0.0885769 0.00254955 
0.0885769 0.00255236 
0.0885769 0.00255518 
0.0885769 0.00255799 
0.0885769 0.0025608 
0.0885769 0.00256362 
0.0885769 0.00256643 
0.0885769 0.00256925 
0.0885769 0.00257206 
0.0885769 0.00257487 
0.0885769 0.00257769 
0.0885769 0.0025805 
0.0886852 0.0024595 
0.0886852 0.00246231 
0.0886852 0.00246513 
0.0886852 0.00246794 
0.0886852 0.00247075 
0.0886852 0.00247357 
0.0886852 0.00247638 
0.0886852 0.0024792 
0.0886852 0.00248201 
0.0886852 0.00248482 
0.0886852 0.00248764 
0.0886852 0.00249045 
0.0886852 0.00249327 
0.0886852 0.00249608 
0.0886852 0.00249889 
0.0886852 0.00250171 
0.0886852 0.00250452 
0.0886852 0.00250734 
0.0886852 0.00251015 
0.0886852 0.00251296 
0.0886852 0.00251578 
0.0886852 0.00251859 
0.0886852 0.00252141 
0.0886852 0.00252422 
0.0886852 0.00252704 
0.0886852 0.00252985 
0.0886852 0.00253266 
0.0886852 0.00253548 
0.0886852 0.00253829 
0.0886852 0.00254111 
0.0886852 0.00254392 
0.0886852 0.00254673 
0.0886852 0.00254955 
0.0886852 0.00255236 
0.0886852 0.00255518 
0.0886852 0.00255799 
0.0886852 0.0025608 
0.0886852 0.00256362 
0.0886852 0.00256643 
0.0886852 0.00256925 
0.0886852 0.00257206 
0.0886852 0.00257487 
0.0886852 0.00257769 
0.0887936 0.00246231 
0.0887936 0.00246513 
0.0887936 0.00246794 
0.0887936 0.00247075 
0.0887936 0.00247357 
0.0887936 0.00247638 
0.0887936 0.0024792 
0.0887936 0.00248201 
0.0887936 0.00248482 
0.0887936 0.00248764 
0.0887936 0.00249045 
0.0887936 0.00249327 
0.0887936 0.00249608 
0.0887936 0.00249889 
0.0887936 0.00250171 
0.0887936 0.00250452 
0.0887936 0.00250734 
0.0887936 0.00251015 
0.0887936 0.00251296 
0.0887936 0.00251578 
0.0887936 0.00251859 
0.0887936 0.00252141 
0.0887936 0.00252422 
0.0887936 0.00252704 
0.0887936 0.00252985 
0.0887936 0.00253266 
0.0887936 0.00253548 
0.0887936 0.00253829 
0.0887936 0.00254111 
0.0887936 0.00254392 
0.0887936 0.00254673 
0.0887936 0.00254955 
0.0887936 0.00255236 
0.0887936 0.00255518 
0.0887936 0.00255799 
0.0887936 0.0025608 
0.0887936 0.00256362 
0.0887936 0.00256643 
0.0887936 0.00256925 
0.0887936 0.00257206 
0.0887936 0.00257487 
0.0889019 0.00246513 
0.0889019 0.00246794 
0.0889019 0.00247075 
0.0889019 0.00247357 
0.0889019 0.00247638 
0.0889019 0.0024792 
0.0889019 0.00248201 
0.0889019 0.00248482 
0.0889019 0.00248764 
0.0889019 0.00249045 
0.0889019 0.00249327 
0.0889019 0.00249608 
0.0889019 0.00249889 
0.0889019 0.00250171 
0.0889019 0.00250452 
0.0889019 0.00250734 
0.0889019 0.00251015 
0.0889019 0.00251296 
0.0889019 0.00251578 
0.0889019 0.00251859 
0.0889019 0.00252141 
0.0889019 0.00252422 
0.0889019 0.00252704 
0.0889019 0.00252985 
0.0889019 0.00253266 
0.0889019 0.00253548 
0.0889019 0.00253829 
0.0889019 0.00254111 
0.0889019 0.00254392 
0.0889019 0.00254673 
0.0889019 0.00254955 
0.0889019 0.00255236 
0.0889019 0.00255518 
0.0889019 0.00255799 
0.0889019 0.0025608 
0.0889019 0.00256362 
0.0889019 0.00256643 
0.0889019 0.00256925 
0.0890102 0.00246794 
0.0890102 0.00247075 
0.0890102 0.00247357 
0.0890102 0.00247638 
0.0890102 0.0024792 
0.0890102 0.00248201 
0.0890102 0.00248482 
0.0890102 0.00248764 
0.0890102 0.00249045 
0.0890102 0.00249327 
0.0890102 0.00249608 
0.0890102 0.00249889 
0.0890102 0.00250171 
0.0890102 0.00250452 
0.0890102 0.00250734 
0.0890102 0.00251015 
0.0890102 0.00251296 
0.0890102 0.00251578 
0.0890102 0.00251859 
0.0890102 0.00252141 
0.0890102 0.00252422 
0.0890102 0.00252704 
0.0890102 0.00252985 
0.0890102 0.00253266 
0.0890102 0.00253548 
0.0890102 0.00253829 
0.0890102 0.00254111 
0.0890102 0.00254392 
0.0890102 0.00254673 
0.0890102 0.00254955 
0.0890102 0.00255236 
0.0890102 0.00255518 
0.0890102 0.00255799 
0.0890102 0.0025608 
0.0890102 0.00256362 
0.0890102 0.00256643 
0.0891185 0.00247075 
0.0891185 0.00247357 
0.0891185 0.00247638 
0.0891185 0.0024792 
0.0891185 0.00248201 
0.0891185 0.00248482 
0.0891185 0.00248764 
0.0891185 0.00249045 
0.0891185 0.00249327 
0.0891185 0.00249608 
0.0891185 0.00249889 
0.0891185 0.00250171 
0.0891185 0.00250452 
0.0891185 0.00250734 
0.0891185 0.00251015 
0.0891185 0.00251296 
0.0891185 0.00251578 
0.0891185 0.00251859 
0.0891185 0.00252141 
0.0891185 0.00252422 
0.0891185 0.00252704 
0.0891185 0.00252985 
0.0891185 0.00253266 
0.0891185 0.00253548 
0.0891185 0.00253829 
0.0891185 0.00254111 
0.0891185 0.00254392 
0.0891185 0.00254673 
0.0891185 0.00254955 
0.0891185 0.00255236 
0.0891185 0.00255518 
0.0891185 0.00255799 
0.0891185 0.0025608 
0.0891185 0.00256362 
0.0892268 0.00247357 
0.0892268 0.00247638 
0.0892268 0.0024792 
0.0892268 0.00248201 
0.0892268 0.00248482 
0.0892268 0.00248764 
0.0892268 0.00249045 
0.0892268 0.00249327 
0.0892268 0.00249608 
0.0892268 0.00249889 
0.0892268 0.00250171 
0.0892268 0.00250452 
0.0892268 0.00250734 
0.0892268 0.00251015 
0.0892268 0.00251296 
0.0892268 0.00251578 
0.0892268 0.00251859 
0.0892268 0.00252141 
0.0892268 0.00252422 
0.0892268 0.00252704 
0.0892268 0.00252985 
0.0892268 0.00253266 
0.0892268 0.00253548 
0.0892268 0.00253829 
0.0892268 0.00254111 
0.0892268 0.00254392 
0.0892268 0.00254673 
0.0892268 0.00254955 
0.0892268 0.00255236 
0.0892268 0.00255518 
0.0892268 0.00255799 
0.0892268 0.0025608 
0.0893351 0.00247357 
0.0893351 0.00247638 
0.0893351 0.0024792 
0.0893351 0.00248201 
0.0893351 0.00248482 
0.0893351 0.00248764 
0.0893351 0.00249045 
0.0893351 0.00249327 
0.0893351 0.00249608 
0.0893351 0.00249889 
0.0893351 0.00250171 
0.0893351 0.00250452 
0.0893351 0.00250734 
0.0893351 0.00251015 
0.0893351 0.00251296 
0.0893351 0.00251578 
0.0893351 0.00251859 
0.0893351 0.00252141 
0.0893351 0.00252422 
0.0893351 0.00252704 
0.0893351 0.00252985 
0.0893351 0.00253266 
0.0893351 0.00253548 
0.0893351 0.00253829 
0.0893351 0.00254111 
0.0893351 0.00254392 
0.0893351 0.00254673 
0.0893351 0.00254955 
0.0893351 0.00255236 
0.0893351 0.00255518 
0.0894434 0.00247638 
0.0894434 0.0024792 
0.0894434 0.00248201 
0.0894434 0.00248482 
0.0894434 0.00248764 
0.0894434 0.00249045 
0.0894434 0.00249327 
0.0894434 0.00249608 
0.0894434 0.00249889 
0.0894434 0.00250171 
0.0894434 0.00250452 
0.0894434 0.00250734 
0.0894434 0.00251015 
0.0894434 0.00251296 
0.0894434 0.00251578 
0.0894434 0.00251859 
0.0894434 0.00252141 
0.0894434 0.00252422 
0.0894434 0.00252704 
0.0894434 0.00252985 
0.0894434 0.00253266 
0.0894434 0.00253548 
0.0894434 0.00253829 
0.0894434 0.00254111 
0.0894434 0.00254392 
0.0894434 0.00254673 
0.0894434 0.00254955 
0.0895517 0.0024792 
0.0895517 0.00248201 
0.0895517 0.00248482 
0.0895517 0.00248764 
0.0895517 0.00249045 
0.0895517 0.00249327 
0.0895517 0.00249608 
0.0895517 0.00249889 
0.0895517 0.00250171 
0.0895517 0.00250452 
0.0895517 0.00250734 
0.0895517 0.00251015 
0.0895517 0.00251296 
0.0895517 0.00251578 
0.0895517 0.00251859 
0.0895517 0.00252141 
0.0895517 0.00252422 
0.0895517 0.00252704 
0.0895517 0.00252985 
0.0895517 0.00253266 
0.0895517 0.00253548 
0.0895517 0.00253829 
0.0895517 0.00254111 
0.08966 0.00248764 
0.08966 0.00249045 
0.08966 0.00249327 
0.08966 0.00249608 
0.08966 0.00249889 
0.08966 0.00250171 
0.08966 0.00250452 
0.08966 0.00250734 
0.08966 0.00251015 
0.08966 0.00251296 
0.08966 0.00251578 
0.08966 0.00251859 
0.08966 0.00252141 
0.08966 0.00252422 
0.08966 0.00252704 
0.08966 0.00252985 
0.08966 0.00253266 
0.08966 0.00253548 
0.0897684 0.00250171 
0.0897684 0.00250452 
0.0897684 0.00250734 
0.0897684 0.00251015 
0.0897684 0.00251296 
0.0897684 0.00251578 
0.0897684 0.00251859 
0.0897684 0.00252141 
0.0897684 0.00252422 
0.0897684 0.00252704 
0.0898767 0.00251296 
0.0898767 0.00251578 
0.0898767 0.00251859 
0.0898767 0.00252141 
