   2.0012500000000000E-003
   2.0024999999999999E-003
   2.0037499999999999E-003
   2.0049999999999998E-003
   2.0062500000000002E-003
   2.0075000000000002E-003
   2.0087500000000001E-003
   2.0100000000000001E-003
   2.0112500000000000E-003
   2.0125000000000000E-003
   2.0137499999999999E-003
   2.0149999999999999E-003
   2.0162500000000002E-003
   2.0175000000000002E-003
   2.0187500000000001E-003
   2.0200000000000001E-003
   2.0212500000000000E-003
   2.0225000000000000E-003
   2.0237499999999999E-003
   2.0249999999999999E-003
   2.0262499999999998E-003
   2.0275000000000002E-003
   2.0287500000000002E-003
   2.0300000000000001E-003
   2.0312500000000001E-003
   2.0325000000000000E-003
   2.0337500000000000E-003
   2.0349999999999999E-003
   2.0362499999999999E-003
   2.0375000000000002E-003
   2.0387500000000002E-003
   2.0400000000000001E-003
   2.0412500000000001E-003
   2.0425000000000000E-003
   2.0437500000000000E-003
   2.0449999999999999E-003
   2.0462499999999999E-003
   2.0474999999999998E-003
   2.0487500000000002E-003
   2.0500000000000002E-003
   2.0512500000000001E-003
   2.0525000000000001E-003
   2.0537500000000000E-003
   2.0550000000000000E-003
   2.0562499999999999E-003
   2.0574999999999999E-003
   2.0587499999999998E-003
   2.0600000000000002E-003
   2.0612500000000001E-003
   2.0625000000000001E-003
   2.0637500000000000E-003
   2.0650000000000000E-003
   2.0662499999999999E-003
   2.0674999999999999E-003
   2.0687499999999998E-003
   2.0700000000000002E-003
   2.0712500000000002E-003
   2.0725000000000001E-003
   2.0737500000000001E-003
   2.0750000000000000E-003
   2.0762500000000000E-003
   2.0774999999999999E-003
   2.0787499999999999E-003
   2.0800000000000003E-003
   2.0812500000000002E-003
   2.0825000000000001E-003
   2.0837500000000001E-003
   2.0850000000000000E-003
   2.0862500000000000E-003
   2.0874999999999999E-003
   2.0887499999999999E-003
   2.0899999999999998E-003
   2.0912500000000002E-003
   2.0925000000000002E-003
   2.0937500000000001E-003
   2.0950000000000001E-003
   2.0962500000000000E-003
   2.0975000000000000E-003
   2.0987499999999999E-003
   2.0999999999999999E-003
   2.1012499999999998E-003
   2.1025000000000002E-003
   2.1037500000000002E-003
   2.1050000000000001E-003
   2.1062500000000000E-003
   2.1075000000000000E-003
   2.1087499999999999E-003
   2.1099999999999999E-003
   2.1112499999999998E-003
   2.1125000000000002E-003
   2.1137500000000002E-003
   2.1150000000000001E-003
   2.1162500000000001E-003
   2.1175000000000000E-003
   2.1187500000000000E-003
   2.1199999999999999E-003
   2.1212499999999999E-003
   2.1225000000000003E-003
   2.1237500000000002E-003
   2.1250000000000002E-003
   2.1262500000000001E-003
   2.1275000000000001E-003
   2.1287500000000000E-003
   2.1299999999999999E-003
   2.1312499999999999E-003
   2.1324999999999998E-003
   2.1337500000000002E-003
   2.1350000000000002E-003
   2.1362500000000001E-003
   2.1375000000000001E-003
   2.1387500000000000E-003
   2.1400000000000000E-003
   2.1412499999999999E-003
   2.1424999999999999E-003
   2.1437499999999998E-003
   2.1450000000000002E-003
   2.1462500000000002E-003
   2.1475000000000001E-003
   2.1487500000000001E-003
   2.1500000000000000E-003
   2.1512500000000000E-003
   2.1524999999999999E-003
   2.1537499999999998E-003
   2.1549999999999998E-003
   2.1562500000000002E-003
   2.1575000000000001E-003
   2.1587500000000001E-003
   2.1600000000000000E-003
   2.1612500000000000E-003
   2.1624999999999999E-003
   2.1637499999999999E-003
   2.1650000000000003E-003
   2.1662500000000002E-003
   2.1675000000000002E-003
   2.1687500000000001E-003
   2.1700000000000001E-003
   2.1712500000000000E-003
   2.1725000000000000E-003
   2.1737499999999999E-003
   2.1749999999999999E-003
   2.1762500000000002E-003
   2.1775000000000002E-003
   2.1787500000000001E-003
   2.1800000000000001E-003
   2.1812500000000000E-003
   2.1825000000000000E-003
   2.1837499999999999E-003
   2.1849999999999999E-003
   2.1862499999999998E-003
   2.1875000000000002E-003
   2.1887500000000002E-003
   2.1900000000000001E-003
   2.1912500000000001E-003
   2.1925000000000000E-003
   2.1937500000000000E-003
   2.1949999999999999E-003
   2.1962499999999999E-003
   2.1974999999999998E-003
   2.1987500000000002E-003
   2.2000000000000001E-003
   2.2012500000000001E-003
   2.2025000000000000E-003
   2.2037500000000000E-003
   2.2049999999999999E-003
   2.2062499999999999E-003
   2.2074999999999998E-003
   2.2087500000000002E-003
   2.2100000000000002E-003
   2.2112500000000001E-003
   2.2125000000000001E-003
   2.2137500000000000E-003
   2.2150000000000000E-003
   2.2162499999999999E-003
   2.2174999999999999E-003
   2.2187500000000002E-003
   2.2200000000000002E-003
   2.2212500000000001E-003
   2.2225000000000001E-003
   2.2237500000000000E-003
   2.2250000000000000E-003
   2.2262499999999999E-003
   2.2274999999999999E-003
   2.2287499999999998E-003
   2.2300000000000002E-003
   2.2312500000000002E-003
   2.2325000000000001E-003
   2.2337500000000001E-003
   2.2350000000000000E-003
   2.2362500000000000E-003
   2.2374999999999999E-003
   2.2387499999999999E-003
   2.2399999999999998E-003
   2.2412500000000002E-003
   2.2425000000000001E-003
   2.2437500000000001E-003
   2.2450000000000000E-003
   2.2462500000000000E-003
   2.2474999999999999E-003
   2.2487499999999999E-003
   2.2500000000000003E-003
   2.2512499999999998E-003
   2.2525000000000002E-003
   2.2537500000000001E-003
   2.2550000000000001E-003
   2.2562500000000000E-003
   2.2575000000000000E-003
   2.2587499999999999E-003
   2.2599999999999999E-003
   2.2612500000000002E-003
   2.2625000000000002E-003
   2.2637500000000001E-003
   2.2650000000000001E-003
   2.2662500000000000E-003
   2.2675000000000000E-003
   2.2687499999999999E-003
   2.2699999999999999E-003
   2.2712499999999998E-003
   2.2725000000000002E-003
   2.2737500000000002E-003
   2.2750000000000001E-003
   2.2762500000000001E-003
   2.2775000000000000E-003
   2.2787500000000000E-003
   2.2799999999999999E-003
   2.2812499999999999E-003
   2.2824999999999998E-003
   2.2837500000000002E-003
   2.2850000000000001E-003
   2.2862500000000001E-003
   2.2875000000000000E-003
   2.2887500000000000E-003
   2.2899999999999999E-003
   2.2912499999999999E-003
   2.2924999999999998E-003
   2.2937499999999998E-003
   2.2950000000000002E-003
   2.2962500000000001E-003
   2.2975000000000001E-003
   2.2987500000000000E-003
   2.3000000000000000E-003
   2.3012499999999999E-003
   2.3024999999999999E-003
   2.3037500000000002E-003
   2.3050000000000002E-003
   2.3062500000000001E-003
   2.3075000000000001E-003
   2.3087500000000000E-003
   2.3100000000000000E-003
   2.3112499999999999E-003
   2.3124999999999999E-003
   2.3137499999999998E-003
   2.3150000000000002E-003
   2.3162500000000002E-003
   2.3175000000000001E-003
   2.3187500000000001E-003
   2.3200000000000000E-003
   2.3212500000000000E-003
   2.3224999999999999E-003
   2.3237499999999999E-003
   2.3249999999999998E-003
   2.3262500000000002E-003
   2.3275000000000001E-003
   2.3287500000000001E-003
   2.3300000000000000E-003
   2.3312500000000000E-003
   2.3324999999999999E-003
   2.3337499999999999E-003
   2.3349999999999998E-003
   2.3362499999999998E-003
   2.3375000000000002E-003
   2.3387500000000001E-003
   2.3400000000000001E-003
   2.3412500000000000E-003
   2.3425000000000000E-003
   2.3437499999999999E-003
   2.3449999999999999E-003
   2.3462500000000002E-003
   2.3475000000000002E-003
   2.3487500000000001E-003
   2.3500000000000001E-003
   2.3512500000000000E-003
   2.3525000000000000E-003
   2.3537499999999999E-003
   2.3549999999999999E-003
   2.3562499999999998E-003
   2.3575000000000002E-003
   2.3587500000000002E-003
   2.3600000000000001E-003
   2.3612500000000001E-003
   2.3625000000000000E-003
   2.3637500000000000E-003
   2.3649999999999999E-003
   2.3662499999999999E-003
   2.3674999999999998E-003
   2.3687500000000002E-003
   2.3700000000000001E-003
   2.3712500000000001E-003
   2.3725000000000000E-003
   2.3737500000000000E-003
   2.3749999999999999E-003
   2.3762499999999999E-003
   2.3774999999999998E-003
   2.3787499999999998E-003
   2.3800000000000002E-003
   2.3812500000000001E-003
   2.3825000000000001E-003
   2.3837500000000000E-003
   2.3850000000000000E-003
   2.3862499999999999E-003
   2.3874999999999999E-003
   2.3887500000000002E-003
   2.3899999999999998E-003
   2.3912500000000001E-003
   2.3925000000000001E-003
   2.3937500000000000E-003
   2.3950000000000000E-003
   2.3962499999999999E-003
   2.3974999999999999E-003
   2.3987499999999998E-003
   2.4000000000000002E-003
   2.4012500000000002E-003
   2.4025000000000001E-003
   2.4037500000000001E-003
   2.4050000000000000E-003
   2.4062500000000000E-003
   2.4074999999999999E-003
   2.4087499999999999E-003
   2.4099999999999998E-003
   2.4112500000000002E-003
   2.4125000000000001E-003
   2.4137500000000001E-003
   2.4150000000000000E-003
   2.4162500000000000E-003
   2.4174999999999999E-003
   2.4187499999999999E-003
   2.4199999999999998E-003
   2.4212499999999998E-003
   2.4225000000000002E-003
   2.4237500000000001E-003
   2.4250000000000001E-003
   2.4262500000000000E-003
   2.4275000000000000E-003
   2.4287499999999999E-003
   2.4299999999999999E-003
   2.4312499999999998E-003
   2.4324999999999998E-003
   2.4337500000000001E-003
   2.4350000000000001E-003
   2.4362500000000000E-003
   2.4375000000000000E-003
   2.4387499999999999E-003
   2.4399999999999999E-003
   2.4412499999999998E-003
   2.4425000000000002E-003
   2.4437500000000002E-003
   2.4450000000000001E-003
   2.4462500000000001E-003
   2.4475000000000000E-003
   2.4487500000000000E-003
   2.4499999999999999E-003
   2.4512499999999999E-003
   2.4524999999999998E-003
   2.4537500000000002E-003
   2.4550000000000002E-003
   2.4562500000000001E-003
   2.4575000000000000E-003
   2.4587500000000000E-003
   2.4599999999999999E-003
   2.4612499999999999E-003
   2.4624999999999998E-003
   2.4637499999999998E-003
   2.4650000000000002E-003
   2.4662500000000001E-003
   2.4675000000000001E-003
   2.4687500000000000E-003
   2.4700000000000000E-003
   2.4712499999999999E-003
   2.4724999999999999E-003
   2.4737499999999998E-003
   2.4749999999999998E-003
   2.4762500000000002E-003
   2.4775000000000001E-003
   2.4787500000000001E-003
   2.4800000000000000E-003
   2.4812499999999999E-003
   2.4824999999999999E-003
   2.4837499999999998E-003
   2.4850000000000002E-003
   2.4862500000000002E-003
   2.4875000000000001E-003
   2.4887500000000001E-003
   2.4900000000000000E-003
   2.4912500000000000E-003
   2.4924999999999999E-003
   2.4937499999999999E-003
   2.4949999999999998E-003
   2.4962500000000002E-003
   2.4975000000000002E-003
   2.4987500000000001E-003
   2.5000000000000001E-003
   2.5012500000000000E-003
   2.5025000000000000E-003
   2.5037499999999999E-003
   2.5049999999999998E-003
   2.5062499999999998E-003
   2.5075000000000002E-003
   2.5087500000000001E-003
   2.5100000000000001E-003
   2.5112500000000000E-003
   2.5125000000000000E-003
   2.5137499999999999E-003
   2.5149999999999999E-003
   2.5162500000000003E-003
   2.5174999999999998E-003
   2.5187500000000002E-003
   2.5200000000000001E-003
   2.5212500000000001E-003
   2.5225000000000000E-003
   2.5237500000000000E-003
   2.5249999999999999E-003
   2.5262499999999998E-003
   2.5275000000000002E-003
   2.5287499999999997E-003
   2.5300000000000001E-003
   2.5312500000000001E-003
   2.5325000000000000E-003
   2.5337500000000000E-003
   2.5349999999999999E-003
   2.5362499999999999E-003
   2.5374999999999998E-003
   2.5387500000000002E-003
   2.5399999999999997E-003
   2.5412500000000001E-003
   2.5425000000000001E-003
   2.5437500000000000E-003
   2.5450000000000000E-003
   2.5462499999999999E-003
   2.5474999999999999E-003
   2.5487499999999998E-003
   2.5500000000000002E-003
   2.5512500000000001E-003
   2.5525000000000001E-003
   2.5537500000000000E-003
   2.5550000000000000E-003
   2.5562499999999999E-003
   2.5574999999999999E-003
   2.5587500000000003E-003
   2.5599999999999998E-003
   2.5612500000000002E-003
   2.5625000000000001E-003
   2.5637500000000001E-003
   2.5650000000000000E-003
   2.5662500000000000E-003
   2.5674999999999999E-003
   2.5687499999999999E-003
   2.5700000000000002E-003
   2.5712499999999998E-003
   2.5725000000000001E-003
   2.5737500000000001E-003
   2.5750000000000000E-003
   2.5762500000000000E-003
   2.5774999999999999E-003
   2.5787499999999999E-003
   2.5799999999999998E-003
   2.5812500000000002E-003
   2.5824999999999997E-003
   2.5837500000000001E-003
   2.5850000000000001E-003
   2.5862500000000000E-003
   2.5875000000000000E-003
   2.5887499999999999E-003
   2.5899999999999999E-003
   2.5912499999999998E-003
   2.5925000000000002E-003
   2.5937500000000001E-003
   2.5950000000000001E-003
   2.5962500000000000E-003
   2.5975000000000000E-003
   2.5987499999999999E-003
   2.5999999999999999E-003
   2.6012499999999998E-003
   2.6024999999999998E-003
   2.6037500000000002E-003
   2.6050000000000001E-003
   2.6062500000000001E-003
   2.6075000000000000E-003
   2.6087500000000000E-003
   2.6099999999999999E-003
   2.6112499999999999E-003
   2.6125000000000002E-003
   2.6137499999999998E-003
   2.6150000000000001E-003
   2.6162500000000001E-003
   2.6175000000000000E-003
   2.6187500000000000E-003
   2.6199999999999999E-003
   2.6212499999999999E-003
   2.6224999999999998E-003
   2.6237500000000002E-003
   2.6249999999999997E-003
   2.6262500000000001E-003
   2.6275000000000001E-003
   2.6287500000000000E-003
   2.6300000000000000E-003
   2.6312499999999999E-003
   2.6324999999999999E-003
   2.6337499999999998E-003
   2.6350000000000002E-003
   2.6362500000000001E-003
   2.6375000000000001E-003
   2.6387500000000000E-003
   2.6400000000000000E-003
   2.6412499999999999E-003
   2.6424999999999999E-003
   2.6437499999999998E-003
   2.6449999999999998E-003
   2.6462500000000002E-003
   2.6475000000000001E-003
   2.6487500000000001E-003
   2.6500000000000000E-003
   2.6512500000000000E-003
   2.6524999999999999E-003
   2.6537499999999999E-003
   2.6550000000000002E-003
   2.6562499999999998E-003
   2.6575000000000001E-003
   2.6587500000000001E-003
   2.6600000000000000E-003
   2.6612500000000000E-003
   2.6624999999999999E-003
   2.6637499999999999E-003
   2.6649999999999998E-003
   2.6662500000000002E-003
   2.6674999999999997E-003
   2.6687500000000001E-003
   2.6700000000000001E-003
   2.6712500000000000E-003
   2.6725000000000000E-003
   2.6737499999999999E-003
   2.6749999999999999E-003
   2.6762499999999998E-003
   2.6775000000000002E-003
   2.6787500000000001E-003
   2.6800000000000001E-003
   2.6812500000000000E-003
   2.6825000000000000E-003
   2.6837499999999999E-003
   2.6849999999999999E-003
   2.6862499999999998E-003
   2.6874999999999998E-003
   2.6887500000000002E-003
   2.6900000000000001E-003
   2.6912500000000001E-003
   2.6925000000000000E-003
   2.6937500000000000E-003
   2.6949999999999999E-003
   2.6962499999999999E-003
   2.6975000000000002E-003
   2.6987499999999998E-003
   2.7000000000000001E-003
   2.7012500000000001E-003
   2.7025000000000000E-003
   2.7037500000000000E-003
   2.7049999999999999E-003
   2.7062499999999999E-003
   2.7074999999999998E-003
   2.7087500000000002E-003
   2.7099999999999997E-003
   2.7112500000000001E-003
   2.7125000000000001E-003
   2.7137500000000000E-003
   2.7150000000000000E-003
   2.7162499999999999E-003
   2.7174999999999999E-003
   2.7187499999999998E-003
   2.7200000000000002E-003
   2.7212499999999997E-003
   2.7225000000000001E-003
   2.7237500000000000E-003
   2.7250000000000000E-003
   2.7262499999999999E-003
   2.7274999999999999E-003
   2.7287499999999998E-003
   2.7299999999999998E-003
   2.7312500000000002E-003
   2.7325000000000001E-003
   2.7337500000000001E-003
   2.7350000000000000E-003
   2.7362500000000000E-003
   2.7374999999999999E-003
   2.7387499999999999E-003
   2.7400000000000002E-003
   2.7412499999999998E-003
   2.7425000000000001E-003
   2.7437500000000001E-003
   2.7450000000000000E-003
   2.7462500000000000E-003
   2.7474999999999999E-003
   2.7487499999999999E-003
   2.7499999999999998E-003
   2.7512500000000002E-003
   2.7524999999999997E-003
   2.7537500000000001E-003
   2.7550000000000001E-003
   2.7562500000000000E-003
   2.7575000000000000E-003
   2.7587499999999999E-003
   2.7599999999999999E-003
   2.7612499999999998E-003
   2.7625000000000002E-003
   2.7637499999999997E-003
   2.7650000000000001E-003
   2.7662500000000000E-003
   2.7675000000000000E-003
   2.7687499999999999E-003
   2.7699999999999999E-003
   2.7712499999999998E-003
   2.7724999999999998E-003
   2.7737500000000002E-003
   2.7750000000000001E-003
   2.7762500000000001E-003
   2.7775000000000000E-003
   2.7787500000000000E-003
   2.7799999999999999E-003
   2.7812499999999999E-003
   2.7824999999999998E-003
   2.7837499999999998E-003
   2.7850000000000001E-003
   2.7862500000000001E-003
   2.7875000000000000E-003
   2.7887500000000000E-003
   2.7899999999999999E-003
   2.7912499999999999E-003
   2.7924999999999998E-003
   2.7937500000000002E-003
   2.7949999999999997E-003
   2.7962500000000001E-003
   2.7975000000000001E-003
   2.7987500000000000E-003
   2.8000000000000000E-003
   2.8012499999999999E-003
   2.8024999999999999E-003
   2.8037499999999998E-003
   2.8050000000000002E-003
   2.8062499999999997E-003
   2.8075000000000001E-003
   2.8087500000000000E-003
   2.8100000000000000E-003
   2.8112499999999999E-003
   2.8124999999999999E-003
   2.8137499999999998E-003
   2.8149999999999998E-003
   2.8162500000000002E-003
   2.8175000000000001E-003
   2.8187500000000001E-003
   2.8200000000000000E-003
   2.8212500000000000E-003
   2.8224999999999999E-003
   2.8237499999999999E-003
   2.8249999999999998E-003
   2.8262499999999998E-003
   2.8275000000000002E-003
   2.8287500000000001E-003
   2.8300000000000001E-003
   2.8312500000000000E-003
   2.8324999999999999E-003
   2.8337499999999999E-003
   2.8349999999999998E-003
   2.8362500000000002E-003
   2.8374999999999997E-003
   2.8387500000000001E-003
   2.8400000000000001E-003
   2.8412500000000000E-003
   2.8425000000000000E-003
   2.8437499999999999E-003
   2.8449999999999999E-003
   2.8462499999999998E-003
   2.8475000000000002E-003
   2.8487499999999997E-003
   2.8500000000000001E-003
   2.8512500000000001E-003
   2.8525000000000000E-003
   2.8537499999999999E-003
   2.8549999999999999E-003
   2.8562499999999998E-003
   2.8574999999999998E-003
   2.8587500000000002E-003
   2.8599999999999997E-003
   2.8612500000000001E-003
   2.8625000000000000E-003
   2.8637500000000000E-003
   2.8649999999999999E-003
   2.8662499999999999E-003
   2.8674999999999998E-003
   2.8687499999999998E-003
   2.8700000000000002E-003
   2.8712500000000001E-003
   2.8725000000000001E-003
   2.8737500000000000E-003
   2.8750000000000000E-003
   2.8762499999999999E-003
   2.8774999999999998E-003
   2.8787500000000002E-003
   2.8799999999999997E-003
   2.8812500000000001E-003
   2.8825000000000001E-003
   2.8837500000000000E-003
   2.8850000000000000E-003
   2.8862499999999999E-003
   2.8874999999999999E-003
   2.8887499999999998E-003
   2.8900000000000002E-003
   2.8912499999999997E-003
   2.8925000000000001E-003
   2.8937500000000001E-003
   2.8950000000000000E-003
   2.8962500000000000E-003
   2.8974999999999999E-003
   2.8987499999999999E-003
   2.8999999999999998E-003
   2.9012500000000002E-003
   2.9024999999999997E-003
   2.9037500000000001E-003
   2.9050000000000000E-003
   2.9062500000000000E-003
   2.9074999999999999E-003
   2.9087499999999999E-003
   2.9099999999999998E-003
   2.9112499999999998E-003
   2.9125000000000002E-003
   2.9137500000000001E-003
   2.9150000000000001E-003
   2.9162500000000000E-003
   2.9175000000000000E-003
   2.9187499999999999E-003
   2.9199999999999999E-003
   2.9212499999999998E-003
   2.9224999999999998E-003
   2.9237500000000001E-003
   2.9250000000000001E-003
   2.9262500000000000E-003
   2.9275000000000000E-003
   2.9287499999999999E-003
   2.9299999999999999E-003
   2.9312499999999998E-003
   2.9325000000000002E-003
   2.9337499999999997E-003
   2.9350000000000001E-003
   2.9362500000000001E-003
   2.9375000000000000E-003
   2.9387500000000000E-003
   2.9399999999999999E-003
   2.9412499999999999E-003
   2.9424999999999998E-003
   2.9437500000000002E-003
   2.9449999999999997E-003
   2.9462500000000001E-003
   2.9475000000000000E-003
   2.9487500000000000E-003
   2.9499999999999999E-003
   2.9512499999999999E-003
   2.9524999999999998E-003
   2.9537499999999998E-003
   2.9550000000000002E-003
   2.9562500000000001E-003
   2.9575000000000001E-003
   2.9587500000000000E-003
   2.9600000000000000E-003
   2.9612499999999999E-003
   2.9624999999999999E-003
   2.9637499999999998E-003
   2.9649999999999998E-003
   2.9662500000000001E-003
   2.9675000000000001E-003
   2.9687500000000000E-003
   2.9700000000000000E-003
   2.9712499999999999E-003
   2.9724999999999999E-003
   2.9737499999999998E-003
   2.9750000000000002E-003
   2.9762499999999997E-003
   2.9775000000000001E-003
   2.9787500000000001E-003
   2.9800000000000000E-003
   2.9812500000000000E-003
   2.9824999999999999E-003
   2.9837499999999999E-003
   2.9849999999999998E-003
   2.9862500000000002E-003
   2.9874999999999997E-003
   2.9887500000000001E-003
   2.9900000000000000E-003
   2.9912500000000000E-003
   2.9924999999999999E-003
   2.9937499999999999E-003
   2.9950000000000003E-003
   2.9962499999999998E-003
   2.9975000000000002E-003
   2.9987499999999997E-003
   3.0000000000000001E-003
   3.0012500000000000E-003
   3.0025000000000000E-003
   3.0037499999999999E-003
   3.0049999999999999E-003
   3.0062500000000002E-003
   3.0074999999999998E-003
   3.0087500000000001E-003
   3.0099999999999997E-003
   3.0112500000000000E-003
   3.0125000000000000E-003
   3.0137499999999999E-003
   3.0149999999999999E-003
   3.0162499999999998E-003
   3.0175000000000002E-003
   3.0187499999999997E-003
   3.0200000000000001E-003
   3.0212499999999996E-003
   3.0225000000000000E-003
   3.0237500000000000E-003
   3.0249999999999999E-003
   3.0262499999999999E-003
   3.0274999999999998E-003
   3.0287500000000002E-003
   3.0299999999999997E-003
   3.0312500000000001E-003
   3.0325000000000000E-003
   3.0337500000000000E-003
   3.0349999999999999E-003
   3.0362499999999999E-003
   3.0375000000000003E-003
   3.0387499999999998E-003
   3.0400000000000002E-003
   3.0412499999999997E-003
   3.0425000000000001E-003
   3.0437500000000000E-003
   3.0450000000000000E-003
   3.0462499999999999E-003
   3.0474999999999999E-003
   3.0487500000000002E-003
   3.0499999999999998E-003
   3.0512500000000001E-003
   3.0524999999999997E-003
   3.0537500000000000E-003
   3.0550000000000000E-003
   3.0562499999999999E-003
   3.0574999999999999E-003
   3.0587499999999998E-003
   3.0600000000000002E-003
   3.0612499999999997E-003
   3.0625000000000001E-003
   3.0637499999999996E-003
   3.0650000000000000E-003
   3.0662500000000000E-003
   3.0674999999999999E-003
   3.0687499999999999E-003
   3.0699999999999998E-003
   3.0712500000000002E-003
   3.0724999999999997E-003
   3.0737500000000001E-003
   3.0750000000000000E-003
   3.0762500000000000E-003
   3.0774999999999999E-003
   3.0787499999999999E-003
   3.0799999999999998E-003
   3.0812499999999998E-003
   3.0825000000000002E-003
   3.0837499999999997E-003
   3.0850000000000001E-003
   3.0862500000000000E-003
   3.0875000000000000E-003
   3.0887499999999999E-003
   3.0899999999999999E-003
   3.0912500000000002E-003
   3.0924999999999998E-003
   3.0937500000000001E-003
   3.0949999999999997E-003
   3.0962500000000000E-003
   3.0975000000000000E-003
   3.0987499999999999E-003
   3.0999999999999999E-003
   3.1012499999999998E-003
   3.1025000000000002E-003
   3.1037499999999997E-003
   3.1050000000000001E-003
   3.1062499999999996E-003
   3.1075000000000000E-003
   3.1087500000000000E-003
   3.1099999999999999E-003
   3.1112499999999999E-003
   3.1124999999999998E-003
   3.1137500000000002E-003
   3.1149999999999997E-003
   3.1162500000000001E-003
   3.1175000000000000E-003
   3.1187500000000000E-003
   3.1199999999999999E-003
   3.1212499999999999E-003
   3.1224999999999998E-003
   3.1237499999999998E-003
   3.1250000000000002E-003
   3.1262499999999997E-003
   3.1275000000000001E-003
   3.1287500000000000E-003
   3.1300000000000000E-003
   3.1312499999999999E-003
   3.1324999999999999E-003
   3.1337500000000003E-003
   3.1349999999999998E-003
   3.1362500000000001E-003
   3.1374999999999997E-003
   3.1387500000000000E-003
   3.1400000000000000E-003
   3.1412499999999999E-003
   3.1424999999999999E-003
   3.1437499999999998E-003
   3.1450000000000002E-003
   3.1462499999999997E-003
   3.1475000000000001E-003
   3.1487499999999996E-003
   3.1500000000000000E-003
   3.1512500000000000E-003
   3.1524999999999999E-003
   3.1537499999999999E-003
   3.1549999999999998E-003
   3.1562500000000002E-003
   3.1574999999999997E-003
   3.1587500000000001E-003
   3.1600000000000000E-003
   3.1612500000000000E-003
   3.1624999999999999E-003
   3.1637499999999999E-003
   3.1649999999999998E-003
   3.1662499999999998E-003
   3.1675000000000002E-003
   3.1687499999999997E-003
   3.1700000000000001E-003
   3.1712500000000000E-003
   3.1725000000000000E-003
   3.1737499999999999E-003
   3.1749999999999999E-003
   3.1762500000000003E-003
   3.1774999999999998E-003
   3.1787500000000002E-003
   3.1799999999999997E-003
   3.1812500000000000E-003
   3.1825000000000000E-003
   3.1837499999999999E-003
   3.1849999999999999E-003
   3.1862499999999998E-003
   3.1875000000000002E-003
   3.1887499999999997E-003
   3.1900000000000001E-003
   3.1912499999999996E-003
   3.1925000000000000E-003
   3.1937500000000000E-003
   3.1949999999999999E-003
   3.1962499999999999E-003
   3.1974999999999998E-003
   3.1987500000000002E-003
   3.1999999999999997E-003
   3.2012500000000001E-003
   3.2024999999999996E-003
   3.2037500000000000E-003
   3.2049999999999999E-003
   3.2062499999999999E-003
   3.2074999999999998E-003
   3.2087499999999998E-003
   3.2100000000000002E-003
   3.2112499999999997E-003
   3.2125000000000001E-003
   3.2137500000000000E-003
   3.2150000000000000E-003
   3.2162499999999999E-003
   3.2174999999999999E-003
   3.2187500000000003E-003
   3.2199999999999998E-003
   3.2212500000000002E-003
   3.2224999999999997E-003
   3.2237500000000001E-003
   3.2250000000000000E-003
   3.2262500000000000E-003
   3.2274999999999999E-003
   3.2287499999999998E-003
   3.2300000000000002E-003
   3.2312499999999997E-003
   3.2325000000000001E-003
   3.2337499999999996E-003
   3.2350000000000000E-003
   3.2362500000000000E-003
   3.2374999999999999E-003
   3.2387499999999999E-003
   3.2399999999999998E-003
   3.2412500000000002E-003
   3.2424999999999997E-003
   3.2437500000000001E-003
   3.2449999999999996E-003
   3.2462500000000000E-003
   3.2475000000000000E-003
   3.2487499999999999E-003
   3.2499999999999999E-003
