0.07212613372706178 6.818181818181818
0.07284177539397957 6.311688311688313
0.07356043028896855 5.727272727272728
0.07427757856992193 5.181818181818182
0.07499472685087538 4.636363636363637
0.07665049567601773 3.8181818181818183
0.07784072076415463 3.0389610389610393
0.07949799620333264 2.1818181818181817
0.08138277036188868 1.441558441558442
0.08349654985385843 0.7792207792207808
0.08560128966161448 0.350649350649352
0.08746647783770753 0.11688311688311614
0.08932563955765813 0.03896103896103931
0.09256485973423328 0.2727272727272734
0.0948684725946907 0.7012987012987022
0.09739506433241935 1.3636363636363633
0.09899810166631512 1.90909090909091
0.10036158736854792 2.64935064935065
0.10263958779039986 3.7402597402597415
0.10467803658058877 5.025974025974026
0.10626148793202159 6.07792207792208
0.1073884352306626 6.935064935064936
