  
   6.2548680220721284E-002   61.924746714455694     
   6.5146766946483331E-002   48.613072705198391     
   6.7793966744899181E-002   36.664133373897016     
   7.0489980636667005E-002   26.188325737370974     
   7.3234504129337241E-002   17.299276135122227     
   7.6027227251702426E-002   10.113906825251064     
   7.8867834588806029E-002   4.7525046892462512     
   8.1756005317565883E-002   1.3387920988531903     
   8.4691413243008426E-002   0.0000000000000000     
   8.7673726835109947E-002  0.86694327056238762     
   9.0702609266239770E-002   4.0740984106345479     
   9.3777718449202588E-002   9.7596836258785800     
   9.6898707075874058E-002   18.065741366528670     
  0.10006522265642653        29.138223386608189     
  0.10327690755913982        43.127078390060660     
  0.10653339905079273        60.186342332596752     
  0.10983432933763086        80.474231450285657     
  0.11317932560690565        104.15323808817570     
  0.11656801006898071        131.39022940456297     
  0.12000000000000000        162.35654902892693     
