,s2,dm,ji
551,0.08973492135946716,0.0020014,18.892647536595824
1551,0.08973492135946716,0.0020028,18.82776694022734
2551,0.08973492135946716,0.0020042000000000003,18.76296581921826
3551,0.08973492135946716,0.0020056,18.698244196530098
4551,0.08973492135946716,0.002007,18.633602096546653
5551,0.08973492135946716,0.0020084,18.569039545074666
6551,0.08973492135946716,0.0020098,18.50455656934495
7551,0.08973492135946716,0.0020112,18.440153198013334
8551,0.08973492135946716,0.0020126,18.37582946116114
9551,0.08973492135946716,0.002014,18.311585390296322
10551,0.08973492135946716,0.0020154,18.247421018354004
11551,0.08973492135946716,0.0020168,18.18333637969726
12551,0.08973492135946716,0.0020182,18.119331510117796
13551,0.08973492135946716,0.0020196,18.05540644683648
14551,0.08973492135946716,0.002021,17.99156122850406
15551,0.08973492135946716,0.0020224,17.927795895201577
16551,0.08973492135946716,0.0020238,17.864110488441057
17551,0.08973492135946716,0.0020252,17.800505051165793
18551,0.08973492135946716,0.0020266,17.736979627750827
19551,0.08973492135946716,0.002028,17.673534264003422
20551,0.08973492135946716,0.0020294,17.610169007163286
21551,0.08973492135946716,0.0020308,17.546883905903044
22551,0.08973492135946716,0.0020322,17.483679010328217
23551,0.08973492135946716,0.0020336,17.42055437197792
24551,0.08973492135946716,0.002035,17.357510043824483
25551,0.08973492135946716,0.0020364,17.294546080274202
26551,0.08973492135946716,0.0020378,17.23166253716687
27551,0.08973492135946716,0.0020392,17.16885947177635
28551,0.08973492135946716,0.0020406,17.106136942810295
29551,0.08973492135946716,0.002042,17.043495010410197
30551,0.08973492135946716,0.0020434,16.98093373615147
31551,0.08973492135946716,0.0020448,16.918453183043297
32551,0.08973492135946716,0.0020462,16.856053415528358
33551,0.08973492135946716,0.0020476,16.793734499483094
34551,0.08973492135946716,0.002049,16.731496502216828
35551,0.08973492135946716,0.0020504,16.66933949247219
36551,0.08973492135946716,0.0020518,16.607263540424576
37551,0.08973492135946716,0.0020532,16.545268717681637
38551,0.08973492135946716,0.0020546,16.483355097283223
39551,0.08973492135946716,0.002056,16.42152275370095
40551,0.08973492135946716,0.0020574,16.359771762837553
41551,0.08973492135946716,0.0020588,16.298102202026648
42551,0.08973492135946716,0.0020602,16.236514150032015
43551,0.08973492135946716,0.0020616,16.17500768704727
44551,0.08973492135946716,0.002063,16.113582894695142
45551,0.08973492135946716,0.0020644,16.052239856026823
46551,0.08973492135946716,0.0020658,15.990978655521404
47551,0.08973492135946716,0.0020672,15.929799379085056
48551,0.08973492135946716,0.0020686,15.868702114050427
49551,0.08973492135946716,0.00207,15.807686949175688
50551,0.08973492135946716,0.0020714,15.746753974643939
51551,0.08973492135946716,0.0020728,15.685903282062112
52551,0.08973492135946716,0.0020742,15.62513496446021
53551,0.08973492135946716,0.0020756,15.564449116290382
54551,0.08973492135946716,0.002077,15.503845833425887
55551,0.08973492135946716,0.0020784,15.443325213160124
56551,0.08973492135946716,0.0020798,15.38288735420568
57551,0.08973492135946716,0.0020812,15.322532356692966
58551,0.08973492135946716,0.0020826,15.26226032216942
59551,0.08973492135946716,0.002084,15.202071353598116
60551,0.08973492135946716,0.0020854,15.141965555356657
61551,0.08973492135946716,0.0020868,15.081943033235943
62551,0.08973492135946716,0.0020882,15.022003894438937
63551,0.08973492135946716,0.0020896,14.962148247579181
64551,0.08973492135946716,0.002091,14.902376202679685
65551,0.08973492135946716,0.0020924,14.842687871171355
66551,0.08973492135946716,0.0020938,14.783083365891644
67551,0.08973492135946716,0.0020952,14.723562801083043
68551,0.08973492135946716,0.0020966,14.66412629239178
69551,0.08973492135946716,0.002098,14.604773956865904
70551,0.08973492135946716,0.0020994,14.5455059129542
71551,0.08973492135946716,0.0021008,14.486322280504039
72551,0.08973492135946716,0.0021022,14.427223180760203
73551,0.08973492135946716,0.0021036,14.368208736362893
74551,0.08973492135946716,0.002105,14.309279071346227
75551,0.08973492135946716,0.0021064,14.25043431113628
76551,0.08973492135946716,0.0021078,14.19167458254953
77551,0.08973492135946716,0.0021092,14.133000013790705
78551,0.08973492135946716,0.0021106,14.074410734451261
79551,0.08973492135946716,0.002112,14.015906875507204
80551,0.08973492135946716,0.0021134,13.957488569317379
81551,0.08973492135946716,0.0021148,13.899155949621326
82551,0.08973492135946716,0.0021162,13.840909151537305
83551,0.08973492135946716,0.0021176,13.782748311560288
84551,0.08973492135946716,0.002119,13.724673567559863
85551,0.08973492135946716,0.0021204,13.666685058778102
86551,0.08973492135946716,0.0021218,13.608782925827425
87551,0.08973492135946716,0.0021232,13.550967310688362
88551,0.08973492135946716,0.0021246,13.493238356707463
89551,0.08973492135946716,0.002126,13.435596208594804
90551,0.08973492135946716,0.0021274,13.378041012421859
91551,0.08973492135946716,0.0021288,13.32057291561919
92551,0.08973492135946716,0.0021302,13.263192066973994
93551,0.08973492135946716,0.0021316,13.20589861662764
94551,0.08973492135946716,0.002133,13.148692716073333
95551,0.08973492135946716,0.0021344,13.091574518153793
96551,0.08973492135946716,0.0021358,13.034544177058384
97551,0.08973492135946716,0.0021372,12.977601848320768
98551,0.08973492135946716,0.0021386,12.920747688816435
99551,0.08973492135946716,0.00214,12.863981856759844
100551,0.08973492135946716,0.0021414,12.807304511702045
101551,0.08973492135946716,0.0021428,12.75071581452769
102551,0.08973492135946716,0.0021442,12.69421592745268
103551,0.08973492135946716,0.0021456,12.637805014021039
104551,0.08973492135946716,0.002147,12.581483239102374
105551,0.08973492135946716,0.0021484,12.525250768889075
106551,0.08973492135946716,0.0021498,12.46910777089325
107551,0.08973492135946716,0.0021512,12.413054413944026
108551,0.08973492135946716,0.0021526,12.357090868184555
109551,0.08973492135946716,0.002154,12.301217305069086
110551,0.08973492135946716,0.0021554,12.245433897360021
111551,0.08973492135946716,0.0021568,12.189740819124681
112551,0.08973492135946716,0.0021582,12.134138245732599
113551,0.08973492135946716,0.0021596,12.078626353852075
114551,0.08973492135946716,0.002161,12.023205321447326
115551,0.08973492135946716,0.0021624,11.967875327775152
116551,0.08973492135946716,0.0021638,11.912636553381935
117551,0.08973492135946716,0.0021652,11.857489180100218
118551,0.08973492135946716,0.0021666,11.802433391045481
119551,0.08973492135946716,0.002168,11.747469370613098
120551,0.08973492135946716,0.0021694,11.692597304474605
121551,0.08973492135946716,0.0021708,11.637817379574928
122551,0.08973492135946716,0.0021722,11.583129784128259
123551,0.08973492135946716,0.0021736,11.528534707615263
124551,0.08973492135946716,0.002175,11.474032340779393
125551,0.08973492135946716,0.0021764,11.419622875623324
126551,0.08973492135946716,0.0021778,11.365306505405686
127551,0.08973492135946716,0.0021792,11.311083424637244
128551,0.08973492135946716,0.0021806,11.256953829077526
129551,0.08973492135946716,0.002182,11.202917915731122
130551,0.08973492135946716,0.0021834,11.148975882844114
131551,0.08973492135946716,0.0021848,11.095127929900281
132551,0.08973492135946716,0.0021862,11.041374257617603
133551,0.08973492135946716,0.0021876,10.98771506794432
134551,0.08973492135946716,0.002189,10.93415056405532
135551,0.08973492135946716,0.0021904,10.880680950348227
136551,0.08973492135946716,0.0021918,10.827306432439665
137551,0.08973492135946716,0.0021932,10.774027217161462
138551,0.08973492135946716,0.0021946,10.720843512556618
139551,0.08973492135946716,0.002196,10.667755527875405
140551,0.08973492135946716,0.0021974,10.61476347357158
141551,0.08973492135946716,0.0021988,10.56186756129822
142551,0.08973492135946716,0.0022002,10.509068003903886
143551,0.08973492135946716,0.0022016,10.456365015428394
144551,0.08973492135946716,0.002203,10.403758811098998
145551,0.08973492135946716,0.0022044,10.351249607326102
146551,0.08973492135946716,0.0022058,10.298837621699162
147551,0.08973492135946716,0.0022072,10.246523072982592
148551,0.08973492135946716,0.0022086,10.194306181111562
149551,0.08973492135946716,0.00221,10.142187167187815
150551,0.08973492135946716,0.0022114,10.090166253475362
151551,0.08973492135946716,0.0022128,10.038243663396306
152551,0.08973492135946716,0.0022142,9.986419621526332
153551,0.08973492135946716,0.0022156,9.934694353590762
154551,0.08973492135946716,0.002217,9.883068086459785
155551,0.08973492135946716,0.0022184,9.831541048144365
156551,0.08973492135946716,0.0022198,9.780113467791763
157551,0.08973492135946716,0.0022212,9.728785575680922
158551,0.08973492135946716,0.0022226,9.677557603218327
159551,0.08973492135946716,0.002224,9.626429782933178
160551,0.08973492135946716,0.0022254,9.575402348473128
161551,0.08973492135946716,0.0022268,9.524475534599594
162551,0.08973492135946716,0.0022282,9.473649577183172
163551,0.08973492135946716,0.0022296,9.422924713199103
164551,0.08973492135946716,0.002231,9.372301180722628
165551,0.08973492135946716,0.0022324,9.321779218924293
166551,0.08973492135946716,0.0022338,9.27135906806531
167551,0.08973492135946716,0.0022352,9.221040969492817
168551,0.08973492135946716,0.0022366,9.170825165635117
169551,0.08973492135946716,0.002238,9.120711899997024
170551,0.08973492135946716,0.0022394,9.070701417154867
171551,0.08973492135946716,0.0022408,9.02079396275188
172551,0.08973492135946716,0.0022422,8.970989783493271
173551,0.08973492135946716,0.0022436,8.921289127141344
174551,0.08973492135946716,0.002245,8.871692242510653
175551,0.08973492135946716,0.0022464,8.822199379463
176551,0.08973492135946716,0.0022478,8.77281078890258
177551,0.08973492135946716,0.0022492,8.723526722770929
178551,0.08973492135946716,0.0022506,8.674347434042025
179551,0.08973492135946716,0.002252,8.625273176717192
180551,0.08973492135946716,0.0022534,8.57630420582006
181551,0.08973492135946716,0.0022548,8.527440777391538
182551,0.08973492135946716,0.0022562,8.47868314848465
183551,0.08973492135946716,0.0022576,8.430031577159513
184551,0.08973492135946716,0.002259,8.38148632247813
185551,0.08973492135946716,0.0022604,8.333047644499205
186551,0.08973492135946716,0.0022618,8.28471580427304
187551,0.08973492135946716,0.0022632,8.236491063836128
188551,0.08973492135946716,0.0022646,8.188373686206207
189551,0.08973492135946716,0.002266,8.140363935376753
190551,0.08973492135946716,0.0022674,8.092462076311746
191551,0.08973492135946716,0.0022688,8.044668374940505
192551,0.08973492135946716,0.0022702,7.996983098152159
193551,0.08973492135946716,0.0022716,7.949406513790395
194551,0.08973492135946716,0.002273,7.901938890648074
195551,0.08973492135946716,0.0022744,7.8545804984618375
196551,0.08973492135946716,0.0022758,7.807331607906642
197551,0.08973492135946716,0.0022772,7.760192490590365
198551,0.08973492135946716,0.0022786,7.713163419048291
199551,0.08973492135946716,0.00228,7.66624466673766
200551,0.08973492135946716,0.0022814,7.619436508032168
201551,0.08973492135946716,0.0022828,7.572739218216322
202551,0.08973492135946716,0.0022842,7.526153073480087
203551,0.08973492135946716,0.0022856,7.47967835091316
204551,0.08973492135946716,0.002287,7.433315328499363
205551,0.08973492135946716,0.0022884,7.3870642851110855
206551,0.08973492135946716,0.0022898,7.340925500503678
207551,0.08973492135946716,0.0022912,7.2948992553097
208551,0.08973492135946716,0.0022926,7.248985831033368
209551,0.08973492135946716,0.002294,7.203185510044667
210551,0.08973492135946716,0.0022954,7.157498575573781
211551,0.08973492135946716,0.0022968,7.111925311705322
212551,0.08973492135946716,0.0022982,7.066466003372566
213551,0.08973492135946716,0.0022996,7.021120936351581
214551,0.08973492135946716,0.002301,6.975890397255613
215551,0.08973492135946716,0.0023024,6.930774673529099
216551,0.08973492135946716,0.0023038,6.8857740534418905
217551,0.08973492135946716,0.0023052,6.84088882608336
218551,0.08973492135946716,0.0023066,6.79611928135663
219551,0.08973492135946716,0.002308,6.751465709972569
220551,0.08973492135946716,0.0023094,6.7069284034438805
221551,0.08973492135946716,0.0023108,6.662507654079247
222551,0.08973492135946716,0.0023122,6.618203754977289
223551,0.08973492135946716,0.0023136,6.574017000020616
224551,0.08973492135946716,0.002315,6.529947683869915
225551,0.08973492135946716,0.0023164,6.4859961019578005
226551,0.08973492135946716,0.0023178,6.442162550482967
227551,0.08973492135946716,0.0023192,6.398447326403987
228551,0.08973492135946716,0.0023206,6.3548507274333605
229551,0.08973492135946716,0.002322,6.311373052031309
230551,0.08973492135946716,0.0023234,6.268014599399875
231551,0.08973492135946716,0.0023248,6.224775669476662
232551,0.08973492135946716,0.0023262,6.181656562928721
233551,0.08973492135946716,0.0023276,6.1386575811464414
234551,0.08973492135946716,0.002329,6.095779026237418
235551,0.08973492135946716,0.0023304,6.0530212010202025
236551,0.08973492135946716,0.0023318,6.01038440901814
237551,0.08973492135946716,0.0023332,5.967868954453227
238551,0.08973492135946716,0.0023346,5.925475142239739
239551,0.08973492135946716,0.002336,5.883203277978131
240551,0.08973492135946716,0.0023374,5.841053667948685
241551,0.08973492135946716,0.0023388,5.799026619105312
242551,0.08973492135946716,0.0023402,5.7571224390692315
243551,0.08973492135946716,0.0023416,5.715341436122641
244551,0.08973492135946716,0.002343,5.6736839192023965
245551,0.08973492135946716,0.0023444,5.632150197893862
246551,0.08973492135946716,0.0023458,5.590740582424212
247551,0.08973492135946716,0.0023472,5.5494553836564275
248551,0.08973492135946716,0.0023486,5.508294913082651
249551,0.08973492135946716,0.00235,5.467259482818026
250551,0.08973492135946716,0.0023514,5.426349405594104
251551,0.08973492135946716,0.0023528,5.385564994752533
252551,0.08973492135946716,0.0023542,5.344906564238569
253551,0.08973492135946716,0.0023556,5.304374428594748
254551,0.08973492135946716,0.002357,5.26396890295424
255551,0.08973492135946716,0.0023584,5.223690303034568
256551,0.08973492135946716,0.0023598,5.183538945131017
257551,0.08973492135946716,0.0023612,5.143515146110131
258551,0.08973492135946716,0.0023626,5.103619223403317
259551,0.08973492135946716,0.002364,5.0638514950001845
260551,0.08973492135946716,0.0023654,5.024212279442089
261551,0.08973492135946716,0.0023668,4.9847018958156415
262551,0.08973492135946716,0.0023682,4.945320663746006
263551,0.08973492135946716,0.0023696,4.906068903390446
264551,0.08973492135946716,0.002371,4.866946935431754
265551,0.08973492135946716,0.0023724,4.827955081071538
266551,0.08973492135946716,0.0023738,4.7890936620237845
267551,0.08973492135946716,0.0023752,4.750363000508116
268551,0.08973492135946716,0.0023766,4.7117634192432245
269551,0.08973492135946716,0.002378,4.673295241440281
270551,0.08973492135946716,0.0023794,4.634958790796167
271551,0.08973492135946716,0.0023808,4.596754391486925
272551,0.08973492135946716,0.0023822,4.558682368161007
273551,0.08973492135946716,0.0023836,4.520743045932781
274551,0.08973492135946716,0.002385,4.482936750375602
275551,0.08973492135946716,0.0023864,4.445263807515275
276551,0.08973492135946716,0.0023878,4.407724543823248
277551,0.08973492135946716,0.0023892,4.370319286210085
278551,0.08973492135946716,0.0023906,4.3330483620184825
279551,0.08973492135946716,0.002392,4.295912099016778
280551,0.08973492135946716,0.0023934,4.258910825392007
281551,0.08973492135946716,0.0023948,4.222044869743264
282551,0.08973492135946716,0.0023962,4.185314561075057
283551,0.08973492135946716,0.0023976,4.148720228790232
284551,0.08973492135946716,0.002399,4.112262202683489
285551,0.08973492135946716,0.0024004,4.07594081293446
286551,0.08973492135946716,0.0024018,4.039756390100941
287551,0.08973492135946716,0.0024032,4.003709265112123
288551,0.08973492135946716,0.0024046,3.967799769261747
289551,0.08973492135946716,0.002406,3.932028234201308
290551,0.08973492135946716,0.0024074,3.896394991933219
291551,0.08973492135946716,0.0024088,3.8609003748040696
292551,0.08973492135946716,0.0024102,3.8255447154976476
293551,0.08973492135946716,0.0024116,3.790328347028229
294551,0.08973492135946716,0.002413,3.7552516027335674
295551,0.08973492135946716,0.0024144,3.720314816268292
296551,0.08973492135946716,0.0024158,3.6855183215968257
297551,0.08973492135946716,0.0024172,3.650862452986587
298551,0.08973492135946716,0.0024186,3.616347545001167
299551,0.08973492135946716,0.00242,3.5819739324934066
300551,0.08973492135946716,0.0024214,3.54774195059848
301551,0.08973492135946716,0.0024228,3.5136519347271076
302551,0.08973492135946716,0.0024242,3.479704220558549
303551,0.08973492135946716,0.0024256,3.445899144033806
304551,0.08973492135946716,0.002427,3.4122370413486163
305551,0.08973492135946716,0.0024284,3.3787182489466474
306551,0.08973492135946716,0.0024298,3.345343103512544
307551,0.08973492135946716,0.0024312,3.312111941964929
308551,0.08973492135946716,0.0024326,3.279025101449667
309551,0.08973492135946716,0.002434,3.246082919332709
310551,0.08973492135946716,0.0024354,3.213285733193384
311551,0.08973492135946716,0.0024368,3.1806338808173535
312551,0.08973492135946716,0.0024382,3.148127700189633
313551,0.08973492135946716,0.0024396,3.1157675294877762
314551,0.08973492135946716,0.002441,3.0835537070748646
315551,0.08973492135946716,0.0024424,3.051486571492452
316551,0.08973492135946716,0.0024438,3.019566461453845
317551,0.08973492135946716,0.0024452,2.98779371583702
318551,0.08973492135946716,0.0024466,2.9561686736776487
319551,0.08973492135946716,0.002448,2.9246916741622027
320551,0.08973492135946716,0.0024494,2.8933630566209256
321551,0.08973492135946716,0.0024508,2.862183160520967
322551,0.08973492135946716,0.0024522,2.8311523254593602
323551,0.08973492135946716,0.0024536,2.800270891156048
324551,0.08973492135946716,0.002455,2.7695391974469654
325551,0.08973492135946716,0.0024564,2.738957584276987
326551,0.08973492135946716,0.0024578,2.7085263916931215
327551,0.08973492135946716,0.0024592,2.6782459598373283
328551,0.08973492135946716,0.0024606,2.648116628939718
329551,0.08973492135946716,0.002462,2.6181387393115276
330551,0.08973492135946716,0.0024634,2.5883126313381037
331551,0.08973492135946716,0.0024648,2.5586386454720174
332551,0.08973492135946716,0.0024662,2.529117122226044
333551,0.08973492135946716,0.0024676,2.4997484021661105
334551,0.08973492135946716,0.002469,2.4705328259045167
335551,0.08973492135946716,0.0024704,2.441470734092766
336551,0.08973492135946716,0.0024718,2.4125624674147446
337551,0.08973492135946716,0.0024732,2.383808366579661
338551,0.08973492135946716,0.0024746,2.3552087723151054
339551,0.08973492135946716,0.002476,2.3267640253600668
340551,0.08973492135946716,0.0024774,2.2984744664579857
341551,0.08973492135946716,0.0024788,2.2703404363498176
342551,0.08973492135946716,0.0024802,2.2423622757669577
343551,0.08973492135946716,0.0024816,2.2145403254244105
344551,0.08973492135946716,0.002483,2.1868749260137097
345551,0.08973492135946716,0.0024844,2.1593664181960612
346551,0.08973492135946716,0.0024858,2.1320151425952965
347551,0.08973492135946716,0.0024872,2.1048214397909994
348551,0.08973492135946716,0.0024886,2.0777856503114993
349551,0.08973492135946716,0.00249,2.0509081146269175
350551,0.08973492135946716,0.0024914,2.024189173142208
351551,0.08973492135946716,0.0024928,1.9976291661903094
352551,0.08973492135946716,0.0024942,1.9712284340250577
353551,0.08973492135946716,0.0024956,1.9449873168143483
354551,0.08973492135946716,0.002497,1.9189061546331523
355551,0.08973492135946716,0.0024984,1.8929852874566322
356551,0.08973492135946716,0.0024998,1.8672250551531828
357551,0.08973492135946716,0.0025012,1.841625797477425
358551,0.08973492135946716,0.0025026,1.816187854063429
359551,0.08973492135946716,0.002504,1.7909115644177636
360551,0.08973492135946716,0.0025054,1.765797267912454
361551,0.08973492135946716,0.0025068,1.7408453037782703
362551,0.08973492135946716,0.0025082,1.716056011097578
363551,0.08973492135946716,0.0025096,1.691429728797747
364551,0.08973492135946716,0.002511,1.6669667956439795
365551,0.08973492135946716,0.0025124,1.6426675502325576
366551,0.08973492135946716,0.0025138,1.6185323309839195
367551,0.08973492135946716,0.0025152,1.5945614761358282
368551,0.08973492135946716,0.0025166,1.570755323736428
369551,0.08973492135946716,0.002518,1.547114211637357
370551,0.08973492135946716,0.0025194,1.5236384774870668
371551,0.08973492135946716,0.0025208,1.500328458723704
372551,0.08973492135946716,0.0025222,1.4771844925684459
373551,0.08973492135946716,0.0025236,1.4542069160186024
374551,0.08973492135946716,0.002525,1.4313960658407385
375551,0.08973492135946716,0.0025264,1.4087522785639077
376551,0.08973492135946716,0.0025278,1.3862758904727812
377551,0.08973492135946716,0.0025292,1.3639672376008214
378551,0.08973492135946716,0.0025306,1.341826655723528
379551,0.08973492135946716,0.002532,1.3198544803515855
380551,0.08973492135946716,0.0025334,1.2980510467240531
381551,0.08973492135946716,0.0025348,1.276416689801657
382551,0.08973492135946716,0.0025362,1.2549517442598503
383551,0.08973492135946716,0.0025376,1.233656544482228
384551,0.08973492135946716,0.002539,1.2125314245536458
385551,0.08973492135946716,0.0025404,1.191576718253474
386551,0.08973492135946716,0.0025418,1.1707927590488403
387551,0.08973492135946716,0.0025432,1.1501798800879062
388551,0.08973492135946716,0.0025446,1.1297384141931879
389551,0.08973492135946716,0.002546,1.109468693854712
390551,0.08973492135946716,0.0025474,1.0893710512233685
391551,0.08973492135946716,0.0025488,1.0694458181041853
392551,0.08973492135946716,0.0025502,1.0496933259496917
393551,0.08973492135946716,0.0025516,1.0301139058531135
394551,0.08973492135946716,0.002553,1.0107078885417398
395551,0.08973492135946716,0.0025544,0.9914756043703363
396551,0.08973492135946716,0.0025558,0.9724173833143599
397551,0.08973492135946716,0.0025572,0.9535335549633537
398551,0.08973492135946716,0.0025586,0.9348244485143287
399551,0.08973492135946716,0.00256,0.9162903927650987
400551,0.08973492135946716,0.0025614,0.8979317161076654
401551,0.08973492135946716,0.0025628,0.8797487465216367
402551,0.08973492135946716,0.0025642,0.8617418115675886
403551,0.08973492135946716,0.0025656,0.8439112383804268
404551,0.08973492135946716,0.002567,0.8262573536629638
405551,0.08973492135946716,0.0025684,0.8087804836791843
406551,0.08973492135946716,0.0025698,0.7914809542477403
407551,0.08973492135946716,0.0025712,0.774359090735464
408551,0.08973492135946716,0.0025726,0.7574152180507276
409551,0.08973492135946716,0.002574,0.7406496606370361
410551,0.08973492135946716,0.0025754,0.7240627424663817
411551,0.08973492135946716,0.0025768,0.7076547870328671
412551,0.08973492135946716,0.0025782,0.6914261173460989
413551,0.08973492135946716,0.0025796,0.675377055924816
414551,0.08973492135946716,0.002581,0.6595079247903364
415551,0.08973492135946716,0.0025824,0.6438190454602104
416551,0.08973492135946716,0.0025838,0.6283107389416056
417551,0.08973492135946716,0.0025852,0.6129833257250521
418551,0.08973492135946716,0.0025866,0.5978371257779642
419551,0.08973492135946716,0.002588,0.5828724585381693
420551,0.08973492135946716,0.0025894,0.5680896429076174
421551,0.08973492135946716,0.0025908,0.5534889972459194
422551,0.08973492135946716,0.0025922,0.5390708393640722
423551,0.08973492135946716,0.0025936,0.5248354865179916
424551,0.08973492135946716,0.002595,0.5107832554023002
425551,0.08973492135946716,0.0025964,0.49691446214392876
426551,0.08973492135946716,0.0025978,0.4832294222957323
427551,0.08973492135946716,0.0025992,0.46972845083037207
428551,0.08973492135946716,0.0026006,0.45641186213385687
429551,0.08973492135946716,0.002602,0.443279969999395
430551,0.08973492135946716,0.0026034,0.43033308762109
431551,0.08973492135946716,0.0026048,0.41757152758765237
432551,0.08973492135946716,0.0026062,0.4049956018762497
433551,0.08973492135946716,0.0026076,0.39260562184625947
434551,0.08973492135946716,0.002609,0.3804018982330941
435551,0.08973492135946716,0.0026104,0.36838474114190056
436551,0.08973492135946716,0.0026118,0.3565544600415844
437551,0.08973492135946716,0.0026132,0.34491136375854126
438551,0.08973492135946716,0.0026146,0.3334557604704642
439551,0.08973492135946716,0.002616,0.32218795770034525
440551,0.08973492135946716,0.0026174,0.31110826231032007
441551,0.08973492135946716,0.0026188,0.30021698049547574
442551,0.08973492135946716,0.0026202,0.28951441777797626
443551,0.08973492135946716,0.0026216,0.2790008790008027
444551,0.08973492135946716,0.002623,0.26867666832176695
445551,0.08973492135946716,0.0026244,0.25854208920758914
446551,0.08973492135946716,0.0026258,0.24859744442773923
447551,0.08973492135946716,0.0026272,0.2388430360484719
448551,0.08973492135946716,0.0026286,0.22927916542691307
449551,0.08973492135946716,0.00263,0.21990613320501495
450551,0.08973492135946716,0.0026314,0.21072423930368522
451551,0.08973492135946716,0.0026328,0.20173378291673139
452551,0.08973492135946716,0.0026342,0.19293506250508052
453551,0.08973492135946716,0.0026356,0.18432837579081074
454551,0.08973492135946716,0.002637,0.1759140197512732
455551,0.08973492135946716,0.0026384,0.16769229061321234
456551,0.08973492135946716,0.0026398,0.15966348384697504
457551,0.08973492135946716,0.0026412,0.15182789416062015
458551,0.08973492135946716,0.0026426,0.14418581549410803
459551,0.08973492135946716,0.002644,0.1367375410135523
460551,0.08973492135946716,0.0026454,0.1294833631054093
461551,0.08973492135946716,0.0026468,0.12242357337073173
462551,0.08973492135946716,0.0026482,0.11555846261936864
463551,0.08973492135946716,0.0026496,0.10888832086430433
464551,0.08973492135946716,0.002651,0.10241343731597397
465551,0.08973492135946716,0.0026524,0.09613410037648151
466551,0.08973492135946716,0.0026538,0.09005059763400958
467551,0.08973492135946716,0.0026552,0.08416321585713149
468551,0.08973492135946716,0.0026566,0.07847224098914474
469551,0.08973492135946716,0.002658,0.07297795814258734
470551,0.08973492135946716,0.0026594,0.0676806515934576
471551,0.08973492135946716,0.0026608,0.06258060477577843
472551,0.08973492135946716,0.0026622,0.05767810027597875
473551,0.08973492135946716,0.0026636,0.05297341982732284
474551,0.08973492135946716,0.002665,0.04846684430445869
475551,0.08973492135946716,0.0026664,0.04415865371792016
476551,0.08973492135946716,0.0026678,0.04004912720855458
477551,0.08973492135946716,0.0026692,0.03613854304211195
478551,0.08973492135946716,0.0026706,0.03242717860384836
479551,0.08973492135946716,0.002672,0.028915310393042404
480551,0.08973492135946716,0.0026734,0.025603214017545284
481551,0.08973492135946716,0.0026748,0.022491164188549462
482551,0.08973492135946716,0.0026762,0.019579434715032207
483551,0.08973492135946716,0.0026776,0.016868298498577516
484551,0.08973492135946716,0.002679,0.014358027527960004
485551,0.08973492135946716,0.0026804,0.012048892873881556
486551,0.08973492135946716,0.0026818,0.009941164683580084
487551,0.08973492135946716,0.0026832,0.008035112175736714
488551,0.08973492135946716,0.0026846,0.006331003635116517
489551,0.08973492135946716,0.002686,0.004829106407372663
490551,0.08973492135946716,0.0026874,0.0035296868938186066
491551,0.08973492135946716,0.0026888,0.0024330105462890828
492551,0.08973492135946716,0.0026902,0.0015393418619922272
493551,0.08973492135946716,0.0026916,0.0008489443782782047
494551,0.08973492135946716,0.002693,0.0003620806675961319
495551,0.08973492135946716,0.0026944,7.901233240481531e-05
496551,0.08973492135946716,0.0026958,0.0
497551,0.08973492135946716,0.0026972,0.000125303317608072
498551,0.08973492135946716,0.0026986,0.000455180947191991
499551,0.08973492135946716,0.0027,0.0009898905605290054
500551,0.08973492135946716,0.0027014,0.0017296888342510641
501551,0.08973492135946716,0.0027028,0.002674831444748449
502551,0.08973492135946716,0.0027042,0.0038255730633327545
503551,0.08973492135946716,0.0027056,0.005182167351266642
504551,0.08973492135946716,0.002707,0.00674486695487353
505551,0.08973492135946716,0.0027084,0.008513923500629517
506551,0.08973492135946716,0.0027098,0.010489587590296168
507551,0.08973492135946716,0.0027112,0.012672108796135007
508551,0.08973492135946716,0.0027126,0.015061735656008324
509551,0.08973492135946716,0.002714,0.01765871566868782
510551,0.08973492135946716,0.0027154,0.020463295288955408
511551,0.08973492135946716,0.0027168,0.023475719922984695
512551,0.08973492135946716,0.0027182,0.02669623392347198
513551,0.08973492135946716,0.0027196,0.030125080585058583
514551,0.08973492135946716,0.002721,0.033762502139589756
515551,0.08973492135946716,0.0027224,0.03760873975139312
516551,0.08973492135946716,0.0027238,0.041664033512777365
517551,0.08973492135946716,0.0027252,0.045928622439317834
518551,0.08973492135946716,0.0027266,0.050402744465259275
519551,0.08973492135946716,0.002728,0.05508663643902878
520551,0.08973492135946716,0.0027294,0.05998053411857107
521551,0.08973492135946716,0.0027308,0.06508467216693425
522551,0.08973492135946716,0.0027322,0.07039928414772945
523551,0.08973492135946716,0.0027336,0.07592460252060462
524551,0.08973492135946716,0.002735,0.08166085863684813
525551,0.08973492135946716,0.0027364,0.08760828273498333
526551,0.08973492135946716,0.0027378,0.09376710393624954
527551,0.08973492135946716,0.0027392,0.10013755024036364
528551,0.08973492135946716,0.0027406,0.1067198485210401
529551,0.08973492135946716,0.002742,0.11351422452171711
530551,0.08973492135946716,0.0027434,0.12052090285121686
531551,0.08973492135946716,0.0027448,0.12774010697947347
532551,0.08973492135946716,0.0027462,0.1351720592332608
533551,0.08973492135946716,0.0027476,0.1428169807919737
534551,0.08973492135946716,0.002749,0.15067509168333615
535551,0.08973492135946716,0.0027504,0.15874661077927676
536551,0.08973492135946716,0.0027518,0.16703175579176843
537551,0.08973492135946716,0.0027532,0.17553074326865747
538551,0.08973492135946716,0.0027546,0.1842437885895052
539551,0.08973492135946716,0.002756,0.19317110596155196
540551,0.08973492135946716,0.0027574,0.20231290841564764
541551,0.08973492135946716,0.0027588,0.2116694078020842
542551,0.08973492135946716,0.0027602,0.2212408147867606
543551,0.08973492135946716,0.0027616,0.2310273388470243
544551,0.08973492135946716,0.002763,0.24102918826780773
545551,0.08973492135946716,0.0027644,0.25124657013761365
546551,0.08973492135946716,0.0027658,0.26167969034456995
547551,0.08973492135946716,0.0027672,0.272328753572598
548551,0.08973492135946716,0.0027686,0.28319396329750646
549551,0.08973492135946716,0.00277,0.294275521783117
550551,0.08973492135946716,0.0027714,0.3055736300774683
551551,0.08973492135946716,0.0027728,0.3170884880090057
552551,0.08973492135946716,0.0027742,0.3288202941827887
553551,0.08973492135946716,0.0027756,0.34076924597676594
554551,0.08973492135946716,0.002777,0.3529355395380094
555551,0.08973492135946716,0.0027784,0.3653193697791064
556551,0.08973492135946716,0.0027798,0.3779209303743496
557551,0.08973492135946716,0.0027812,0.3907404137561752
558551,0.08973492135946716,0.0027826,0.4037780111114717
559551,0.08973492135946716,0.002784,0.417033912378157
560551,0.08973492135946716,0.0027854,0.4305083062413164
561551,0.08973492135946716,0.0027868,0.44420138012986143
562551,0.08973492135946716,0.0027882,0.45811332021299656
563551,0.08973492135946716,0.0027896,0.47224431139659906
564551,0.08973492135946716,0.002791,0.4865945373198812
565551,0.08973492135946716,0.0027924,0.501164180351827
566551,0.08973492135946716,0.0027938,0.5159534215878772
567551,0.08973492135946716,0.0027952,0.5309624408464391
568551,0.08973492135946716,0.0027966,0.5461914166655628
569551,0.08973492135946716,0.002798,0.561640526299648
570551,0.08973492135946716,0.0027994,0.5773099457159852
571551,0.08973492135946716,0.0028008,0.5931998495915796
572551,0.08973492135946716,0.0028022,0.6093104113098526
573551,0.08973492135946716,0.0028036,0.6256418029573947
574551,0.08973492135946716,0.002805,0.6421941953207693
575551,0.08973492135946716,0.0028064,0.6589677578832411
576551,0.08973492135946716,0.0028078,0.6759626588217564
577551,0.08973492135946716,0.0028092,0.6931790650036511
578551,0.08973492135946716,0.0028106,0.7106171419836738
579551,0.08973492135946716,0.002812,0.7282770540007864
580551,0.08973492135946716,0.0028134,0.74615896397518
581551,0.08973492135946716,0.0028148,0.7642630335052392
582551,0.08973492135946716,0.0028162,0.7825894228644916
583551,0.08973492135946716,0.0028176,0.8011382909986366
584551,0.08973492135946716,0.002819,0.8199097955226087
585551,0.08973492135946716,0.0028204,0.8389040927176694
586551,0.08973492135946716,0.0028218,0.8581213375284289
587551,0.08973492135946716,0.0028232,0.877561683560085
588551,0.08973492135946716,0.0028246,0.8972252830754623
589551,0.08973492135946716,0.002826,0.917112286992241
590551,0.08973492135946716,0.0028274,0.9372228448801607
591551,0.08973492135946716,0.0028288,0.9575571049582408
592551,0.08973492135946716,0.0028302,0.9781152140920479
593551,0.08973492135946716,0.0028316,0.998897317790961
594551,0.08973492135946716,0.002833,1.0199035602055062
595551,0.08973492135946716,0.0028344,1.0411340841246357
596551,0.08973492135946716,0.0028358,1.0625890309731663
597551,0.08973492135946716,0.0028372,1.0842685408091484
598551,0.08973492135946716,0.0028386,1.1061727523212443
599551,0.08973492135946716,0.00284,1.1283018028261598
600551,0.08973492135946716,0.0028414,1.1506558282661832
601551,0.08973492135946716,0.0028428,1.173234963206653
602551,0.08973492135946716,0.0028442,1.1960393408334191
603551,0.08973492135946716,0.0028456,1.2190690929505124
604551,0.08973492135946716,0.002847,1.2423243499775811
605551,0.08973492135946716,0.0028484,1.2658052409475964
606551,0.08973492135946716,0.0028498,1.2895118935044572
607551,0.08973492135946716,0.0028512,1.313444433900587
608551,0.08973492135946716,0.0028526,1.3376029869947548
609551,0.08973492135946716,0.002854,1.361987676249532
610551,0.08973492135946716,0.0028554,1.3865986237293892
611551,0.08973492135946716,0.0028568,1.4114359500981184
612551,0.08973492135946716,0.0028582,1.4364997746168573
613551,0.08973492135946716,0.0028596,1.461790215141706
614551,0.08973492135946716,0.002861,1.487307388121799
615551,0.08973492135946716,0.0028624,1.5130514085969367
616551,0.08973492135946716,0.0028638,1.5390223901957185
617551,0.08973492135946716,0.0028652,1.5652204451332654
618551,0.08973492135946716,0.0028666,1.5916456842092543
619551,0.08973492135946716,0.002868,1.6182982168059574
620551,0.08973492135946716,0.0028694,1.6451781508861103
621551,0.08973492135946716,0.0028708,1.672285592991086
622551,0.08973492135946716,0.0028722,1.6996206482388274
623551,0.08973492135946716,0.0028736,1.7271834203220493
624551,0.08973492135946716,0.002875,1.7549740115062473
625551,0.08973492135946716,0.0028764,1.7829925226278984
626551,0.08973492135946716,0.0028778,1.8112390530925975
627551,0.08973492135946716,0.0028792,1.8397137008733004
628551,0.08973492135946716,0.0028806,1.8684165625084912
629551,0.08973492135946716,0.002882,1.8973477331004371
630551,0.08973492135946716,0.0028834,1.9265073063134786
631551,0.08973492135946716,0.0028848,1.9558953743722984
632551,0.08973492135946716,0.0028862,1.985512028060345
633551,0.08973492135946716,0.0028876,2.0153573567180345
634551,0.08973492135946716,0.002889,2.0454314482412883
635551,0.08973492135946716,0.0028904,2.075734389079811
636551,0.08973492135946716,0.0028918,2.1062662642356056
637551,0.08973492135946716,0.0028932,2.1370271572614303
638551,0.08973492135946716,0.0028946,2.1680171502592653
639551,0.08973492135946716,0.002896,2.1992363238788197
640551,0.08973492135946716,0.0028974,2.230684757316107
641551,0.08973492135946716,0.0028988,2.2623625283120212
642551,0.08973492135946716,0.0029002,2.294269713150854
643551,0.08973492135946716,0.0029016,2.3264063866590305
644551,0.08973492135946716,0.002903,2.358772622203693
645551,0.08973492135946716,0.0029044,2.3913684916914075
646551,0.08973492135946716,0.0029058,2.4241940655668373
647551,0.08973492135946716,0.0029072,2.457249412811496
648551,0.08973492135946716,0.0029086,2.490534600942487
649551,0.08973492135946716,0.00291,2.5240496960113283
650551,0.08973492135946716,0.0029114,2.5577947626027733
651551,0.08973492135946716,0.0029128,2.591769863833578
652551,0.08973492135946716,0.0029142,2.6259750613513724
653551,0.08973492135946716,0.0029156,2.660410415333674
654551,0.08973492135946716,0.002917,2.6950759844866212
655551,0.08973492135946716,0.0029184,2.729971826044139
656551,0.08973492135946716,0.0029198,2.765097995766684
657551,0.08973492135946716,0.0029212,2.8004545479404204
658551,0.08973492135946716,0.0029226,2.836041535376168
659551,0.08973492135946716,0.002924,2.8718590094084373
660551,0.08973492135946716,0.0029254,2.907907019894571
661551,0.08973492135946716,0.0029268,2.9441856152138293
662551,0.08973492135946716,0.0029282,2.980694842266473
663551,0.08973492135946716,0.0029296,3.0174347464730165
664551,0.08973492135946716,0.002931,3.054405371773292
665551,0.08973492135946716,0.0029324,3.091606760625826
666551,0.08973492135946716,0.0029338,3.1290389540068926
667551,0.08973492135946716,0.0029352,3.1667019914099512
668551,0.08973492135946716,0.0029366,3.2045959108447892
669551,0.08973492135946716,0.002938,3.2427207488370335
670551,0.08973492135946716,0.0029394,3.2810765404272466
671551,0.08973492135946716,0.0029408,3.3196633191705054
672551,0.08973492135946716,0.0029422,3.3584811171356748
673551,0.08973492135946716,0.0029436,3.3975299649049564
674551,0.08973492135946716,0.002945,3.436809891573219
675551,0.08973492135946716,0.0029464,3.476320924747549
676551,0.08973492135946716,0.0029478,3.5160630905466945
677551,0.08973492135946716,0.0029492,3.5560364136007045
678551,0.08973492135946716,0.0029506,3.596240917050368
679551,0.08973492135946716,0.002952,3.6366766225467764
680551,0.08973492135946716,0.0029534,3.6773435502512406
681551,0.08973492135946716,0.0029548,3.7182417188343617
682551,0.08973492135946716,0.0029562,3.7593711454763454
683551,0.08973492135946716,0.0029576,3.800731845866121
684551,0.08973492135946716,0.002959,3.842323834201414
685551,0.08973492135946716,0.0029604,3.884147123188388
686551,0.08973492135946716,0.0029618,3.926201724041352
687551,0.08973492135946716,0.0029632,3.9684876464826644
688551,0.08973492135946716,0.0029646,4.011004898742373
689551,0.08973492135946716,0.002966,4.0537534875583034
690551,0.08973492135946716,0.0029674,4.096733418175736
691551,0.08973492135946716,0.0029688,4.139944694347388
692551,0.08973492135946716,0.0029702,4.183387318333345
693551,0.08973492135946716,0.0029716,4.227061290900888
694551,0.08973492135946716,0.002973,4.270966611324697
695551,0.08973492135946716,0.0029744,4.315103277386628
696551,0.08973492135946716,0.0029758,4.359471285375832
697551,0.08973492135946716,0.0029772,4.404070630088853
698551,0.08973492135946716,0.0029786,4.448901304829597
699551,0.08973492135946716,0.00298,4.493963301409584
700551,0.08973492135946716,0.0029814,4.539256610147865
701551,0.08973492135946716,0.0029828,4.58478121987142
702551,0.08973492135946716,0.0029842,4.630537117915107
703551,0.08973492135946716,0.0029856,4.676524290122101
704551,0.08973492135946716,0.002987,4.722742720843929
705551,0.08973492135946716,0.0029884,4.7691923929407185
706551,0.08973492135946716,0.0029898,4.815873287781784
707551,0.08973492135946716,0.0029912,4.862785385245461
708551,0.08973492135946716,0.0029926,4.909928663719873
709551,0.08973492135946716,0.002994,4.957303100103012
710551,0.08973492135946716,0.0029954,5.0049086698032035
711551,0.08973492135946716,0.0029968,5.052745346739666
712551,0.08973492135946716,0.0029982,5.100813103342578
713551,0.08973492135946716,0.0029996,5.149111910553943
714551,0.08973492135946716,0.003001,5.197641737827798
715551,0.08973492135946716,0.0030024,5.246402553130855
716551,0.08973492135946716,0.0030038,5.2953943229430305
717551,0.08973492135946716,0.0030051999999999995,5.344617012257833
718551,0.08973492135946716,0.0030066,5.394070584583263
719551,0.08973492135946716,0.003008,5.4437550019421135
720551,0.08973492135946716,0.0030094,5.493670224872719
721551,0.08973492135946716,0.0030108,5.543816212429709
722551,0.08973492135946716,0.0030122,5.594192922184559
723551,0.08973492135946716,0.0030136,5.644800310226346
724551,0.08973492135946716,0.003015,5.695638331162433
725551,0.08973492135946716,0.0030164,5.746706938119328
726551,0.08973492135946716,0.0030178,5.798006082743392
727551,0.08973492135946716,0.0030192,5.84953571520162
728551,0.08973492135946716,0.0030206,5.901295784182546
729551,0.08973492135946716,0.003022,5.953286236897018
730551,0.08973492135946716,0.0030234,6.005507019079138
731551,0.08973492135946716,0.0030248,6.057958074987141
732551,0.08973492135946716,0.0030262,6.110639347404277
733551,0.08973492135946716,0.0030276,6.163550777639934
734551,0.08973492135946716,0.003029,6.216692305530243
735551,0.08973492135946716,0.0030304,6.270063869439552
736551,0.08973492135946716,0.0030318,6.323665406261062
737551,0.08973492135946716,0.0030332,6.377496851418128
738551,0.08973492135946716,0.0030346,6.4315581388651655
739551,0.08973492135946716,0.003036,6.485849201088724
740551,0.08973492135946716,0.0030374,6.540369969108854
741551,0.08973492135946716,0.0030388,6.595120372479945
742551,0.08973492135946716,0.0030402,6.650100339292065
743551,0.08973492135946716,0.0030416,6.705309796172129
744551,0.08973492135946716,0.003043,6.760748668285045
745551,0.08973492135946716,0.0030444,6.816416879335007
746551,0.08973492135946716,0.0030457999999999995,6.872314351566727
747551,0.08973492135946716,0.0030472,6.928441005766798
748551,0.08973492135946716,0.0030486,6.984796761264812
749551,0.08973492135946716,0.00305,7.041381535934866
750551,0.08973492135946716,0.0030514,7.09819524619696
751551,0.08973492135946716,0.0030528,7.155237807018034
752551,0.08973492135946716,0.0030542,7.212509131913789
753551,0.08973492135946716,0.0030556,7.270009132949847
754551,0.08973492135946716,0.003057,7.327737720743302
755551,0.08973492135946716,0.0030584,7.3856948044640784
756551,0.08973492135946716,0.0030598,7.443880291836541
757551,0.08973492135946716,0.0030612,7.502294089141023
758551,0.08973492135946716,0.0030625999999999995,7.560936101215079
759551,0.08973492135946716,0.003064,7.619806231455522
760551,0.08973492135946716,0.0030654,7.67890438181959
761551,0.08973492135946716,0.0030668,7.7382304528267145
762551,0.08973492135946716,0.0030682,7.797784343560155
763551,0.08973492135946716,0.0030696,7.857565951668581
764551,0.08973492135946716,0.003071,7.91757517336786
765551,0.08973492135946716,0.0030724,7.977811903442605
766551,0.08973492135946716,0.0030738,8.038276035247895
767551,0.08973492135946716,0.0030752,8.098967460711256
768551,0.08973492135946716,0.0030766,8.159886070334059
769551,0.08973492135946716,0.003078,8.221031753193566
770551,0.08973492135946716,0.0030794,8.282404396944544
771551,0.08973492135946716,0.0030808,8.34400388782129
772551,0.08973492135946716,0.0030822,8.405830110639359
773551,0.08973492135946716,0.0030836,8.467882948797316
774551,0.08973492135946716,0.003085,8.530162284278957
775551,0.08973492135946716,0.0030864,8.59266799765478
776551,0.08973492135946716,0.0030878,8.655399968084454
777551,0.08973492135946716,0.0030892,8.718358073318084
778551,0.08973492135946716,0.0030906,8.781542189698902
779551,0.08973492135946716,0.003092,8.84495219216476
780551,0.08973492135946716,0.0030934,8.908587954250295
781551,0.08973492135946716,0.0030948,8.972449348089173
782551,0.08973492135946716,0.0030962,9.036536244415737
783551,0.08973492135946716,0.0030976,9.100848512567472
784551,0.08973492135946716,0.003099,9.16538602048688
785551,0.08973492135946716,0.0031004,9.230148634723763
786551,0.08973492135946716,0.0031018,9.295136220437106
787551,0.08973492135946716,0.0031031999999999995,9.360348641397474
788551,0.08973492135946716,0.0031046,9.425785759989227
789551,0.08973492135946716,0.003106,9.491447437212537
790551,0.08973492135946716,0.0031074,9.557333532685687
791551,0.08973492135946716,0.0031088,9.623443904647422
792551,0.08973492135946716,0.0031102,9.689778409959002
793551,0.08973492135946716,0.0031116,9.756336904106726
794551,0.08973492135946716,0.003113,9.823119241204063
795551,0.08973492135946716,0.0031144,9.890125273994029
796551,0.08973492135946716,0.0031158,9.957354853851557
797551,0.08973492135946716,0.0031172,10.02480783078588
798551,0.08973492135946716,0.0031186,10.09248405344284
799551,0.08973492135946716,0.0031199999999999995,10.160383369107338
800551,0.08973492135946716,0.0031214,10.22850562370588
801551,0.08973492135946716,0.0031228,10.296850661808717
802551,0.08973492135946716,0.0031242,10.365418326632566
803551,0.08973492135946716,0.0031256,10.434208460043147
804551,0.08973492135946716,0.003127,10.503220902557326
805551,0.08973492135946716,0.0031284,10.572455493346125
806551,0.08973492135946716,0.0031298,10.64191207023684
807551,0.08973492135946716,0.0031312,10.711590469715903
808551,0.08973492135946716,0.0031326,10.781490526931224
809551,0.08973492135946716,0.003134,10.851612075694936
810551,0.08973492135946716,0.0031354,10.921954948486098
811551,0.08973492135946716,0.0031368,10.992518976453018
812551,0.08973492135946716,0.0031382,11.0633039894163
813551,0.08973492135946716,0.0031396,11.134309815871179
814551,0.08973492135946716,0.003141,11.205536282990513
815551,0.08973492135946716,0.0031424,11.2769832166272
816551,0.08973492135946716,0.0031437999999999995,11.348650441317046
817551,0.08973492135946716,0.0031452,11.420537780281725
818551,0.08973492135946716,0.0031466,11.49264505543111
819551,0.08973492135946716,0.003148,11.564972087366394
820551,0.08973492135946716,0.0031494,11.637518695382814
821551,0.08973492135946716,0.0031508,11.710284697472416
822551,0.08973492135946716,0.0031522,11.783269910326927
823551,0.08973492135946716,0.0031536,11.856474149340668
824551,0.08973492135946716,0.003155,11.929897228613216
825551,0.08973492135946716,0.0031564,12.003538960952708
826551,0.08973492135946716,0.0031578,12.077399157878235
827551,0.08973492135946716,0.0031592,12.151477629623281
828551,0.08973492135946716,0.0031605999999999995,12.22577418513818
829551,0.08973492135946716,0.003162,12.300288632093599
830551,0.08973492135946716,0.0031634,12.375020776882932
831551,0.08973492135946716,0.0031648,12.44997042462588
832551,0.08973492135946716,0.0031662,12.525137379171072
833551,0.08973492135946716,0.0031676,12.600521443099163
834551,0.08973492135946716,0.003169,12.676122417726079
835551,0.08973492135946716,0.0031704,12.751940103105829
836551,0.08973492135946716,0.0031718,12.827974298033768
837551,0.08973492135946716,0.0031732,12.904224800049564
838551,0.08973492135946716,0.0031746,12.980691405440522
839551,0.08973492135946716,0.003176,13.057373909244378
840551,0.08973492135946716,0.0031773999999999995,13.134272105252757
841551,0.08973492135946716,0.0031788,13.211385786014224
842551,0.08973492135946716,0.0031802,13.288714742837465
843551,0.08973492135946716,0.0031816,13.366258765794404
844551,0.08973492135946716,0.003183,13.444017643723667
845551,0.08973492135946716,0.0031844,13.521991164233457
846551,0.08973492135946716,0.0031858,13.600179113705165
847551,0.08973492135946716,0.0031872,13.678581277296344
848551,0.08973492135946716,0.0031886,13.757197438944003
849551,0.08973492135946716,0.00319,13.836027381368313
850551,0.08973492135946716,0.0031914,13.91507088607524
851551,0.08973492135946716,0.0031928,13.994327733360484
852551,0.08973492135946716,0.0031942,14.073797702312424
853551,0.08973492135946716,0.0031956,14.153480570815647
854551,0.08973492135946716,0.003197,14.233376115554249
855551,0.08973492135946716,0.0031984,14.313484112015344
856551,0.08973492135946716,0.0031998,14.393804334492307
857551,0.08973492135946716,0.0032011999999999995,14.474336556088192
858551,0.08973492135946716,0.0032026,14.555080548719404
859551,0.08973492135946716,0.003204,14.636036083118787
860551,0.08973492135946716,0.0032054,14.717202928839386
861551,0.08973492135946716,0.0032068,14.798580854257724
862551,0.08973492135946716,0.0032082,14.880169626577404
863551,0.08973492135946716,0.0032096,14.961969011832567
864551,0.08973492135946716,0.003211,15.043978774891377
865551,0.08973492135946716,0.0032124,15.126198679459717
866551,0.08973492135946716,0.0032138,15.208628488084427
867551,0.08973492135946716,0.0032152,15.291267962157155
868551,0.08973492135946716,0.0032166,15.374116861917896
869551,0.08973492135946716,0.0032179999999999995,15.457174946458304
870551,0.08973492135946716,0.0032194,15.540441973725754
871551,0.08973492135946716,0.0032208,15.623917700526468
872551,0.08973492135946716,0.0032222,15.707601882529508
873551,0.08973492135946716,0.0032236,15.791494274270297
874551,0.08973492135946716,0.003225,15.875594629154156
875551,0.08973492135946716,0.0032264,15.959902699460256
876551,0.08973492135946716,0.0032278,16.04441823634498
877551,0.08973492135946716,0.0032292,16.129140989845787
878551,0.08973492135946716,0.0032306,16.21407070888504
879551,0.08973492135946716,0.003232,16.299207141273385
880551,0.08973492135946716,0.0032334,16.384550033713914
881551,0.08973492135946716,0.0032347999999999995,16.47009913180542
882551,0.08973492135946716,0.0032362,16.555854180046715
883551,0.08973492135946716,0.0032376,16.64181492183986
884551,0.08973492135946716,0.003239,16.72798109949447
885551,0.08973492135946716,0.0032404,16.814352454231027
886551,0.08973492135946716,0.0032417999999999995,16.900928726184922
887551,0.08973492135946716,0.0032432,16.987709654410523
888551,0.08973492135946716,0.0032446,17.074694976884402
889551,0.08973492135946716,0.003246,17.1618844305098
890551,0.08973492135946716,0.0032474,17.24927775112007
891551,0.08973492135946716,0.0032488,17.336874673482725
892551,0.08973492135946716,0.0032502,17.424674931303414
893551,0.08973492135946716,0.0032516,17.51267825722948
894551,0.08973492135946716,0.003253,17.60088438285424
895551,0.08973492135946716,0.0032544,17.68929303872072
896551,0.08973492135946716,0.0032558,17.777903954325524
897551,0.08973492135946716,0.0032572,17.86671685812302
898551,0.08973492135946716,0.0032585999999999995,17.95573147752887
899551,0.08973492135946716,0.00326,18.044947538924518
900551,0.08973492135946716,0.0032614,18.1343647676608
901551,0.08973492135946716,0.0032628,18.223982888061876
902551,0.08973492135946716,0.0032642,18.313801623429597
903551,0.08973492135946716,0.0032656,18.403820696047084
904551,0.08973492135946716,0.003267,18.494039827183236
905551,0.08973492135946716,0.0032684,18.584458737095993
906551,0.08973492135946716,0.0032698,18.675077145037335
907551,0.08973492135946716,0.0032712,18.76589476925654
908551,0.08973492135946716,0.0032726,18.856911327004717
909551,0.08973492135946716,0.003274,18.94812653453856
910551,0.08973492135946716,0.0032753999999999995,19.03954010712458
911551,0.08973492135946716,0.0032768,19.131151759043384
912551,0.08973492135946716,0.0032782,19.2229612035932
913551,0.08973492135946716,0.0032796,19.314968153094803
914551,0.08973492135946716,0.003281,19.4071723188948
915551,0.08973492135946716,0.0032824,19.49957341137027
916551,0.08973492135946716,0.0032838,19.59217113993291
917551,0.08973492135946716,0.0032852,19.684965213032847
918551,0.08973492135946716,0.0032866,19.777955338163082
919551,0.08973492135946716,0.003288,19.871141221863617
920551,0.08973492135946716,0.0032894,19.96452256972544
921551,0.08973492135946716,0.0032908,20.058099086394932
922551,0.08973492135946716,0.0032921999999999995,20.151870475577944
923551,0.08973492135946716,0.0032936,20.245836440044116
924551,0.08973492135946716,0.003295,20.339996681630886
925551,0.08973492135946716,0.0032964,20.43435090124774
926551,0.08973492135946716,0.0032978,20.528898798880817
927551,0.08973492135946716,0.0032991999999999995,20.62364007359644
928551,0.08973492135946716,0.0033006,20.718574423546166
929551,0.08973492135946716,0.003302,20.813701545970382
930551,0.08973492135946716,0.0033034,20.909021137202842
931551,0.08973492135946716,0.0033048,21.004532892674995
932551,0.08973492135946716,0.0033062,21.100236506920098
933551,0.08973492135946716,0.0033076,21.196131673577703
934551,0.08973492135946716,0.003309,21.29221808539765
935551,0.08973492135946716,0.0033104,21.388495434244717
936551,0.08973492135946716,0.0033118,21.484963411102676
937551,0.08973492135946716,0.0033132,21.58162170607872
938551,0.08973492135946716,0.0033146,21.678470008407665
939551,0.08973492135946716,0.0033159999999999995,21.77550800645644
940551,0.08973492135946716,0.0033174,21.872735387728397
941551,0.08973492135946716,0.0033188,21.970151838867444
942551,0.08973492135946716,0.0033202,22.067757045662816
943551,0.08973492135946716,0.0033216,22.16555069305295
944551,0.08973492135946716,0.003323,22.263532465130154
945551,0.08973492135946716,0.0033244,22.361702045145
946551,0.08973492135946716,0.0033258,22.460059115510454
947551,0.08973492135946716,0.0033272,22.55860335780647
948551,0.08973492135946716,0.0033286,22.657334452784454
949551,0.08973492135946716,0.00333,22.756252080371247
950551,0.08973492135946716,0.0033314,22.855355919674196
951551,0.08973492135946716,0.0033327999999999995,22.95464564898483
952551,0.08973492135946716,0.0033342,23.05412094578388
953551,0.08973492135946716,0.0033356,23.15378148674531
954551,0.08973492135946716,0.003337,23.25362694774099
955551,0.08973492135946716,0.0033384,23.353657003844916
956551,0.08973492135946716,0.0033397999999999995,23.45387132933778
957551,0.08973492135946716,0.0033412,23.55426959771166
958551,0.08973492135946716,0.0033426,23.654851481673823
959551,0.08973492135946716,0.003344,23.755616653151847
960551,0.08973492135946716,0.0033454,23.856564783297607
961551,0.08973492135946716,0.0033468,23.957695542492175
962551,0.08973492135946716,0.0033482,24.05900860034984
963551,0.08973492135946716,0.0033495999999999995,24.160503625722917
964551,0.08973492135946716,0.003351,24.262180286706126
965551,0.08973492135946716,0.0033524,24.364038250641094
966551,0.08973492135946716,0.0033538,24.466077184120834
967551,0.08973492135946716,0.0033552,24.568296752993994
968551,0.08973492135946716,0.0033565999999999995,24.67069662236993
969551,0.08973492135946716,0.003358,24.77327645662274
970551,0.08973492135946716,0.0033594,24.87603591939594
971551,0.08973492135946716,0.0033608,24.97897467360685
972551,0.08973492135946716,0.0033622,25.08209238145144
973551,0.08973492135946716,0.0033636,25.185388704408382
974551,0.08973492135946716,0.003365,25.288863303244064
975551,0.08973492135946716,0.0033664,25.39251583801674
976551,0.08973492135946716,0.0033678,25.496345968081208
977551,0.08973492135946716,0.0033692,25.60035335209345
978551,0.08973492135946716,0.0033706,25.704537648015013
979551,0.08973492135946716,0.003372,25.808898513117725
980551,0.08973492135946716,0.0033733999999999995,25.91343560398777
981551,0.08973492135946716,0.0033748,26.018148576531303
982551,0.08973492135946716,0.0033762,26.123037085977522
983551,0.08973492135946716,0.0033776,26.228100786884667
984551,0.08973492135946716,0.003379,26.333339333143535
985551,0.08973492135946716,0.0033804,26.438752377982674
986551,0.08973492135946716,0.0033818,26.54433957397267
987551,0.08973492135946716,0.0033832,26.650100573030628
988551,0.08973492135946716,0.0033846,26.756035026425174
989551,0.08973492135946716,0.003386,26.862142584780464
990551,0.08973492135946716,0.0033874,26.968422898081364
991551,0.08973492135946716,0.0033888,27.074875615677406
992551,0.08973492135946716,0.0033901999999999995,27.181500386287894
993551,0.08973492135946716,0.0033916,27.28829685800629
994551,0.08973492135946716,0.003393,27.395264678304635
995551,0.08973492135946716,0.0033944,27.502403494038447
996551,0.08973492135946716,0.0033958,27.60971295145113
997551,0.08973492135946716,0.0033971999999999995,27.717192696178635
998551,0.08973492135946716,0.0033986,27.824842373254064
999551,0.08973492135946716,0.0034,27.93266162711211
